aa	ɑː	38
aada	ɑː d ɑ	2
aadolf	ɑː d o l f	3
aake	ɑː k e	4
aakkonen	ɑː kː o n e n	0
aakkosellinen	ɑː kː o s e lː i n e n	22
aakkosellisuuden	ɑː kː o s e lː i s uː d e n	1
aakkosen	ɑː kː o s e n	0
aakkoset	ɑː kː o s e t	22
aakkosjärjestys	ɑː kː o s j æ r j e s t y s	2
aakkoslukko	ɑː kː o s l u kː o	0
aakkosnimi	ɑː kː o s n i m i	0
aakkosta	ɑː kː o s t ɑ	1
aakkosta	ɑː kː o s t ɑˣ	1
aakkostaa	ɑː kː o s t ɑːˣ	0
aakkoston	ɑː kː o s t o n	1
aakkostuksen	ɑː kː o s t u k s e n	0
aalloittaisuuden	ɑː lː o i̯ tː ɑ i̯ s uː d e n	0
aallokas	ɑː lː o k ɑ s	0
aallokkoinen	ɑː lː o kː o i̯ n e n	0
aallonmurtaja	ɑː lː o n m u r t ɑ j ɑ	1
aallot	ɑː lː o t	39
aallota	ɑː lː o t ɑˣ	0
aallotar	ɑː lː o t ɑ r	0
aallottaa	ɑː lː o tː ɑːˣ	0
aallotuskartonki	ɑː lː o t u s k ɑ r t o ŋ k i	0
aaloe	ɑː l o e	0
aalto	ɑː l t o	228
aaltoa	ɑː l t o ɑ	17
aaltoa	ɑː l t o ɑˣ	17
aaltoaminen	ɑː l t o ɑ m i n e n	0
aaltoileminen	ɑː l t o i̯ l e m i n e n	0
aaltoileva	ɑː l t o i̯ l e ʋ ɑ	1
aaltoilla	ɑː l t o i̯ lː ɑˣ	0
aaltoillen	ɑː l t o i̯ lː e n	1
aaltoimpedanssi	ɑː l t o i m p e d ɑ n sː i	0
aaltonauha	ɑː l t o n ɑ u̯ h ɑ	0
aaltopaketti	ɑː l t o p ɑ k e tː i	0
aaltoryhmä	ɑː l t o r y h m æ	0
aaltosulku	ɑː l t o s u l k u	0
aaltoviiva	ɑː l t o ʋ iː ʋ ɑ	1
aaltovoima	ɑː l t o ʋ o i̯ m ɑ	0
aami	ɑː m i	0
aamiainen	ɑː m i ɑ i̯ n e n	66
aamiaismajoitus	ɑː m i ɑ i̯ s m ɑ j o i̯ t u s	1
aamiaistaa	ɑː m i ɑ i̯ s t ɑːˣ	0
aamu	ɑː m u	121
aamuhämärä	ɑː m u h æ m æ r æ	2
aamukaksi	ɑː m u k ɑ k s i	0
aamukaksitoista	ɑː m u k ɑ k s i t o i̯ s t ɑ	0
aamukolme	ɑː m u k o l m e	0
aamukuusi	ɑː m u k uː s i	0
aamukymmenen	ɑː m u k y mː e n e n	0
aamulepakko	ɑː m u l e p ɑ kː o	0
aamuneljä	ɑː m u n e l j æ	0
aamupala	ɑː m u p ɑ l ɑ	39
aamupesu	ɑː m u p e s u	0
aamupäivä	ɑː m u p æ i̯ ʋ æ	18
aamuseitsemän	ɑː m u s e i̯ t s e m æ n	0
aamutee	ɑː m u t eː	1
aamutyö	ɑː m u t y ø̯	1
aamutähti	ɑː m u t æ h t i	1
aamuviisi	ɑː m u ʋ iː s i	0
aamuvuoro	ɑː m u ʋ u o̯ r o	2
aamuyhdeksän	ɑː m u y h d e k s æ n	0
aamuyksi	ɑː m u y k s i	0
aamuyksitoista	ɑː m u y k s i t o i̯ s t ɑ	0
aamuyö	ɑː m u y ø	4
aapasara	ɑː p ɑ s ɑ r ɑ	0
aapasuo	ɑː p ɑ s u o̯	0
aapeli	ɑː p e l i	10
aapinen	ɑː p i n e n	5
aapo	ɑː p o	41
aappo	ɑː pː o	5
aaretti	ɑː r e tː i	1
aari	ɑː r i	1
aaria	ɑː r i ɑ	6
aarne	ɑː r n e	76
aarni	ɑː r n i	5
aarnialue	ɑː r n i ɑ l u eˣ	1
aarnikotka	ɑː r n i k o t k ɑ	0
aarniometsä	ɑː r n i o m e t s æ	4
aarno	ɑː r n o	43
aaro	ɑː r o	39
aaron	ɑː r o n	14
aaroninsauva	ɑː r o n i n s ɑ u̯ ʋ ɑ	0
aarre	ɑː rː eˣ	73
aarrearkku	ɑː rː eˣ ɑ r kː u	6
aarrelöytö	ɑː rː eˣ l ø y̯ t ø	0
aarresaari	ɑː rː eˣ s ɑː r i	1
aasa	ɑː s ɑ	2
aasainuskoinen	ɑː s ɑ i̯ n u s k o i̯ n e n	0
aasi	ɑː s i	8
aasia	ɑː s i ɑ	14
aasitamma	ɑː s i t ɑ mː ɑ	0
aatami	ɑː t ɑ m i	16
aate	ɑː t eˣ	24
aateli	ɑː t e l i	4
aatelinen	ɑː t e l i n e n	2
aatelismies	ɑː t e l i s m i e̯ s	3
aatelisnainen	ɑː t e l i s n ɑ i̯ n e n	0
aateloida	ɑː t e l o i̯ d ɑˣ	0
aateloiminen	ɑː t e l o i̯ m i n e n	0
aatelointi	ɑː t e l o i̯ n t i	0
aato	ɑː t o	0
aatos	ɑː t o s	14
aatra	ɑː t r ɑ	0
aatto	ɑː tː o	12
aava	ɑː ʋ ɑ	5
aave	ɑː ʋ eˣ	5
aavikko	ɑː ʋ i kː o	0
aavikkokenguru	ɑː ʋ i kː o k e ŋː u r u	0
aavikkolokki	ɑː ʋ i kː o l o kː i	0
aavikkopöllö	ɑː ʋ i kː o p ø lː ø	0
aavikoituakseen	ɑː ʋ i k o i̯ t u ɑ k s eː n	0
aavikoituminen	ɑː ʋ i k o i̯ t u m i n e n	11
aavistaa	ɑː ʋ i s t ɑːˣ	25
aavistaminen	ɑː ʋ i s t ɑ m i n e n	1
aavisteleminen	ɑː ʋ i s t e l e m i n e n	0
aavistus	ɑː ʋ i s t u s	24
abakus	ɑ b ɑ k u s	1
abbreviaatio	ɑ bː r e ʋ i ɑː t i o	0
aberraatio	ɑ b e rː ɑː t i o	0
abessiivi	ɑ b e sː iː ʋ i	0
abi	ɑ b i	3
ablatiivi	ɑ b l ɑ t iː ʋ i	0
ablaut	ɑ b l ɑ u t	0
abnormi	ɑ b n o r m i	0
abortoida	ɑ b o r t o i̯ d ɑˣ	1
abortti	ɑ b o r tː i	11
abrakadabra	ɑ b r ɑ k ɑ d ɑ b r ɑ	0
absintti	ɑ b s i n tː i	0
absoluutti	ɑ b s o l uː tː i	2
absorboida	ɑ b s o r b o i̯ d ɑˣ	0
absorboiminen	ɑ b s o r b o i̯ m i n e n	0
absorboitua	ɑ b s o r b o i̯ t u ɑˣ	0
absorboituakseen	ɑ b s o r b o i̯ t u ɑ k s eː n	0
absorboituminen	ɑ b s o r b o i̯ t u m i n e n	0
absorptio	ɑ b s o r p t i o	5
absorptiokyky	ɑ b s o r p t i o k y k y	0
absorptioviiva	ɑ b s o r p t i o ʋ iː ʋ ɑ	0
abstrahoida	ɑ b s t r ɑ h o i̯ d ɑˣ	0
abstrahoiminen	ɑ b s t r ɑ h o i̯ m i n e n	0
abstrahoituminen	ɑ b s t r ɑ h o i̯ t u m i n e n	0
abstraktio	ɑ b s t r ɑ k t i o	3
abstraktistaminen	ɑ b s t r ɑ k t i s t ɑ m i n e n	0
abstraktistuminen	ɑ b s t r ɑ k t i s t u m i n e n	0
abstraktoida	ɑ b s t r ɑ k t o i̯ d ɑˣ	0
adamantiini	ɑ d ɑ m ɑ n t iː n i	0
adamiitti	ɑ d ɑ m iː tː i	0
adapteri	ɑ d ɑ p t e r i	10
adapterit	ɑ d ɑ p t e r i t	1
adaptoida	ɑ d ɑ p t o i̯ d ɑˣ	0
adaptoiminen	ɑ d ɑ p t o i̯ m i n e n	0
adaptoitua	ɑ d ɑ p t o i̯ t u ɑ	0
adaptoitua	ɑ d ɑ p t o i̯ t u ɑˣ	0
addiktio	ɑ dː i k t i o	8
additioreaktio	ɑ dː i t i o r e ɑ k t i o	0
addressi	ɑ dː r e sː i	1
adessiivi	ɑ d e sː iː ʋ i	0
adiabaatti	ɑ d i ɑ b ɑː tː i	0
adjektiivi	ɑ d j e k t iː ʋ i	10
adjungaatti	ɑ d j u ŋː ɑː tː i	0
adoptio	ɑ d o p t i o	7
adoptoida	ɑ d o p t o i̯ d ɑˣ	5
adoptoiminen	ɑ d o p t o i̯ m i n e n	1
adoptointi	ɑ d o p t o i̯ n t i	1
adpositio	ɑ d p o s i t i o	0
adrenaliini	ɑ d r e n ɑ l iː n i	7
adressi	ɑ d r e sː i	13
adressia	ɑ d r e sː i ɑ	5
adsorboiminen	ɑ d s o r b o i̯ m i n e n	0
adsorboituminen	ɑ d s o r b o i̯ t u m i n e n	0
adsukipapu	ɑ d s u k i p ɑ p u	0
adventti	ɑ d ʋ e n tː i	7
adventtikalenteri	ɑ d ʋ e n tː i k ɑ l e n t e r i	0
adverbi	ɑ d ʋ e r b i	2
adverbiaali	ɑ d ʋ e r b i ɑː l i	2
adverbilauseke	ɑ d ʋ e r b i l ɑ u̯ s e k eˣ	0
aedeagus	ɑ e d e ɑː ɡ u s	0
aerobic	ɑ e r o b i kː i	23
aerobikata	ɑ e r o b i k ɑ t ɑˣ	0
aerologia	ɑ e r o l o ɡ i ɑ	0
aerometri	ɑ e r o m e t r i	0
aerometria	ɑ e r o m e t r i ɑ	0
aeronomi	ɑ e r o n o m i	0
aeronomia	ɑ e r o n o m i ɑ	0
aerosoli	ɑ e r o s o l i	4
affiliaatio	ɑ fː i l i ɑː t i o	0
afrikkalainen	ɑ f r i kː ɑ l ɑ i̯ n e n	13
agalmatoliitti	ɑ ɡ ɑ l m ɑ t o l iː tː i	0
agglutinoida	ɑ ɡː l u t i n o i̯ d ɑˣ	0
aggregaatio	ɑ ɡː r e ɡ ɑː t i o	0
aggressiivinen	ɑ ɡː r e sː iː ʋ i n e n	22
aggressiivisuus	ɑ ɡ r e sː iː ʋ i s uː s	14
aggressiivisuus	ɑ ɡː r e sː iː ʋ i s uː s	14
agility	ɑ ɡ i l i t y	8
agitoida	ɑ ɡ i t o i̯ d ɑˣ	0
agitoiminen	ɑ ɡ i t o i̯ m i n e n	0
agnostikko	ɑ ɡ n o s t i kː o	1
agnostinen	ɑ ɡ n o s t i n e n	0
agogiikka	ɑ ɡ o ɡ iː kː ɑ	0
agogo	ɑ ɡ o ɡ o	0
agonaalinen	ɑ ɡ o n ɑː l i n e n	0
agonisti	ɑ ɡ o n i s t i	2
agorafobia	ɑ ɡ o r ɑ f o b i ɑ	1
ah	ɑ h	28
aha	ɑ h ɑ ʔ	5
ahaa	ɑ h ɑː	14
ahava	ɑ h ɑ ʋ ɑ	10
ahavoittaa	ɑ h ɑ ʋ o i̯ tː ɑːˣ	0
ahavoittaminen	ɑ h ɑ ʋ o i̯ tː ɑ m i n e n	0
ahavoitua	ɑ h ɑ ʋ o i̯ t u ɑˣ	0
ahavoituminen	ɑ h ɑ ʋ o i̯ t u m i n e n	0
ahdas	ɑ h d ɑ s	42
ahdata	ɑ h d ɑ t ɑˣ	0
ahdin	ɑ h d i n	15
ahdistaa	ɑ h d i s t ɑːˣ	23
ahdistaminen	ɑ h d i s t ɑ m i n e n	1
ahdisteleminen	ɑ h d i s t e l e m i n e n	0
ahdistelu	ɑ h d i s t e l u	6
ahdistua	ɑ h d i s t u ɑˣ	3
ahdistuminen	ɑ h d i s t u m i n e n	0
ahdistushäiriö	ɑ h d i s t u s h æ i̯ r i ø	0
ahertaa	ɑ h e r t ɑːˣ	8
ahertaminen	ɑ h e r t ɑ m i n e n	0
ahjo	ɑ h j o	6
ahjohiili	ɑ h j o h iː l i	0
ahkera	ɑ h k e r ɑ	37
ahkeroida	ɑ h k e r o i̯ d ɑˣ	1
ahkeroiminen	ɑ h k e r o i̯ m i n e n	0
ahkeroitseminen	ɑ h k e r o i̯ t s e m i n e n	0
ahma	ɑ h m ɑ	17
ahmaiseminen	ɑ h m ɑ i̯ s e m i n e n	0
ahmaista	ɑ h m ɑ i̯ s t ɑˣ	1
ahmia	ɑ h m i ɑˣ	0
ahmimishäiriö	ɑ h m i m i s h æ i̯ r i ø	0
ahmintahäiriö	ɑ h m i n t ɑ h æ i̯ r i ø	0
ahnasta	ɑ h n ɑ s t ɑ	0
ahne	ɑ h n eˣ	10
ahnehtia	ɑ h n e h t i ɑˣ	4
ahnehtiminen	ɑ h n e h t i m i n e n	1
ahneus	ɑ h n e u s	13
aho	ɑ h o	146
ahola	ɑ h o l ɑ	98
aholainen	ɑ h o l ɑ i̯ n e n	12
aholeinikki	ɑ h o l e i̯ n i kː i	0
ahomansikka	ɑ h o m ɑ n s i kː ɑ	3
ahosuolaheinä	ɑ h o s u o̯ l ɑ h e i̯ n æ	0
ahtaa	ɑ h t ɑːˣ	7
ahtaanpaikankammo	ɑ h t ɑː n p ɑ i̯ k ɑ n k ɑ mː o	1
ahtaminen	ɑ h t ɑ m i n e n	2
ahtaneeksi	ɑ h t ɑ n eː k s i	0
ahtaneella	ɑ h t ɑ n eː lː ɑ	0
ahtaneelle	ɑ h t ɑ n eː lː eˣ	0
ahtaneelta	ɑ h t ɑ n eː l t ɑ	0
ahtaneen	ɑ h t ɑ n eː n	0
ahtaneena	ɑ h t ɑ n eː n ɑ	0
ahtaneeseen	ɑ h t ɑ n eː s eː n	0
ahtaneessa	ɑ h t ɑ n eː sː ɑ	0
ahtaneesta	ɑ h t ɑ n eː s t ɑ	0
ahtaneetta	ɑ h t ɑ n eː tː ɑ	0
ahtanutta	ɑ h t ɑ n u tː ɑ	0
ahtauttaa	ɑ h t ɑ u tː ɑːˣ	4
ahtauttaminen	ɑ h t ɑ u tː ɑ m i n e n	0
ahtautua	ɑ h t ɑ u t u ɑˣ	2
ahtautuminen	ɑ h t ɑ u t u m i n e n	2
ahtera	ɑ h t e r ɑ	0
ahti	ɑ h t i	112
ahto	ɑ h t o	4
ahtoutuminen	ɑ h t o u t u m i n e n	0
ahven	ɑ h ʋ e n	42
ahvenanmaa	ɑ h ʋ e n ɑ n m ɑː	33
ahvenanmaanlammas	ɑ h ʋ e n ɑ n m ɑː n l ɑ mː ɑ s	0
ahvenanmeri	ɑ h ʋ e n ɑ n m e r i	3
ahvenmuhennos	ɑ h ʋ e n m u h e nː o s	0
ahvo	ɑ h ʋ o	6
ai	ɑ i̯	55
aiai	ɑ i̯ ɑ i̯	0
aidanteko	ɑ i̯ d ɑ n t e k o	0
aidas	ɑ i̯ d ɑ s	1
aidata	ɑ i̯ d ɑ t ɑˣ	7
aidoittaminen	ɑ i̯ d o i̯ tː ɑ m i n e n	0
aids	ɑ i̯ d s	39
aie	ɑ i̯ eˣ	1
aientaminen	ɑ i̯ e n t ɑ m i n e n	1
aihe	ɑ i̯ h eˣ	459
aiheellistaminen	ɑ i̯ h eː lː i s t ɑ m i n e n	0
aiheellistuminen	ɑ i̯ h eː lː i s t u m i n e n	0
aihekokonaisuus	ɑ i̯ h eˣ k o k o n ɑ i̯ s uː s	5
aihetodiste	ɑ i̯ h eˣ t o d i s t eˣ	0
aiheuttaa	ɑ i̯ h e u tː ɑːˣ	2065
aiheuttaminen	ɑ i̯ h e u tː ɑ m i n e n	1
aiheutua	ɑ i̯ h e u t u ɑˣ	100
aiheutuminen	ɑ i̯ h e u t u m i n e n	2
aihio	ɑ i̯ h i o	4
aija	ɑ i̯ j ɑ	34
aijai	ɑ i̯ j ɑ i̯	1
aika	ɑ i̯ k ɑ	3951
aikaansaada	ɑ i̯ k ɑː n s ɑː d ɑˣ	49
aikaansaaminen	ɑ i̯ k ɑː n s ɑː m i n e n	53
aikaansaavuus	ɑ i̯ k ɑː n s ɑː ʋ uː s	0
aikaerotteinen	ɑ i̯ k ɑ e r o tː e i̯ n e n	0
aikaikkuna	ɑ i̯ k ɑ i kː u n ɑ	0
aikaileminen	ɑ i̯ k ɑ i̯ l e m i n e n	0
aikailla	ɑ i̯ k ɑ i̯ lː ɑˣ	3
aikaillen	ɑ i̯ k ɑ i̯ lː e n	0
aikainen	ɑ i̯ k ɑ i̯ n e n	110
aikaisheteisyys	ɑ i̯ k ɑ i̯ s h e t e i̯ s yː s	0
aikaistaa	ɑ i̯ k ɑ i̯ s t ɑːˣ	13
aikaistaminen	ɑ i̯ k ɑ i̯ s t ɑ m i n e n	5
aikaistua	ɑ i̯ k ɑ i̯ s t u ɑˣ	1
aikaistuminen	ɑ i̯ k ɑ i̯ s t u m i n e n	1
aikajakso	ɑ i̯ k ɑ j ɑ k s o	3
aikakatkaista	ɑ i̯ k ɑ k ɑ t k ɑ i̯ s t ɑˣ	0
aikakatkaisu	ɑ i̯ k ɑ k ɑ t k ɑ i̯ s u	0
aikakauslehtipaperi	ɑ i̯ k ɑ k ɑ u̯ s l e h t i p ɑ p e r i	0
aikakoodi	ɑ i̯ k ɑ k oː d i	1
aikalaskelma	ɑ i̯ k ɑ l ɑ s k e l m ɑ	0
aikamatkaaja	ɑ i̯ k ɑ m ɑ t k ɑː j ɑ	0
aikamatkailu	ɑ i̯ k ɑ m ɑ t k ɑ i̯ l u	1
aikamoinen	ɑ i̯ k ɑ m o i̯ n e n	46
aikana	ɑ i̯ k ɑ n ɑ	12908
aikanaan	ɑ i̯ k ɑ n ɑː n	642
aikaohjaus	ɑ i̯ k ɑ o h j ɑ u s	1
aikapallo	ɑ i̯ k ɑ p ɑ lː o	0
aikaraja	ɑ i̯ k ɑ r ɑ j ɑ	12
aikasakko	ɑ i̯ k ɑ s ɑ kː o	1
aikatauluttaa	ɑ i̯ k ɑ t ɑ u̯ l u tː ɑːˣ	5
aikatauluttaminen	ɑ i̯ k ɑ t ɑ u l u tː ɑ m i n e n	6
aikatyö	ɑ i̯ k ɑ t y ø̯	0
aikaväli	ɑ i̯ k ɑ ʋ æ l i	13
aikido	ɑ i̯ k i d o	7
aikoa	ɑ i̯ k o ɑˣ	1
aikoinaan	ɑ i̯ k o i̯ n ɑː n	426
aikominen	ɑ i̯ k o m i n e n	0
aikuistua	ɑ i̯ k u i̯ s t u ɑˣ	3
aikuistuminen	ɑ i̯ k u i̯ s t u m i n e n	5
aila	ɑ i̯ l ɑ	80
ailahdella	ɑ i̯ l ɑ h d e lː ɑˣ	0
ailahdellen	ɑ i̯ l ɑ h d e lː e n	0
ailahtaa	ɑ i̯ l ɑ h t ɑːˣ	0
ailahtaminen	ɑ i̯ l ɑ h t ɑ m i n e n	0
ailahteleminen	ɑ i̯ l ɑ h t e l e m i n e n	0
aili	ɑ i̯ l i	36
ailurofobia	ɑ i̯ l u r o f o b i ɑ	0
aimo	ɑ i̯ m o	144
aina	ɑ i̯ n ɑ	10045
aine	ɑ i̯ n eˣ	220
aineellistaminen	ɑ i̯ n eː lː i s t ɑ m i n e n	0
aineellistuminen	ɑ i̯ n eː lː i s t u m i n e n	0
aineenvaihdunta	ɑ i̯ n eː n ʋ ɑ i̯ h d u n t ɑ	30
aineet	ɑ i̯ n eː t	295
aineistotietokanta	ɑ i̯ n e i̯ s t o t i e̯ t o k ɑ n t ɑ	8
aineistuminen	ɑ i̯ n e i̯ s t u m i n e n	0
ainemäärä	ɑ i̯ n eˣ m æː r æ	1
aineoppi	ɑ i̯ n eˣ o pː i	0
aineryhmä	ɑ i̯ n eˣ r y h m æ	4
aines	ɑ i̯ n e s	38
aini	ɑ i̯ n i	9
ainikki	ɑ i̯ n i kː i	0
aino	ɑ i̯ n o	160
ainoa	ɑ i̯ n o ɑ	1494
ainokainen	ɑ i̯ n o k ɑ i̯ n e n	3
ainuntaa	ɑ i̯ n u n t ɑːˣ	0
ainut	ɑ i̯ n u t	104
aio	ɑ i̯ oˣ	88
aioli	ɑ i̯ o l i	0
aiolinen	ɑ i̯ o l i n e n	0
aira	ɑ i̯ r ɑ	35
airi	ɑ i̯ r i	51
airo	ɑ i̯ r o	8
airut	ɑ i̯ r u t	5
ais	ɑ i̯ s	4
aisa	ɑ i̯ s ɑ	4
aisaaminen	ɑ i̯ s ɑː m i n e n	0
aisakeinu	ɑ i̯ s ɑ k e i̯ n u	0
aisankannatin	ɑ i̯ s ɑ n k ɑ nː ɑ t i n	0
aistia	ɑ i̯ s t i ɑˣ	49
aistielämys	ɑ i̯ s t i e l æ m y s	1
aistiharha	ɑ i̯ s t i h ɑ r h ɑ	2
aistikas	ɑ i̯ s t i k ɑ s	2
aistin	ɑ i̯ s t i n	5
aita	ɑ i̯ t ɑ	62
aitaa	ɑ i̯ t ɑː	12
aitaa	ɑ i̯ t ɑːˣ	12
aitaaminen	ɑ i̯ t ɑː m i n e n	7
aitio	ɑ i̯ t i o	4
aito	ɑ i̯ t o	236
aitoakseen	ɑ i̯ t o ɑ k s eː n	0
aitolehti	ɑ i̯ t o l e h t i	0
aitomaksasammal	ɑ i̯ t o m ɑ k s ɑ s ɑ mː ɑ l	0
aitominen	ɑ i̯ t o m i n e n	0
aitosammal	ɑ i̯ t o s ɑ mː ɑ l	0
aitotumainen	ɑ i̯ t o t u m ɑ i̯ n e n	0
aitovirna	ɑ i̯ t o ʋ i r n ɑ	0
aitta	ɑ i̯ tː ɑ	32
aivan	ɑ i̯ ʋ ɑ n	4061
aivastava	ɑ i̯ ʋ ɑ s t ɑ ʋ ɑ	0
aivasteleminen	ɑ i̯ ʋ ɑ s t e l e m i n e n	0
aivastuttaminen	ɑ i̯ ʋ ɑ s t u tː ɑ m i n e n	0
aivojumppa	ɑ i̯ ʋ o j u m pː ɑ	1
aivokalvontulehdus	ɑ i̯ ʋ o k ɑ l ʋ o n t u l e h d u s	4
aivokirurgi	ɑ i̯ ʋ o k i r u r ɡ i	0
aivokuolema	ɑ i̯ ʋ o k u o̯ l e m ɑ	1
aivokuori	ɑ i̯ ʋ o k u o̯ r i	8
aivokurkiainen	ɑ i̯ ʋ o k u r k i ɑ i̯ n e n	1
aivokuume	ɑ i̯ ʋ o k uː m eˣ	0
aivokäyrä	ɑ i̯ ʋ o k æ y̯ r æ	0
aivolisäke	ɑ i̯ ʋ o l i s æ k eˣ	3
aivolohko	ɑ i̯ ʋ o l o h k o	0
aivolymfooma	ɑ i̯ ʋ o l y m f oː m ɑ	0
aivopestä	ɑ i̯ ʋ o p e s t æˣ	2
aivosähkökäyrä	ɑ i̯ ʋ o s æ h k ø k æ y̯ r æ	5
aivot	ɑ i̯ ʋ o t	91
aivotoiminta	ɑ i̯ ʋ o t o i̯ m i n t ɑ	3
aivotrusti	ɑ i̯ ʋ o t r u s t i	0
aivotyrä	ɑ i̯ ʋ o t y r æ	0
aivotärähdys	ɑ i̯ ʋ o t æ r æ h d y s	0
aivovamma	ɑ i̯ ʋ o ʋ ɑ mː ɑ	2
aivovaurio	ɑ i̯ ʋ o ʋ ɑ u̯ r i o	5
aivoverenkiertohäiriö	ɑ i̯ ʋ o ʋ e r e n k i e̯ r t o h æ i̯ r i ø	5
aja	ɑ j ɑˣ	77
ajaa	ɑ j ɑːˣ	624
ajaantuminen	ɑ j ɑː n t u m i n e n	0
ajallaan	ɑ j ɑ lː ɑː n	95
ajallinen	ɑ j ɑ lː i n e n	35
ajamaan	ɑ j ɑ m ɑː n	157
ajaminen	ɑ j ɑ m i n e n	64
ajanhetki	ɑ j ɑ n h e t k i	1
ajankohtaistaminen	ɑ j ɑ ŋ k o h t ɑ i̯ s t ɑ m i n e n	1
ajankohtaistuminen	ɑ j ɑ n k o h t ɑ i̯ s t u m i n e n	0
ajanlasku	ɑ j ɑ n l ɑ s k u	6
ajanmukaistuminen	ɑ j ɑ n m u k ɑ i̯ s t u m i n e n	0
ajantasaistaminen	ɑ j ɑ n t ɑ s ɑ i̯ s t ɑ m i n e n	7
ajanviete	ɑ j ɑ n ʋ i e̯ t eˣ	3
ajanvietematematiikka	ɑ j ɑ n ʋ i e̯ t eˣ m ɑ t e m ɑ t iː kː ɑ	0
ajastaminen	ɑ j ɑ s t ɑ m i n e n	0
ajatella	ɑ j ɑ t e lː ɑˣ	496
ajatellen	ɑ j ɑ t e lː e n	427
ajatollah	ɑ j ɑ t o lː ɑ h	1
ajattaja	ɑ j ɑ tː ɑ j ɑ	0
ajattaminen	ɑ j ɑ tː ɑ m i n e n	0
ajatteluttaminen	ɑ j ɑ tː e l u tː ɑ m i n e n	0
ajatuksekas	ɑ j ɑ t u k s e k ɑ s	0
ajatuskoe	ɑ j ɑ t u s k o eˣ	0
ajatusviiva	ɑ j ɑ t u s ʋ iː ʋ ɑ	0
ajautuminen	ɑ j ɑ u t u m i n e n	6
ajelehtia	ɑ j e l e h t i ɑˣ	6
ajelehtiminen	ɑ j e l e h t i m i n e n	0
ajeleminen	ɑ j e l e m i n e n	0
ajella	ɑ j e lː ɑˣ	24
ajeluttaminen	ɑ j e l u tː ɑ m i n e n	0
ajettuminen	ɑ j e tː u m i n e n	0
ajo	ɑ j o	105
ajoaikainen	ɑ j o ɑ i̯ k ɑ i̯ n e n	0
ajoeste	ɑ j o e s t eˣ	0
ajoittaa	ɑ j o i̯ tː ɑːˣ	49
ajoittaminen	ɑ j o i̯ tː ɑ m i n e n	3
ajoittuminen	ɑ j o i̯ tː u m i n e n	6
ajokaluseppä	ɑ j o k ɑ l u s e pː æ	0
ajokeppi	ɑ j o k e pː i	0
ajokoe	ɑ j o k o eˣ	1
ajokoirat	ɑ j o k o i̯ r ɑ t	1
ajokone	ɑ j o k o n eˣ	0
ajoluiska	ɑ j o l u i̯ s k ɑ	2
ajomies	ɑ j o m i e̯ s	0
ajonaikainen	ɑ j o n ɑ i̯ k ɑ i̯ n e n	2
ajoneuvotekniikka	ɑ j o n e u̯ ʋ o t e k n iː kː ɑ	0
ajopurje	ɑ j o p u r j eˣ	0
ajorata	ɑ j o r ɑ t ɑ	15
ajoreki	ɑ j o r e k i	0
ajosuorite	ɑ j o s u o̯ r i t eˣ	2
akaa	ɑ k ɑː	0
akaalainen	ɑ k ɑː l ɑ i̯ n e n	0
akaasia	ɑ k ɑː s i ɑ	0
akana	ɑ k ɑ n ɑ	0
akasia	ɑ k ɑː s i ɑ	0
aki	ɑ k i	170
akka	ɑ kː ɑ	22
akkadi	ɑ kː ɑ d i	0
akkaihminen	ɑ kː ɑ i h m i n e n	0
akkautua	ɑ kː ɑ u t u ɑˣ	0
akkautuminen	ɑ kː ɑ u t u m i n e n	0
akklimatisoiminen	ɑ kː l i m ɑ t i s o i̯ m i n e n	0
akklimatisoituminen	ɑ k k l i m ɑ t i s o i̯ t u m i n e n	0
akkreditoiminen	ɑ kː r e d i t o i̯ m i n e n	0
akkujännite	ɑ kː u j æ nː i t eˣ	2
akkukenno	ɑ kː u k e nː o	0
akkukone	ɑ kː u k o n eˣ	0
akkukonesetti	ɑ kː u k o n eˣ s e tː i	0
akkuna	ɑ kː u n ɑ	1
akkusatorinen	ɑ kː u s ɑ t o r i n e n	0
akkuvesi	ɑ kː u ʋ e s i	1
akkuvirta	ɑ kː u ʋ i r t ɑ	0
akne	ɑ k n e	15
akoittuminen	ɑ k o i̯ tː u m i n e n	0
akromatopsia	ɑ k r o m ɑ t o p s i ɑ	0
akryyli	ɑ k r yː l i	3
akryylikynsi	ɑ k r yː l i k y n s i	0
akseli	ɑ k s e l i	86
akselikiila	ɑ k s e l i k iː l ɑ	0
akselinlaskija	ɑ k s e l i n l ɑ s k i j ɑ	0
akselitaso	ɑ k s e l i t ɑ s o	0
akselivarmistin	ɑ k s e l i ʋ ɑ r m i s t i n	0
aksidenssi	ɑ k s i d e n sː i	1
aksioomajärjestelmä	ɑ k s i oː m ɑ j æ r j e s t e l m æ	0
aksis	ɑ k s i s	0
aksolotli	ɑ k s o l o t l i	2
aksoni	ɑ k s o n i	3
aksonometria	ɑ k s o n o m e t r i ɑ	1
aksonometrinen	ɑ k s o n o m e t r i n e n	0
aktiini	ɑ k t iː n i	0
aktiivat	ɑ k t iː ʋ ɑ t	1
aktiivi	ɑ k t iː ʋ i	20
aktiivihiilisuodatin	ɑ k t iː ʋ i h iː l i s u o̯ d ɑ t i n	5
aktiivinen	ɑ k t iː ʋ i n e n	501
aktiivistuminen	ɑ k t iː ʋ i s t u m i n e n	0
aktiivisuuskerroin	ɑ k t iː ʋ i s uː s k e rː o i̯ n	0
aktivaatio	ɑ k t i ʋ ɑː t i o	1
aktivaatiofunktio	ɑ k t i ʋ ɑː t i o f u ŋ k t i o	0
aktivaatiotietue	ɑ k t i ʋ ɑː t i o t i e̯ t u eˣ	0
aktivoida	ɑ k t i ʋ o i̯ d ɑˣ	90
aktivointienergia	ɑ k t i ʋ o i̯ n t i e n e r ɡ i ɑ	0
aktivointitietue	ɑ k t i ʋ o i̯ n t i t i e̯ t u eˣ	0
aktivoitua	ɑ k t i ʋ o i̯ t u ɑˣ	13
aktivoituminen	ɑ k t i ʋ o i̯ t u m i n e n	7
aktomyosiini	ɑ k t o m y o s iː n i	0
aktuaalistaminen	ɑ k t u ɑː l i s t ɑ m i n e n	0
aktuaalistuminen	ɑ k t u ɑː l i s t u m i n e n	0
aktualisoiminen	ɑ k t u ɑ l i s o i̯ m i n e n	0
aktualisoitua	ɑ k t u ɑ l i s o i̯ t u ɑˣ	0
aktualisoituminen	ɑ k t u ɑ l i s o i̯ t u m i n e n	1
aku	ɑ k u	76
akvarelli	ɑ k ʋ ɑ r e lː i	5
ala	ɑ l ɑ	322
ala	ɑ l ɑˣ	322
alabama	ɑ l ɑ b ɑ m ɑ	1
alabandiitti	ɑ l ɑ b ɑ n d iː tː i	0
aladobi	ɑ l ɑ d oː b i	0
aladoopi	ɑ l ɑ d oː p i	0
alaikäinen	ɑ l ɑ i k æ i̯ n e n	10
alailmakehä	ɑ l ɑ i l m ɑ k e h æ	0
alaindeksi	ɑ l ɑ i n d e k s i	0
alainen	ɑ l ɑ i̯ n e n	168
alajako	ɑ l ɑ j ɑ k o	0
alajaos	ɑ l ɑ j ɑ o s	1
alajaosto	ɑ l ɑ j ɑ o s t o	1
alajaotus	ɑ l ɑ j ɑ o t u s	0
alajärveläinen	ɑ l ɑ j æ r ʋ e l æ i̯ n e n	0
alajärvi	ɑ l ɑ j æ r ʋ i	23
alakanava	ɑ l ɑ k ɑ n ɑ ʋ ɑ	0
alakansakoulu	ɑ l ɑ k ɑ n s ɑ k o u̯ l u	3
alakantissa	ɑ l ɑ k ɑ n t i sː ɑ	5
alakanttiin	ɑ l ɑ k ɑ n tː iː n	9
alakenttä	ɑ l ɑ k e n tː æ	0
alakilpi	ɑ l ɑ k i l p i	0
alakolmiomatriisi	ɑ l ɑ k o l m i o m ɑ t r iː s i	2
alakomitea	ɑ l ɑ k o m i t e ɑ	2
alakonserni	ɑ l ɑ k o n s e r n i	3
alakoski	ɑ l ɑ k o s k i	3
alakoulu	ɑ l ɑ k o u̯ l u	7
alakulminaatio	ɑ l ɑ k u l m i n ɑː t i o	0
alakulo	ɑ l ɑ k u l o	6
alakuloisesti	ɑ l ɑ k u l o i̯ s e s t iˣ	1
alakunto	ɑ l ɑ k u n t o	0
alakuori	ɑ l ɑ k u o̯ r i	0
alakvartiili	ɑ l ɑ k ʋ ɑ r t iː l i	0
alakynteen	ɑ l ɑ k y n t eː n	8
alalahko	ɑ l ɑ l ɑ h k o	0
alalaita	ɑ l ɑ l ɑ i̯ t ɑ	0
alalause	ɑ l ɑ l ɑ u̯ s eˣ	0
alalehti	ɑ l ɑ l e h t i	0
alaleukahermo	ɑ l ɑ l e u̯ k ɑ h e r m o	0
alalinja	ɑ l ɑ l i n j ɑ	6
alallaan	ɑ l ɑ lː ɑː n	59
alalleen	ɑ l ɑ lː eː n	1
alamainen	ɑ l ɑ m ɑ i̯ n e n	4
alamaisesti	ɑ l ɑ m ɑ i̯ s e s t iˣ	3
alamasto	ɑ l ɑ m ɑ s t o	0
alamuoto	ɑ l ɑ m u o̯ t o	0
alamäki	ɑ l ɑ m æ k i	25
alanko	ɑ l ɑ ŋ k o	54
alankomaat	ɑ l ɑ ŋ k o m ɑː t	15
alanuoli	ɑ l ɑ n u o̯ l i	0
alanvaihto	ɑ l ɑ n ʋ ɑ i̯ h t o	0
alanvalinta	ɑ l ɑ n ʋ ɑ l i n t ɑ	0
alanyyli	ɑ l ɑ n yː l i	0
alaosasto	ɑ l ɑ o s ɑ s t o	12
alaote	ɑ l ɑ o t eˣ	0
alaotsake	ɑ l ɑ o t s ɑ k eˣ	0
alapaarre	ɑ l ɑ p ɑː rː eˣ	0
alapaine	ɑ l ɑ p ɑ i̯ n eˣ	1
alapaula	ɑ l ɑ p ɑ u̯ l ɑ	0
alaperä	ɑ l ɑ p e r æ	1
alapesu	ɑ l ɑ p e s u	1
alapidennys	ɑ l ɑ p i d e nː y s	0
alapilvi	ɑ l ɑ p i l ʋ i	0
alapinta	ɑ l ɑ p i n t ɑ	4
alapohja	ɑ l ɑ p o h j ɑ	11
alaportti	ɑ l ɑ p o r tː i	0
alaputki	ɑ l ɑ p u t k i	0
alaraajahalvaantunut	ɑ l ɑ r ɑː j ɑ h ɑ l ʋ ɑː n t u n u t	0
alareuna	ɑ l ɑ r e u̯ n ɑ	7
alarik	ɑ l ɑ r i k	3
alaruumis	ɑ l ɑ r uː m i s	1
alaryhmä	ɑ l ɑ r y h m æ	4
alas	ɑ l ɑ s	551
alasampuminen	ɑ l ɑ s ɑ m p u m i n e n	0
alasiipi	ɑ l ɑ s iː p i	0
alasin	ɑ l ɑ s i n	0
alaska	ɑ l ɑ s k ɑ	2
alassuin	ɑ l ɑ s s u i̯ n	3
alasti	ɑ l ɑ s t iˣ	16
alaston	ɑ l ɑ s t o n	15
alastonmalli	ɑ l ɑ s t o n m ɑ lː i	3
alastulo	ɑ l ɑ s t u l o	1
alasuku	ɑ l ɑ s u k u	0
alasumma	ɑ l ɑ s u mː ɑ	0
alasuunta	ɑ l ɑ s uː n t ɑ	0
alasuurennos	ɑ l ɑ s uː r e nː o s	0
alasvetovastus	ɑ l ɑ s ʋ e t o ʋ ɑ s t u s	0
alasävel	ɑ l ɑ s æ ʋ e l	0
alatalo	ɑ l ɑ t ɑ l o	47
alataso	ɑ l ɑ t ɑ s o	0
alatasokone	ɑ l ɑ t ɑ s o k o n eˣ	0
alati	ɑ l ɑ t i	129
alatie	ɑ l ɑ t i e̯	0
alatiili	ɑ l ɑ t iː l i	0
alatoimikunta	ɑ l ɑ t o i̯ m i k u n t ɑ	0
alatoopi	ɑ l ɑ t oː p i	0
alatuuleen	ɑ l ɑ t uː l eː n	0
alatuulessa	ɑ l ɑ t uː l e sː ɑ	0
alaurakka	ɑ l ɑ u r ɑ kː ɑ	0
alavalssi	ɑ l ɑ ʋ ɑ l sː i	0
alavatsa	ɑ l ɑ ʋ ɑ t s ɑ	1
alavesi	ɑ l ɑ ʋ e s i	0
alavieska	ɑ l ɑ ʋ i e̯ s k ɑ	4
alavieskalainen	ɑ l ɑ ʋ i e̯ s k ɑ l ɑ i̯ n e n	0
alaviitta	ɑ l ɑ ʋ iː tː ɑ	0
alaviiva	ɑ l ɑ ʋ iː ʋ ɑ	3
alavireinen	ɑ l ɑ ʋ i r e i̯ n e n	2
alavus	ɑ l ɑ ʋ u s	35
alavutelainen	ɑ l ɑ ʋ u t e l ɑ i̯ n e n	1
alavälittäjä	ɑ l ɑ ʋ æ l i tː æ j æ	0
alayhdistys	ɑ l ɑ y h d i s t y s	2
alayhteisö	ɑ l ɑ y h t e i̯ s ø	0
alayhtiö	ɑ l ɑ y h t i ø	0
alaääni	ɑ l ɑ æː n i	0
albania	ɑ l b ɑ n i ɑ	3
albedo	ɑ l b e d o	1
albert	ɑ l b e r t	78
alberta	ɑ l b e r t ɑ	0
albertiina	ɑ l b e r t iː n ɑ	1
aldolaasi	ɑ l d o l ɑː s i	0
ale	e i̯ l	16
ale	ɑ l e	16
aleatorinen	ɑ l e ɑ t o r i n e n	0
alehinta	ɑ l e h i n t ɑ	0
aleksandra	ɑ l e k s ɑ n d r ɑ	4
aleksandriini	ɑ l e k s ɑ n d r iː n i	0
aleksanteri	ɑ l e k s ɑ n t e r i	58
aleksanterinleivos	ɑ l e k s ɑ n t e r i n l e i̯ ʋ o s	0
aleksi	ɑ l e k s i	91
aleksis	ɑ l e k s i s	195
alemmas	ɑ l e mː ɑ s	19
alemmuuskompleksi	ɑ l e mː uː s k o m p l e k s i	1
aleneminen	ɑ l e n e m i n e n	63
alennusmerkki	ɑ l e nː u s m e r kː i	0
alentaa	ɑ l e n t ɑːˣ	252
alentaminen	ɑ l e n t ɑ m i n e n	73
alentua	ɑ l e n t u ɑˣ	6
aleta	ɑ l e t ɑˣ	8
aletaan	ɑ l e t ɑː n	171
alex	ɑ l e k s	41
alfa	ɑ l fː ɑ	80
alfalinoleenihappo	ɑ l f ɑ l i n o l eː n i h ɑ pː o	1
alfasalpaaja	ɑ l f ɑ s ɑ l p ɑː j ɑ	0
alfasalpaaja	ɑ l fː ɑ s ɑ l p ɑː j ɑ	0
alfatokoferoli	ɑ l f ɑ t o k o f e r o l i	1
alfatokoferoli	ɑ l fː ɑ t o k o f e r o l i	1
algeria	ɑ l ɡ e r i ɑ	2
alhainen	ɑ l h ɑ i̯ n e n	223
alhaiso	ɑ l h ɑ i̯ s o	0
alho	ɑ l h o	41
ali	ɑ l i	56
aliarvioida	ɑ l i ɑ r ʋ i o i̯ d ɑˣ	24
aliarviointi	ɑ l i ɑ r ʋ i o i̯ n t i	2
alias	ɑ l i ɑ s	24
alideterminantti	ɑ l i d e t e r m i n ɑ n tː i	0
alidifferentiaali	ɑ l i d i fː e r e n t i ɑː l i	0
aligradientti	ɑ l i ɡ r ɑ d i e n tː i	0
alihankinta	ɑ l i h ɑ ŋ k i n t ɑ	21
aliina	ɑ l iː n ɑ	0
aliisa	ɑ l iː s ɑ	3
alijako	ɑ l i j ɑ k o	0
alijäähtyminen	ɑ l i j æː h t y m i n e n	0
alikanta	ɑ l i k ɑ n t ɑ	0
alikohta	ɑ l i k o h t ɑ	0
alikulku	ɑ l i k u l k u	12
alikulkukorkeus	ɑ l i k u l k u k o r k e u s	13
alikunta	ɑ l i k u n t ɑ	0
alikuori	ɑ l i k u o̯ r i	0
alikäytävä	ɑ l i k æ y̯ t æ ʋ æ	2
aliluku	ɑ l i l u k u	0
alilämpöisyys	ɑ l i l æ m p ø i̯ s yː s	0
alimerkintä	ɑ l i m e r k i n t æ	1
alimmas	ɑ l i mː ɑ s	0
alimonoidi	ɑ l i m o n o i̯ d i	0
alin	ɑ l i n	94
alina	ɑ l i n ɑ	7
alio	ɑ l i o	0
aliohjelma	ɑ l i o h j e l m ɑ	0
aliorganisaatio	ɑ l i o r ɡ ɑ n i s ɑː t i o	0
alipaineputki	ɑ l i p ɑ i̯ n eˣ p u t k i	0
alipäästösuodatin	ɑ l i p æː s t ø s u o̯ d ɑ t i n	0
alirahdinkuljettaja	ɑ l i r ɑ h d i n k u l j e tː ɑ j ɑ	0
aliravitsemus	ɑ l i r ɑ ʋ i t s e m u s	9
alirengas	ɑ l i r e ŋː ɑ s	0
alisa	ɑ l i s ɑ	7
alistaa	ɑ l i s t ɑːˣ	56
alisteinen	ɑ l i s t e i̯ n e n	12
alistua	ɑ l i s t u ɑˣ	25
alistuminen	ɑ l i s t u m i n e n	14
alisuoriutuminen	ɑ l i s u o̯ r i u t u m i n e n	1
alitse	ɑ l i t s eˣ	25
alittaa	ɑ l i tː ɑːˣ	36
alittaminen	ɑ l i tː ɑ m i n e n	1
alittua	ɑ l i tː u ɑˣ	0
alittuminen	ɑ l i tː u m i n e n	2
alityöllisyys	ɑ l i t y ø̯ lː i s yː s	1
aliupseerikoulu	ɑ l i u p s eː r i k o u̯ l u	0
aliupseerinarvo	ɑ l i u p s eː r i n ɑ r ʋ o	0
alivalikko	ɑ l i ʋ ɑ l i kː o	1
alivalottuminen	ɑ l i ʋ ɑ l o tː u m i n e n	0
aliverkkotunnus	ɑ l i ʋ e r kː o t u nː u s	0
alivuoto	ɑ l i ʋ u o̯ t o	0
aljopuu	ɑ l j o p uː	0
alkaa	ɑ l k ɑːˣ	3426
alkalisuola	ɑ l k ɑ l i s u o̯ l ɑ	0
alkalisuus	ɑ l k ɑ l i s uː s	0
alkamisajankohta	ɑ l k ɑ m i s ɑ j ɑ n k o h t ɑ	11
alkamispäivämäärä	ɑ l k ɑ m i s p æ i̯ ʋ æ m æː r æ	0
alkeisalgebra	ɑ l k e i̯ s ɑ l ɡ e b r ɑ	0
alkeisjuuri	ɑ l k e i̯ s j uː r i	0
alkeislehti	ɑ l k e i̯ s l e h t i	0
alkeismatriisi	ɑ l k e i̯ s m ɑ t r iː s i	0
alkeisopinnot	ɑ l k e i̯ s o p i nː o t	0
alkeisreaktio	ɑ l k e i̯ s r e ɑ k t i o	0
alkeissilmu	ɑ l k e i̯ s s i l m u	0
alkeistapaus	ɑ l k e i̯ s t ɑ p ɑ u s	0
alkeistiedot	ɑ l k e i̯ s t i e̯ d o t	0
alkeisvarsi	ɑ l k e i̯ s ʋ ɑ r s i	0
alkeisvarsikko	ɑ l k e i̯ s ʋ ɑ r s i kː o	0
alkemistinen	ɑ l k e m i s t i n e n	1
alkio	ɑ l k i o	28
alkiokalvo	ɑ l k i o k ɑ l ʋ o	0
alkiorakko	ɑ l k i o r ɑ kː o	0
alko	ɑ l k o	52
alkoholikäyminen	ɑ l k o h o l i k æ y̯ m i n e n	0
alkoholisoituminen	ɑ l k o h o l i s o i̯ t u m i n e n	2
alkolukko	ɑ l k o l u kː o	1
alkuarvotehtävä	ɑ l k u ɑ r ʋ o t e h t æ ʋ æ	0
alkuehto	ɑ l k u e h t o	0
alkueliö	ɑ l k u e l i ø	0
alkuerä	ɑ l k u e r æ	4
alkujaan	ɑ l k u j ɑː n	60
alkukala	ɑ l k u k ɑ l ɑ	0
alkukantaisesti	ɑ l k u k ɑ n t ɑ i̯ s e s t iˣ	0
alkukunta	ɑ l k u k u n t ɑ	0
alkukuukausi	ɑ l k u k uː k ɑ u̯ s i	0
alkukäsittely	ɑ l k u k æ s i tː e l y	0
alkulataus	ɑ l k u l ɑ t ɑ u s	2
alkulukukaksoset	ɑ l k u l u k u k ɑ k s o s e t	0
alkumunasolu	ɑ l k u m u n ɑ s o l u	0
alkunilviäinen	ɑ l k u n i l ʋ i æ i̯ n e n	0
alkuopinnot	ɑ l k u o p i nː o t	0
alkupalkka	ɑ l k u p ɑ l kː ɑ	3
alkuperäilmoitus	ɑ l k u p e r æ i l m o i̯ t u s	0
alkuperäisesti	ɑ l k u p e r æ i̯ s e s t iˣ	1
alkuperäisjulkaisu	ɑ l k u p e r æ i̯ s j u l k ɑ i̯ s u	0
alkuperäislääke	ɑ l k u p e r æ i̯ s l æː k eˣ	1
alkuperäispakkaus	ɑ l k u p e r æ i̯ s p ɑ kː ɑ u s	0
alkuperäistila	ɑ l k u p e r æ i̯ s t i l ɑ	0
alkuperäisyys	ɑ l k u p e r æ i̯ s yː s	2
alkuperämerkintä	ɑ l k u p e r æ m e r k i n t æ	3
alkuperäselvitys	ɑ l k u p e r æ s e l ʋ i t y s	0
alkuperätodistus	ɑ l k u p e r æ t o d i s t u s	0
alkuperätuote	ɑ l k u p e r æ t u o̯ t eˣ	0
alkupuolisko	ɑ l k u p u o̯ l i s k o	5
alkuräjähdys	ɑ l k u r æ j æ h d y s	4
alkusivu	ɑ l k u s i ʋ u	1
alkusointu	ɑ l k u s o i̯ n t u	1
alkusynty	ɑ l k u s y n t y	0
alkutekijähajotelma	ɑ l k u t e k i j æ h ɑ j o t e l m ɑ	0
alkuteksti	ɑ l k u t e k s t i	1
alkutila	ɑ l k u t i l ɑ	2
alkutunnari	ɑ l k u t u nː ɑ r i	0
alkutuotanto	ɑ l k u t u o̯ t ɑ n t o	9
alkuunkaan	ɑ l k uː ŋ k ɑː n	24
alkuvaikeudet	ɑ l k u ʋ ɑ i̯ k e u d e t	2
alkuvoima	ɑ l k u ʋ o i̯ m ɑ	5
alla	ɑ lː ɑ	2539
allakka	ɑ lː ɑ kː ɑ	5
allan	ɑ lː ɑ n	29
allaniitti	ɑ lː ɑ n iː tː i	0
allas	ɑ lː ɑ s	68
alle	ɑ lː eˣ	3764
allekirjoittaa	ɑ lː eˣ k i r j o i̯ tː ɑːˣ	128
allekirjoittanut	ɑ lː eˣ k i r j o i̯ tː ɑ n u t	139
alleni	ɑ lː e n i	2
allergiasairaala	ɑ lː e r ɡ i ɑ s ɑ i̯ r ɑː l ɑ	2
allergisoituminen	ɑ lː e r ɡ i s o i̯ t u m i n e n	1
allergistuminen	ɑ lː e r ɡ i s t u m i n e n	0
allergisuus	ɑ lː e r ɡ i s uː s	1
allergologia	ɑ lː e r ɡ o l o ɡ i ɑ	2
alleviivata	ɑ lː eˣ ʋ iː ʋ ɑ t ɑ	10
alli	ɑ lː i	16
allikko	ɑ lː i kː o	2
allilla	ɑ lː i lː ɑ	0
allografi	ɑ lː o ɡ r ɑ f i	0
allokoiminen	ɑ lː o k o i̯ m i n e n	0
allometria	ɑ lː o m e t r i ɑ	0
allomorfi	ɑ lː o m o r f i	0
allomorfi	ɑ lː o m o r fː i	0
alluviaali	ɑ lː u ʋ i ɑː l i	0
allén	ɑ lː e̞ː n	14
alma	ɑ l m ɑ	122
almanakka	ɑ l m ɑ n ɑ kː ɑ	5
almandiitti	ɑ l m ɑ n d iː tː i	0
almu	ɑ l m u	0
aloillaan	ɑ l o i̯ lː ɑː n	10
aloilleen	ɑ l o i̯ lː eː n	11
aloin	ɑ l o i̯ n	160
aloite	ɑ l o i̯ t eˣ	232
aloittaa	ɑ l o i̯ tː ɑːˣ	1419
aloittain	ɑ l o i̯ tː ɑ i̯ n	5
aloittaminen	ɑ l o i̯ tː ɑ m i n e n	114
aloitteikas	ɑ l o i̯ tː e i̯ k ɑ s	1
aloitteleminen	ɑ l o i̯ tː e l e m i n e n	0
aloitusmaali	ɑ l o i̯ t u s m ɑː l i	0
aloituspaikka	ɑ l o i̯ t u s p ɑ i̯ kː ɑ	4
aloituspiste	ɑ l o i̯ t u s p i s t eˣ	1
aloitusvaihe	ɑ l o i̯ t u s ʋ ɑ i̯ h eˣ	1
aloke	ɑ l o k eˣ	0
alpakka	ɑ l p ɑ kː ɑ	1
alpi	ɑ l p i	2
alpit	ɑ l p i t	3
alpo	ɑ l p o	97
alppijärvi	ɑ l pː i j æ r ʋ i	0
alppikauris	ɑ l pː i k ɑ u̯ r i s	0
alppisauva	ɑ l pː i s ɑ u̯ ʋ ɑ	0
alta	ɑ l t ɑ	431
altai	ɑ l t ɑ i̯	0
alternoida	ɑ l t e r n o i̯ d ɑˣ	0
alteroida	ɑ l t e r o i̯ d ɑˣ	0
altis	ɑ l t i s	37
altistaa	ɑ l t i s t ɑːˣ	56
altistaminen	ɑ l t i s t ɑ m i n e n	3
altistua	ɑ l t i s t u ɑˣ	14
altistus	ɑ l t i s t u s	17
altmetriikka	ɑ l t m e t r iː kː ɑ	0
altocumulus	ɑ l t o k u m u l u s	0
altostratus	ɑ l t o s t r ɑ t u s	0
alttari	ɑ l tː ɑ r i	10
alttarilaite	ɑ l tː ɑ r i l ɑ i̯ t eˣ	0
alttaritaulu	ɑ l tː ɑ r i t ɑ u̯ l u	14
altti	ɑ l tː i	18
alttiisti	ɑ l tː iː s t iˣ	1
altto	ɑ l tː o	2
alttoavain	ɑ l tː o ɑ ʋ ɑ i̯ n	0
alue	ɑ l u eˣ	1952
aluehallinto	ɑ l u eˣ h ɑ lː i n t o	9
aluehälytyskeskus	ɑ l u eˣ h æ l y t y s k e s k u s	5
alueittain	ɑ l u e i̯ tː ɑ i̯ n	60
aluejako	ɑ l u eˣ j ɑ k o	15
aluejärjestö	ɑ l u eˣ j æ r j e s t ø	12
aluekaavio	ɑ l u eˣ k ɑː ʋ i o	0
aluekehittämistoiminta	ɑ l u eˣ k e h i tː æ m i s t o i̯ m i n t ɑ	0
aluekeskus	ɑ l u eˣ k e s k u s	13
aluelaajennus	ɑ l u eˣ l ɑː j e nː u s	0
aluelehti	ɑ l u eˣ l e h t i	0
aluelennonjohto	ɑ l u eˣ l e nː o n j o h t o	0
alueluovutus	ɑ l u eˣ l u o̯ ʋ u t u s	0
aluemetamorfoosi	ɑ l u eˣ m e t ɑ m o r f oː s i	0
aluemetsänhoitaja	ɑ l u eˣ m e t s æ n h o i̯ t ɑ j ɑ	0
alueneuvosto	ɑ l u eˣ n e u̯ ʋ o s t o	1
aluenopeusrajoitus	ɑ l u eˣ n o p e u s r ɑ j o i̯ t u s	0
alueohjelma	ɑ l u eˣ o h j e l m ɑ	0
aluepysäköinti	ɑ l u eˣ p y s æ k ø i̯ n t i	0
aluepäällikkö	ɑ l u eˣ p æː lː i kː ø	27
alueradio	ɑ l u eˣ r ɑ d i o	2
aluerajoitus	ɑ l u eˣ r ɑ j o i̯ t u s	1
aluerakenne	ɑ l u eˣ r ɑ k e nː eˣ	12
aluerakentaminen	ɑ l u eˣ r ɑ k e n t ɑ m i n e n	0
aluesuunnittelu	ɑ l u eˣ s uː nː i tː e l u	1
aluetoimittaja	ɑ l u eˣ t o i̯ m i tː ɑ j ɑ	2
aluevaatimus	ɑ l u eˣ ʋ ɑː t i m u s	0
aluevaltaus	ɑ l u eˣ ʋ ɑ l t ɑ u s	17
aluevaltuusto	ɑ l u eˣ ʋ ɑ l t uː s t o	2
aluevalvoja	ɑ l u eˣ ʋ ɑ l ʋ o j ɑ	0
aluevalvonta	ɑ l u eˣ ʋ ɑ l ʋ o n t ɑ	2
alueverkko	ɑ l u eˣ ʋ e r kː o	4
alueviranomainen	ɑ l u eˣ ʋ i r ɑ n o m ɑ i̯ n e n	0
aluevirasto	ɑ l u eˣ ʋ i r ɑ s t o	0
aluke	ɑ l u k eˣ	4
alula	ɑ l u l ɑ	0
alullaan	ɑ l u lː ɑː n	8
alumiini	ɑ l u m iː n i	42
alumiinifolio	ɑ l u m iː n i f o l i o	0
alumiiniteippi	ɑ l u m iː n i t e i̯ pː i	1
aluminoida	ɑ l u m i n o i̯ d ɑˣ	0
alumni	ɑ l u m n i	4
aluna	ɑ l u n ɑ	0
alus	ɑ l u s	84
aluskasvi	ɑ l u s k ɑ s ʋ i	0
aluskasvillisuus	ɑ l u s k ɑ s ʋ i lː i s uː s	6
aluskate	ɑ l u s k ɑ t eˣ	4
aluslaudoitus	ɑ l u s l ɑ u̯ d o i̯ t u s	0
aluslehti	ɑ l u s l e h t i	0
aluspahvi	ɑ l u s p ɑ h ʋ i	0
aluspuku	ɑ l u s p u k u	0
alustariippumaton	ɑ l u s t ɑ r iː pː u m ɑ t o n	0
alustyyppi	ɑ l u s t yː pː i	1
alusvaate	ɑ l u s ʋ ɑː t eˣ	0
alvar	ɑ l ʋ ɑ r	93
alvari	ɑ l ʋ ɑ r i	3
alvejuuri	ɑ l ʋ eˣ j uː r i	0
alveoli	ɑ l ʋ e o l i	0
alveoliitti	ɑ l ʋ e o l iː tː i	0
alvi	ɑ l ʋ i	0
amalgaamipaikka	ɑ m ɑ l ɡ ɑː m i p ɑ i̯ kː ɑ	0
amalia	ɑ m ɑ l i ɑ	3
amanda	ɑ m ɑ n d ɑ	14
amarantti	ɑ m ɑ r ɑ n tː i	4
amazoninmanaatti	ɑ m ɑ t s o n i n m ɑ n ɑː tː i	0
ambiguiteetti	ɑ m b i ɡ u i̯ t eː tː i	0
ambitio	ɑ m b i t i o	1
amblygoniitti	ɑ m b l y ɡ o n iː tː i	0
ameba	ɑ m e b ɑ	2
ameba	ɑ m eː b ɑ	2
ameeba	ɑ m eː b ɑ	2
amensalismi	ɑ m e n s ɑ l i s m i	0
amerikanharmaalokki	ɑ m e r i k ɑ n h ɑ r m ɑː l o kː i	0
amerikankarpalo	ɑ m e r i k ɑ n k ɑ r p ɑ l o	0
amerikanmerilokki	ɑ m e r i k ɑ n m e r i l o kː i	0
amerikka	ɑ m e r i kː ɑ	28
amerikkalaismies	ɑ m e r i kː ɑ l ɑ i̯ s m i e̯ s	1
amerikkalaisnainen	ɑ m e r i kː ɑ l ɑ i̯ s n ɑ i̯ n e n	1
amesiitti	ɑ m e s iː tː i	0
ametisti	ɑ m e t i s t i	4
amfetamiini	ɑ m f e t ɑ m iː n i	16
amidaasi	ɑ m i d ɑː s i	0
amispop	ɑ m i s p o p	0
ammatillistuminen	ɑ mː ɑ t i lː i s t u m i n e n	0
ammatti	ɑ mː ɑ tː i	123
ammattihenkilö	ɑ mː ɑ tː i h e ŋ k i l ø	10
ammattikalastaja	ɑ mː ɑ tː i k ɑ l ɑ s t ɑ j ɑ	3
ammattikasvatusneuvos	ɑ mː ɑ tː i k ɑ s ʋ ɑ t u s n e u̯ ʋ o s	0
ammattikirja	ɑ mː ɑ tː i k i r j ɑ	2
ammattikorkeakoulututkinto	ɑ mː ɑ tː i k o r k e ɑ k o u̯ l u t u t k i n t o	20
ammattikoulu	ɑ mː ɑ tː i k o u̯ l u	16
ammattilaistuminen	ɑ mː ɑ tː i l ɑ i̯ s t u m i n e n	0
ammattimaisesti	ɑ mː ɑ tː i m ɑ i̯ s e s t iˣ	34
ammattimerkki	ɑ mː ɑ tː i m e r kː i	0
ammattiopinto	ɑ mː ɑ tː i o p i n t o	0
ammattiosasto	ɑ mː ɑ tː i o s ɑ s t o	10
ammattitalous	ɑ mː ɑ tː i t ɑ l o u s	0
ammattitappaja	ɑ mː ɑ tː i t ɑ pː ɑ j ɑ	0
ammattitoiminta	ɑ mː ɑ tː i t o i̯ m i n t ɑ	0
ammattivaras	ɑ mː ɑ tː i ʋ ɑ r ɑ s	0
amme	ɑ mː eˣ	4
ammen	ɑ mː e n	0
ammentaa	ɑ mː e n t ɑːˣ	40
ammentaminen	ɑ mː e n t ɑ m i n e n	0
ammoinen	ɑ mː o i̯ n e n	0
ammollaan	ɑ mː o lː ɑː n	1
ammolleen	ɑ mː o lː eː n	1
ammoniakkihiippo	ɑ mː o n i ɑ kː i h iː pː o	0
ammoniumtyppi	ɑ mː o n i u m t y pː i	0
ammu	ɑ mː u	5
ammu	ɑ mː uˣ	5
ammuimme	ɑ mː u i̯ mː e	0
ammuin	ɑ mː u i̯ n	9
ammuit	ɑ mː u i̯ t	0
ammuitte	ɑ mː u i̯ tː e	0
ammumme	ɑ mː u mː e	1
ammuskeleminen	ɑ mː u s k e l e m i n e n	0
ammut	ɑ mː u t	3
ammuttaessa	ɑ mː u tː ɑ e sː ɑ	50
ammuttaman	ɑ mː u tː ɑ m ɑ n	0
ammuttava	ɑ mː u tː ɑ ʋ ɑ	4
ammutte	ɑ mː u tː e	0
ammuttua	ɑ mː u tː u ɑ	3
ammuttuihin	ɑ mː u tː u i̯ h i n	0
ammuttuina	ɑ mː u tː u i̯ n ɑ	1
ammuttuine	ɑ mː u tː u i̯ n e	0
ammuttuja	ɑ mː u tː u j ɑ	5
ammuttujen	ɑ mː u tː u j e n	1
ammuttuna	ɑ mː u tː u n ɑ	8
ammuttuun	ɑ mː u tː uː n	1
ammutuiksi	ɑ mː u t u i̯ k s i	0
ammutuilla	ɑ mː u t u i̯ lː ɑ	0
ammutuille	ɑ mː u t u i̯ lː eˣ	0
ammutuilta	ɑ mː u t u i̯ l t ɑ	0
ammutuin	ɑ mː u t u i̯ n	0
ammutuissa	ɑ mː u t u i̯ sː ɑ	0
ammutuista	ɑ mː u t u i̯ s t ɑ	2
ammutuitta	ɑ mː u t u i̯ tː ɑ	0
ammutuksi	ɑ mː u t u k s i	2
ammutulla	ɑ mː u t u lː ɑ	2
ammutulle	ɑ mː u t u lː eˣ	0
ammutulta	ɑ mː u t u l t ɑ	0
ammutun	ɑ mː u t u n	10
ammutussa	ɑ mː u t u sː ɑ	0
ammutusta	ɑ mː u t u s t ɑ	2
ammutut	ɑ mː u t u t	6
ammututta	ɑ mː u t u tː ɑ	0
amosiitti	ɑ m o s iː tː i	0
ampakiini	ɑ m p ɑ k iː n i	0
ampeeri	ɑ m pː eː r i	0
ampiainen	ɑ m p i ɑ i̯ n e n	3
amplifikaatio	ɑ m p l i f i k ɑː t i o	0
amplitudi	ɑ m p l i t u d i	10
amplitudimodulaatio	ɑ m p l i t u d i m o d u l ɑː t i o	0
amppari	ɑ m pː ɑ r i	0
ampua	ɑ m p u ɑˣ	80
ampuakseen	ɑ m p u ɑ k s eː n	0
ampuen	ɑ m p u e n	5
ampuessa	ɑ m p u e sː ɑ	1
ampui	ɑ m p u i̯	77
ampuivat	ɑ m p u i̯ ʋ ɑ t	20
ampulli	ɑ m p u lː i	5
ampumaan	ɑ m p u m ɑː n	30
ampumaisillaan	ɑ m p u m ɑ i̯ s i lː ɑː n	0
ampumalava	ɑ m p u m ɑ l ɑ ʋ ɑ	0
ampumalla	ɑ m p u m ɑ lː ɑ	19
ampuman	ɑ m p u m ɑ n	2
ampumapesäke	ɑ m p u m ɑ p e s æ k eˣ	0
ampumarata	ɑ m p u m ɑ r ɑ t ɑ	8
ampumaseura	ɑ m p u m ɑ s e u̯ r ɑ	4
ampumassa	ɑ m p u m ɑ sː ɑ	2
ampumasta	ɑ m p u m ɑ s t ɑ	0
ampumatasanne	ɑ m p u m ɑ t ɑ s ɑ nː eˣ	0
ampumatta	ɑ m p u m ɑ tː ɑ	1
ampuminen	ɑ m p u m i n e n	20
ampuneeksi	ɑ m p u n eː k s i	0
ampuneella	ɑ m p u n eː lː ɑ	0
ampuneelle	ɑ m p u n eː lː eˣ	1
ampuneelta	ɑ m p u n eː l t ɑ	0
ampuneen	ɑ m p u n eː n	5
ampuneena	ɑ m p u n eː n ɑ	0
ampuneeseen	ɑ m p u n eː s eː n	0
ampuneessa	ɑ m p u n eː sː ɑ	0
ampuneesta	ɑ m p u n eː s t ɑ	0
ampuneet	ɑ m p u n eː t	3
ampuneetta	ɑ m p u n eː tː ɑ	0
ampuneiden	ɑ m p u n e i̯ d e n	2
ampuneiksi	ɑ m p u n e i̯ k s i	0
ampuneilla	ɑ m p u n e i̯ lː ɑ	0
ampuneille	ɑ m p u n e i̯ lː eˣ	1
ampuneilta	ɑ m p u n e i̯ l t ɑ	0
ampunein	ɑ m p u n e i̯ n	0
ampuneina	ɑ m p u n e i̯ n ɑ	0
ampuneine	ɑ m p u n e i̯ n e	0
ampuneisiin	ɑ m p u n e i̯ s iː n	0
ampuneissa	ɑ m p u n e i̯ sː ɑ	0
ampuneista	ɑ m p u n e i̯ s t ɑ	0
ampuneita	ɑ m p u n e i̯ t ɑ	0
ampuneitta	ɑ m p u n e i̯ tː ɑ	0
ampunut	ɑ m p u n u t	10
ampunutta	ɑ m p u n u tː ɑ	0
amput	ɑ m p u t	0
amputaatio	ɑ m p u t ɑː t i o	2
amputointi	ɑ m p u t o i̯ n t i	0
ampuu	ɑ m p uː	29
ampuva	ɑ m p u ʋ ɑ	5
ampuvat	ɑ m p u ʋ ɑ t	16
amurinleopardi	ɑ m u r i n l e o p ɑ r d i	0
amygdaliini	ɑ m y ɡ d ɑ l iː n i	0
amyloidinen	ɑ m y l o i̯ d i n e n	0
anabolismi	ɑ n ɑ b o l i s m i	0
anafylaksia	ɑ n ɑ f y l ɑ k s i ɑ	1
anafylaktinen	ɑ n ɑ f y l ɑ k t i n e n	1
anagrammi	ɑ n ɑ ɡ r ɑ mː i	3
analfabeetti	ɑ n ɑ l f ɑ b eː tː i	0
analgeetti	ɑ n ɑ l ɡ eː tː i	0
analysoida	ɑ n ɑ l y s o i̯ d ɑˣ	140
analysoiminen	ɑ n ɑ l y s o i̯ m i n e n	6
analysointi	ɑ n ɑ l y s o i̯ n t i	108
anamneesi	ɑ n ɑ m n eː s i	4
ananas	ɑ n ɑ n ɑ s	7
ananaskirsikka	ɑ n ɑ n ɑ s k i r s i kː ɑ	1
ananasmehu	ɑ n ɑ n ɑ s m e h u	2
anapsidi	ɑ n ɑ p s i d i	0
anarkia	ɑ n ɑ r k i ɑ	3
anarkomarko	ɑ n ɑ r k o m ɑ r k o	0
anastaa	ɑ n ɑ s t ɑːˣ	8
anastaminen	ɑ n ɑ s t ɑ m i n e n	0
anataasi	ɑ n ɑ t ɑː s i	0
andante	ɑ n d ɑ n tː e	2
andesiini	ɑ n d e s iː n i	0
andienlokki	ɑ n d i e n l o kː i	0
andorra	ɑ n d o rː ɑ	0
andradiitti	ɑ n d r ɑ d iː tː i	0
andreas	ɑ n d r e ɑ s	25
androgynia	ɑ n d r o ɡ y n i ɑ	0
andromeda	ɑ n d r o m e d ɑ	7
ane	ɑ n eˣ	2
aneleminen	ɑ n e l e m i n e n	0
anella	ɑ n e lː ɑˣ	2
anelma	ɑ n e l m ɑ	2
anergia	ɑ n e r ɡ i ɑ	0
anestesia	ɑ n e s t e s i ɑ	5
aneurysma	ɑ n e u r y s m ɑ	3
angelikajuuri	ɑ ŋː e l i k ɑ j uː r i	0
angiina	ɑ ŋː iː n ɑ	4
anglesiitti	ɑ ŋ l e s iː tː i	0
anglosaksi	ɑ ŋ l o s ɑ k s i	0
angola	ɑ ŋː o l ɑ	9
angstata	ɑ ŋ s t ɑ t ɑˣ	0
angsti	ɑ ŋ s t i	1
angstinen	ɑ ŋ s t i n e n	1
anhedonia	ɑ n h e d o n i ɑ	0
animoida	ɑ n i m o i̯ d ɑˣ	1
animointiohjelma	ɑ n i m o i̯ n t i o h j e l m ɑ	1
anioni	ɑ n i o n i	2
anioninvaihtaja	ɑ n i o n i n ʋ ɑ i̯ h t ɑ j ɑ	0
anis	ɑ n i s	3
anismalikka	ɑ n i s m ɑ l i kː ɑ	0
anisogamia	ɑ n i s o ɡ ɑ m i ɑ	0
anita	ɑ n i t ɑ	91
anitta	ɑ n i tː ɑ	13
anja	ɑ n j ɑ	167
ankara	ɑ ŋ k ɑ r ɑ	68
ankea	ɑ ŋ k e ɑ	11
ankerias	ɑ ŋ k e r i ɑ s	5
ankeriitti	ɑ ŋ k e r iː tː i	0
ankka	ɑ ŋ kː ɑ	28
ankkalinna	ɑ ŋ kː ɑ l i nː ɑ	0
ankkalinnalainen	ɑ ŋ kː ɑ l i nː ɑ l ɑ i̯ n e n	0
ankkuri	ɑ ŋ kː u r i	26
ankkurilyhty	ɑ ŋ kː u r i l y h t y	1
ankkuroida	ɑ ŋ kː u r o i̯ d ɑˣ	2
ankkuroituminen	ɑ ŋ kː u r o i̯ t u m i n e n	1
anksiolyytti	ɑ ŋ k s i o l yː tː i	0
anna	ɑ nː ɑ	1544
anna	ɑ nː ɑˣ	1544
annala	ɑ nː ɑ l ɑ	16
annamari	ɑ nː ɑ m ɑ r i	18
anne	ɑ nː e	449
anneksi	ɑ nː e k s i	0
anneksio	ɑ nː e k s i o	0
annektoida	ɑ nː e k t o i̯ d ɑˣ	0
annele	ɑ nː e l e	4
anneli	ɑ nː e l i	252
annettaneen	ɑ nː e tː ɑ n eː n	7
annettava	ɑ nː e tː ɑ ʋ ɑ	482
anni	ɑ nː i	101
anniina	ɑ nː iː n ɑ	16
annika	ɑ nː i k ɑ	61
annikki	ɑ nː i kː i	63
annina	ɑ nː i n ɑ	10
annina	ɑ nː iː n ɑ	10
anniskeleminen	ɑ nː i s k e l e m i n e n	0
anniskelu	ɑ nː i s k e l u	7
anniskeluaika	ɑ nː i s k e l u ɑ i̯ k ɑ	1
anniskelualue	ɑ nː i s k e l u ɑ l u eˣ	0
anniskeluliike	ɑ nː i s k e l u l iː k eˣ	0
annoona	ɑ nː oː n ɑ	0
annos	ɑ nː o s	156
annosnopeus	ɑ nː o s n o p e u s	24
annosvuoka	ɑ nː o s ʋ u o̯ k ɑ	0
annotaatio	ɑ nː o t ɑː t i o	0
annotointi	ɑ nː o t o i̯ n t i	0
annukka	ɑ nː u kː ɑ	39
ano	ɑ n o	2
anoa	ɑ n o ɑ	116
anoa	ɑ n o ɑˣ	116
anoi	ɑ n o i̯	25
anomia	ɑ n o m i ɑ	0
anominen	ɑ n o m i n e n	8
anon	ɑ n o n	15
anoppi	ɑ n o pː i	12
anoppila	ɑ n o pː i l ɑ	0
anorogeeninen	ɑ n o r o ɡ eː n i n e n	0
ansa	ɑ n s ɑ	17
ansaintatarkoitus	ɑ n s ɑ i̯ n t ɑ t ɑ r k o i̯ t u s	0
ansaita	ɑ n s ɑ i̯ t ɑˣ	39
ansaitseminen	ɑ n s ɑ i̯ t s e m i n e n	2
ansari	ɑ n s ɑ r i	0
ansas	ɑ n s ɑ s	1
ansassilta	ɑ n s ɑ s s i l t ɑ	1
ansastaa	ɑ n s ɑ s t ɑːˣ	0
anselmi	ɑ n s e l m i	6
ansio	ɑ n s i o	41
ansiofunktio	ɑ n s i o f u ŋ k t i o	0
ansioituminen	ɑ n s i o i̯ t u m i n e n	1
ansiokas	ɑ n s i o k ɑ s	30
ansiotarkoitus	ɑ n s i o t ɑ r k o i̯ t u s	0
ansiotulo	ɑ n s i o t u l o	4
ansoittaminen	ɑ n s o i̯ tː ɑ m i n e n	0
anssi	ɑ n sː i	167
antaa	ɑ n t ɑːˣ	7453
antagonisti	ɑ n t ɑ ɡ o n i s t i	0
antaminen	ɑ n t ɑ m i n e n	206
anteeksi	ɑ n t eː k s i	293
antenni	ɑ n t e nː i	34
antennitelevisio	ɑ n t e nː i t e l e ʋ i s i o	0
antero	ɑ n t e r o	140
antidepressantti	ɑ n t i d e p r e sː ɑ n tː i	0
antidiureettinen	ɑ n t i d i u̯ r eː tː i n e n	0
antifasismi	ɑ n t i f ɑ s i s m i	0
antiferromagnetismi	ɑ n t i f e rː o m ɑ ɡ n e t i s m i	0
antigeeni	ɑ n t i ɡ eː n i	3
antiikkikauppias	ɑ n t iː kː i k ɑ u̯ pː i ɑ s	0
antikommutointi	ɑ n t i k o mː u t o i̯ n t i	0
antikvariaatti	ɑ n t i k ʋ ɑ r i ɑː tː i	5
antikvarkki	ɑ n t i k ʋ ɑ r kː i	0
antilas	ɑ n t i l ɑ s	0
antimetaboliitti	ɑ n t i m e t ɑ b o l iː tː i	0
antimikrobinen	ɑ n t i m i k r o b i n e n	1
antimilitarismi	ɑ n t i m i l i t ɑ r i s m i	0
antimilitaristi	ɑ n t i m i l i t ɑ r i s t i	1
antimonihohde	ɑ n t i m o n i h o h d eˣ	0
antimyoni	ɑ n t i m y o n i	0
antipatia	ɑ n t i p ɑ t i ɑ	0
antisymmetrinen	ɑ n t i s y mː e t r i n e n	0
antitau	ɑ n t i t ɑ u̯	0
anton	ɑ n t o n	39
antonyymi	ɑ n t o n yː m i	0
antropogenia	ɑ n t r o p o ɡ e n i ɑ	0
antropologi	ɑ n t r o p o l o ɡ i	8
antropomorfismi	ɑ n t r o p o m o r f i s m i	0
antti	ɑ n tː i	1207
anttila	ɑ n tː i l ɑ	143
antto	ɑ n tː o	3
antton	ɑ n tː o n	1
anttonen	ɑ n tː o n e n	47
anttoni	ɑ n tː o n i	0
antura	ɑ n t u r ɑ	2
anu	ɑ n u	188
anus	ɑ n u s	1
aoristi	ɑ o r i s t i	0
aortta	ɑ o r tː ɑ	1
aorttaläppä	ɑ o r tː ɑ l æ pː æ	0
aorttastenoosi	ɑ o r tː ɑ s t e n oː s i	0
ap	ɑː m u p æ i̯ ʋ æ lː æ	26
ap	ɑː p eː	26
ap.	ɑː m u p æ i̯ ʋ æ lː æ	10
ap.	ɑː p eː	10
apaattinen	ɑ p ɑː tː i n e n	2
apaja	ɑ p ɑ j ɑ	6
apastroni	ɑ p ɑ s t r o n i	0
apateismi	ɑ p ɑ t e i̯ s m i	0
apertuuri	ɑ p e r t uː r i	0
apeus	ɑ p e u s	2
apeutuminen	ɑ p e u t u m i n e n	0
apikaalisilmu	ɑ p i k ɑː l i s i l m u	0
apikoplasti	ɑ p i k o p l ɑ s t i	0
apila	ɑ p i l ɑ	6
apina	ɑ p i n ɑ	16
apinanleipäpuu	ɑ p i n ɑ n l e i̯ p æ p uː	1
apinoiminen	ɑ p i n o i̯ m i n e n	0
apiterapia	ɑ p i t e r ɑ p i ɑ	0
aplastinen	ɑ p l ɑ s t i n e n	2
apliitti	ɑ p l iː tː i	0
aplodeerata	ɑ p l o d eː r ɑ t ɑˣ	1
apoapsis	ɑ p o ɑ p s i s	0
apofylliitti	ɑ p o f y lː iː tː i	0
apofyysi	ɑ p o f yː s i	0
apokryfi	ɑ p o k r y f i	0
apollon	ɑ p o lː o n	15
apolloninen	ɑ p o lː o n i n e n	1
apomiktinen	ɑ p o m i k t i n e n	0
aporia	ɑ p o r i ɑ	0
aposentri	ɑ p o s e n t r i	0
appaminen	ɑ pː ɑ m i n e n	0
appellatiivi	ɑ pː e lː ɑ t iː ʋ i	0
appelsiini	ɑ pː e l s iː n i	8
appelsiinimehu	ɑ pː e l s iː n i m e h u	1
appi	ɑ pː i	1
appiukko	ɑ pː i u kː o	2
approksimatiivi	ɑ pː r o k s i m ɑ t iː ʋ i	0
aprikoida	ɑ p r i k o i̯ d ɑˣ	1
aprikoiminen	ɑ p r i k o i̯ m i n e n	0
aprikoitseminen	ɑ p r i k o i̯ t s e m i n e n	0
aprikoosi	ɑ p r i k oː s i	1
aprikoosihillo	ɑ p r i k oː s i h i lː o	0
aprillaaminen	ɑ p r i lː ɑː m i n e n	0
aprillipila	ɑ p r i lː i p i l ɑ	0
aprillipäivä	ɑ p r i lː i p æ i̯ ʋ æ	2
apro	ɑ p r o	1
apteekkari	ɑ p t eː kː ɑ r i	39
apu	ɑ p u	280
apua	ɑ p u ɑ	1379
apuharvennus	ɑ p u h ɑ r ʋ e nː u s	0
apukone	ɑ p u k o n eˣ	0
apulaisvalmentaja	ɑ p u l ɑ i̯ s ʋ ɑ l m e n t ɑ j ɑ	0
apumies	ɑ p u m i e̯ s	2
apumuuttuja	ɑ p u m uː tː u j ɑ	0
apuri	ɑ p u r i	3
apusuoritin	ɑ p u s u o̯ r i t i n	0
aputoiminimi	ɑ p u t o i̯ m i n i m i	3
aputyö	ɑ p u t y ø̯	0
apuvalmentaja	ɑ p u ʋ ɑ l m e n t ɑ j ɑ	1
arabiankahvi	ɑ r ɑ b i ɑ n k ɑ h ʋ i	0
arabiemiirikunnat	ɑ r ɑ b i e m iː r i k u nː ɑ t	0
araknologia	ɑ r ɑ k n o l o ɡ i ɑ	0
aramidi	ɑ r ɑ m i d i	0
arbuusi	ɑ r b uː s i	0
areaalinen	ɑ r e ɑː l i n e n	0
areafunktio	ɑ r e ɑ f u ŋ k t i o	0
areena	ɑ r eː n ɑ	38
areniitti	ɑ r e n iː tː i	0
areola	ɑ r e o l ɑ	0
areometri	ɑ r e o m e t r i	0
argentiina	ɑ r ɡ e n t iː n ɑ	16
argentiitti	ɑ r ɡ e n t iː tː i	0
arginaasi	ɑ r ɡ i n ɑː s i	0
argumentaatio	ɑ r ɡ u m e n t ɑː t i o	8
argumentoiminen	ɑ r ɡ u m e n t o i̯ m i n e n	0
argumentti	ɑ r ɡ u m e n tː i	33
arhippa	ɑ r h i pː ɑ	5
arho	ɑ r h o	2
ari	ɑ r i	635
aridi	ɑ r i d i	0
arina	ɑ r i n ɑ	7
arinakääpä	ɑ r i n ɑ k æː p æ	0
arinatiili	ɑ r i n ɑ t iː l i	0
aristaa	ɑ r i s t ɑːˣ	8
aristaminen	ɑ r i s t ɑ m i n e n	0
aristella	ɑ r i s t e lː ɑˣ	0
aristellen	ɑ r i s t e lː e n	0
aristokraatti	ɑ r i s t o k r ɑː tː i	1
aristoteelinen	ɑ r i s t o t eː l i n e n	5
aristotelinen	ɑ r i s t o t e l i n e n	3
aristotelismi	ɑ r i s t o t e l i s m i	0
aristuminen	ɑ r i s t u m i n e n	0
arizona	ɑ r i t s oː n ɑ	3
arja	ɑ r j ɑ	246
arka	ɑ r k ɑ	46
arkadinen	ɑ r k ɑ d i n e n	0
arkailla	ɑ r k ɑ i̯ lː ɑˣ	2
arkaillen	ɑ r k ɑ i̯ lː e n	1
arkaismi	ɑ r k ɑ i̯ s m i	0
arkangeli	ɑ r k ɑ ŋː e l i	5
arkansas	ɑ r k ɑ n s oː	0
arkansas	ɑ r k ɑ n s ɑ s	0
arkebuusi	ɑ r k e b uː s i	0
arkeittain	ɑ r k e i̯ tː ɑ i̯ n	0
arkeobotaniikka	ɑ r k e o b o t ɑ n iː kː ɑ	0
arkeologi	ɑ r kː e o l o ɡ i	10
arki	ɑ r k i	83
arkiateria	ɑ r k i ɑ t e r i ɑ	0
arkinsyöttölaite	ɑ r k i n s y ø̯ tː ø l ɑ i̯ t eˣ	0
arkiolot	ɑ r k i o l o t	0
arkipyhä	ɑ r k i p y h æ	2
arkipäivä	ɑ r k i p æ i̯ ʋ æ	36
arkipäiväistyminen	ɑ r k i p æ i̯ ʋ æ i̯ s t y m i n e n	2
arkisesti	ɑ r k i s e s t iˣ	7
arkistaa	ɑ r k i s t ɑːˣ	0
arkisto	ɑ r k i s t o	96
arkistointi	ɑ r k i s t o i̯ n t i	28
arkistoluettelo	ɑ r k i s t o l u e tː e l o	2
arkistomateriaali	ɑ r k i s t o m ɑ t e r i ɑː l i	3
arkistopaperi	ɑ r k i s t o p ɑ p e r i	0
arkistotoimi	ɑ r k i s t o t o i̯ m i	5
arkistotutkimus	ɑ r k i s t o t u t k i m u s	0
arkistuminen	ɑ r k i s t u m i n e n	0
arkki	ɑ r kː i	19
arkkiasemointi	ɑ r kː i ɑ s e m o i̯ n t i	0
arkkieliö	ɑ r kː i e l i ø	0
arkkipainokone	ɑ r kː i p ɑ i̯ n o k o n eˣ	0
arkkitehtuuri	ɑ r kː i t e h t uː r i	78
arkkitehtuurikilpailu	ɑ r kː i t e h t uː r i k i l p ɑ i̯ l u	4
arkkitehtuurivalokuvaus	ɑ r kː i t e h t uː r i ʋ ɑ l o k u ʋ ɑ u s	0
arkkivihko	ɑ r kː i ʋ i h k o	0
arkku	ɑ r kː u	18
arkkuhauta	ɑ r kː u h ɑ u̯ t ɑ	0
arkkutuoli	ɑ r kː u t u o̯ l i	1
arkoosi	ɑ r k oː s i	0
arkusfunktio	ɑ r k u s f u ŋ k t i o	0
arkuus	ɑ r k uː s	11
armahtaa	ɑ r m ɑ h t ɑːˣ	30
armahtaminen	ɑ r m ɑ h t ɑ m i n e n	3
armas	ɑ r m ɑ s	44
armeerausmassa	ɑ r m eː r ɑ u s m ɑ sː ɑ	0
armeija	ɑ r m e i̯ j ɑ	79
armeijaryhmä	ɑ r m e i̯ j ɑ r y h m æ	0
armeijaslangi	ɑ r m e i̯ j ɑ s l ɑ ŋː i	0
armeliaasti	ɑ r m e l i ɑː s t iˣ	3
armenia	ɑ r m e n i ɑ	0
armenia	ɑ r m eː n i ɑ	0
armenialainen	ɑ r m e n i ɑ l ɑ i̯ n e n	1
armenialainen	ɑ r m eː n i ɑ l ɑ i̯ n e n	1
armenianlokki	ɑ r m e n i ɑ n l o kː i	0
armenianlokki	ɑ r m eː n i ɑ n l o kː i	0
armi	ɑ r m i	20
armo	ɑ r m o	114
armokuolema	ɑ r m o k u o̯ l e m ɑ	2
armomurha	ɑ r m o m u r h ɑ	1
armoton	ɑ r m o t o n	31
aroharmaalokki	ɑ r o h ɑ r m ɑː l o kː i	0
arola	ɑ r o l ɑ	20
aromi	ɑ r o m i	11
aromikas	ɑ r o m i k ɑ s	5
aromilasi	ɑ r o m i l ɑ s i	0
arominvahvenne	ɑ r o m i n ʋ ɑ h ʋ e nː eˣ	2
arpa	ɑ r p ɑ	25
arpakapula	ɑ r p ɑ k ɑ p u l ɑ	0
arpakuutio	ɑ r p ɑ k uː t i o	1
arpaluu	ɑ r p ɑ l uː	0
arpeutuminen	ɑ r p e u t u m i n e n	1
arpi	ɑ r p i	4
arpoa	ɑ r p o ɑˣ	6
arpominen	ɑ r p o m i n e n	2
arsenaali	ɑ r s e n ɑː l i	2
arsi	ɑ r s i	8
artikkeliväitöskirja	ɑ r t i kː e l i ʋ æ i̯ t ø s k i r j ɑ	5
artikla	ɑ r t i k l ɑ	63
artikulaatio	ɑ r t i k u l ɑː t i o	1
arto	ɑ r t o	459
artralgia	ɑ r t r ɑ l ɡ i ɑ	0
arttu	ɑ r tː u	43
arttur	ɑ r tː u r	0
artturi	ɑ r tː u r i	23
arvaaminen	ɑ r ʋ ɑː m i n e n	1
arvailla	ɑ r ʋ ɑ i̯ lː ɑˣ	34
arvata	ɑ r ʋ ɑ t ɑˣ	65
arvatenkaan	ɑ r ʋ ɑ t e ŋ k ɑː n	1
arvatenkin	ɑ r ʋ ɑ t e ŋ k i n	16
arvattavasti	ɑ r ʋ ɑ tː ɑ ʋ ɑ s t iˣ	6
arveleminen	ɑ r ʋ e l e m i n e n	0
arvelevasti	ɑ r ʋ e l e ʋ ɑ s t iˣ	0
arvella	ɑ r ʋ e lː ɑ	15
arvella	ɑ r ʋ e lː ɑˣ	15
arvellen	ɑ r ʋ e lː e n	1
arvelu	ɑ r ʋ e l u	2
arveluttaa	ɑ r ʋ e l u tː ɑːˣ	8
arveluttaminen	ɑ r ʋ e l u tː ɑ m i n e n	0
arveluttavasti	ɑ r ʋ e l u tː ɑ ʋ ɑ s t iˣ	0
arvettuminen	ɑ r ʋ e tː u m i n e n	0
arvi	ɑ r ʋ i	45
arvio	ɑ r ʋ i o	339
arvioida	ɑ r ʋ i o i̯ d ɑˣ	1023
arvioiminen	ɑ r ʋ i o i̯ m i n e n	47
arviointiaineisto	ɑ r ʋ i o i̯ n t i ɑ i̯ n e i̯ s t o	0
arviointikeskustelu	ɑ r ʋ i o i̯ n t i k e s k u s t e l u	11
arviointikriteeri	ɑ r ʋ i o i̯ n t i k r i t eː r i	2
arviointimenetelmä	ɑ r ʋ i o i̯ n t i m e n e t e l m æ	9
arvioittaminen	ɑ r ʋ i o i̯ tː ɑ m i n e n	0
arvo	ɑ r ʋ o	1016
arvoalue	ɑ r ʋ o ɑ l u eˣ	1
arvoarvostelma	ɑ r ʋ o ɑ r ʋ o s t e l m ɑ	0
arvoasema	ɑ r ʋ o ɑ s e m ɑ	0
arvoaste	ɑ r ʋ o ɑ s t eˣ	0
arvoasunto	ɑ r ʋ o ɑ s u n t o	0
arvoesine	ɑ r ʋ o e s i n eˣ	1
arvohenkilö	ɑ r ʋ o h e ŋ k i l ø	1
arvoindeksi	ɑ r ʋ o i n d e k s i	0
arvoinen	ɑ r ʋ o i̯ n e n	184
arvoituksellinen	ɑ r ʋ o i̯ t u k s e lː i n e n	4
arvoituksellisesti	ɑ r ʋ o i̯ t u k s e lː i s e s t iˣ	1
arvoitus	ɑ r ʋ o i̯ t u s	56
arvojohtaminen	ɑ r ʋ o j o h t ɑ m i n e n	1
arvojärjestelmä	ɑ r ʋ o j æ r j e s t e l m æ	0
arvojärjestys	ɑ r ʋ o j æ r j e s t y s	5
arvokala	ɑ r ʋ o k ɑ l ɑ	0
arvokas	ɑ r ʋ o k ɑ s	268
arvokasvu	ɑ r ʋ o k ɑ s ʋ u	0
arvokilpi	ɑ r ʋ o k i l p i	1
arvokisa	ɑ r ʋ o k i s ɑ	0
arvokkaasti	ɑ r ʋ o kː ɑː s t iˣ	17
arvokonservatismi	ɑ r ʋ o k o n s e r ʋ ɑ t i s m i	0
arvokortti	ɑ r ʋ o k o r tː i	0
arvoleima	ɑ r ʋ o l e i̯ m ɑ	0
arvoluokitus	ɑ r ʋ o l u o̯ k i t u s	0
arvolähetys	ɑ r ʋ o l æ h e t y s	0
arvonaleneminen	ɑ r ʋ o n ɑ l e n e m i n e n	0
arvonanto	ɑ r ʋ o n ɑ n t o	0
arvonihilismi	ɑ r ʋ o n i h i l i s m i	0
arvonimistö	ɑ r ʋ o n i m i s t ø	0
arvonkorotus	ɑ r ʋ o n k o r o t u s	1
arvonlasku	ɑ r ʋ o n l ɑ s k u	1
arvonlisä	ɑ r ʋ o n l i s æ	0
arvonlisävero	ɑ r ʋ o n l i s æ ʋ e r o	87
arvonlisäveroton	ɑ r ʋ o n l i s æ ʋ e r o t o n	6
arvonlisäys	ɑ r ʋ o n l i s æ y s	7
arvonmitta	ɑ r ʋ o n m i tː ɑ	0
arvonnousu	ɑ r ʋ o n n o u̯ s u	12
arvonsäilytys	ɑ r ʋ o n s æ i̯ l y t y s	0
arvonta	ɑ r ʋ o n t ɑ	30
arvonvähennys	ɑ r ʋ o n ʋ æ h e nː y s	0
arvopaikka	ɑ r ʋ o p ɑ i̯ kː ɑ	0
arvopaperikauppa	ɑ r ʋ o p ɑ p e r i k ɑ u̯ pː ɑ	4
arvopaperimarkkinat	ɑ r ʋ o p ɑ p e r i m ɑ r kː i n ɑ t	2
arvopaperistuminen	ɑ r ʋ o p ɑ p e r i s t u m i n e n	0
arvopohja	ɑ r ʋ o p o h j ɑ	13
arvopuu	ɑ r ʋ o p uː	1
arvopäivä	ɑ r ʋ o p æ i̯ ʋ æ	1
arvosana	ɑ r ʋ o s ɑ n ɑ	152
arvosidonnainen	ɑ r ʋ o s i d o nː ɑ i̯ n e n	0
arvosidonnaisuus	ɑ r ʋ o s i d o nː ɑ i̯ s uː s	0
arvosija	ɑ r ʋ o s i j ɑ	0
arvossapito	ɑ r ʋ o sː ɑ p i t o	0
arvostaminen	ɑ r ʋ o s t ɑ m i n e n	24
arvosteleminen	ɑ r ʋ o s t e l e m i n e n	7
arvostelevasti	ɑ r ʋ o s t e l e ʋ ɑ s t iˣ	1
arvostelukyvyttömästi	ɑ r ʋ o s t e l u k y ʋ y tː ø m æ s t iˣ	0
arvostelukyvytön	ɑ r ʋ o s t e l u k y ʋ y t ø n	0
arvotavara	ɑ r ʋ o t ɑ ʋ ɑ r ɑ	1
arvoteos	ɑ r ʋ o t e o s	0
arvotilaisuus	ɑ r ʋ o t i l ɑ i̯ s uː s	0
arvoton	ɑ r ʋ o t o n	9
arvottomasti	ɑ r ʋ o tː o m ɑ s t iˣ	2
arvotulli	ɑ r ʋ o t u lː i	0
arvovalinta	ɑ r ʋ o ʋ ɑ l i n t ɑ	4
arvovaltaisesti	ɑ r ʋ o ʋ ɑ l t ɑ i̯ s e s t iˣ	1
arvovaraus	ɑ r ʋ o ʋ ɑ r ɑ u s	0
arvoväritteisesti	ɑ r ʋ o ʋ æ r i tː e i̯ s e s t iˣ	0
arvoväritys	ɑ r ʋ o ʋ æ r i t y s	0
arytmia	ɑ r y t m i ɑ	0
as	ɑ s	189
asap	ɑ s ɑ p	2
asbesti	ɑ s b e s t i	10
ase	ɑ s eˣ	230
aseapu	ɑ s eˣ ɑ p u	0
aseenkantolupa	ɑ s eː n k ɑ n t o l u p ɑ	1
aseenkäsittely	ɑ s eː n k æ s i tː e l y	0
aseettomuus	ɑ s eː tː o m uː s	1
asehauta	ɑ s eˣ h ɑ u̯ t ɑ	0
aseidentuonti	ɑ s e i̯ d e n t u o̯ n t i	0
aseidenvienti	ɑ s e i̯ d e n ʋ i e̯ n t i	0
aseistaa	ɑ s e i̯ s t ɑːˣ	1
aseistakieltäytyjä	ɑ s e i̯ s t ɑ k i e̯ l t æ y t y j æ	2
aseistaminen	ɑ s e i̯ s t ɑ m i n e n	1
aseistautua	ɑ s e i̯ s t ɑ u t u ɑˣ	1
asekauppa	ɑ s eˣ k ɑ u̯ pː ɑ	5
asekokoelma	ɑ s eˣ k o k o e l m ɑ	0
aselepolinja	ɑ s eˣ l e p o l i n j ɑ	0
asema	ɑ s e m ɑ	917
asemaetu	ɑ s e m ɑ e t u	0
asemalaituri	ɑ s e m ɑ l ɑ i̯ t u r i	0
asemamaa	ɑ s e m ɑ m ɑː	0
asemapaikka	ɑ s e m ɑ p ɑ i̯ kː ɑ	6
asemataso	ɑ s e m ɑ t ɑ s o	1
asematunnus	ɑ s e m ɑ t u nː u s	0
asemavaraus	ɑ s e m ɑ ʋ ɑ r ɑ u s	0
asemaväli	ɑ s e m ɑ ʋ æ l i	0
asemies	ɑ s eˣ m i e̯ s	2
asennettava	ɑ s e nː e tː ɑ ʋ ɑ	59
asennoituminen	ɑ s e nː o i̯ t u m i n e n	29
asentaminen	ɑ s e n t ɑ m i n e n	105
asento	ɑ s e n t o	73
asentoaisti	ɑ s e n t o ɑ i̯ s t i	0
asentua	ɑ s e n t u ɑˣ	1
asepalvelus	ɑ s eˣ p ɑ l ʋ e l u s	3
asetaattifilmi	ɑ s e t ɑː tː i f i l m i	0
asete	ɑ s e t eˣ	0
asettaa	ɑ s e tː ɑːˣ	1117
asettaminen	ɑ s e tː ɑ m i n e n	80
asettautuminen	ɑ s e tː ɑ u t u m i n e n	2
asettelumalli	ɑ s e tː e l u m ɑ lː i	0
asettua	ɑ s e tː u ɑˣ	80
asettuminen	ɑ s e tː u m i n e n	6
asetus	ɑ s e t u s	228
asetusaika	ɑ s e t u s ɑ i̯ k ɑ	0
asetusjousi	ɑ s e t u s j o u̯ s i	0
asetuskustannus	ɑ s e t u s k u s t ɑ nː u s	0
asetussanat	ɑ s e t u s s ɑ n ɑ t	1
asetyyli	ɑ s e t yː l i	0
asevaruste	ɑ s eˣ ʋ ɑ r u s t eˣ	0
asevarustelu	ɑ s eˣ ʋ ɑ r u s t e l u	5
asevelvollisuus	ɑ s eˣ ʋ e l ʋ o lː i s uː s	16
asevyö	ɑ s eˣ ʋ y ø̯	0
asfaltoiminen	ɑ s f ɑ l t o i̯ m i n e n	0
asfaltti	ɑ s f ɑ l tː i	19
asfaltti	ɑ s ʋ ɑ l tː i	19
asia	ɑ s i ɑ	3248
asiaankuuluva	ɑ s i ɑː n k uː l u ʋ ɑ	2
asiakas	ɑ s i ɑ k ɑ s	1203
asiakasnumero	ɑ s i ɑ k ɑ s n u m e r o	19
asiakasohjelma	ɑ s i ɑ k ɑ s o h j e l m ɑ	2
asiakaspalvelija	ɑ s i ɑ k ɑ s p ɑ l ʋ e l i j ɑ	3
asiakaspalvelu	ɑ s i ɑ k ɑ s p ɑ l ʋ e l u	123
asiakirjakannet	ɑ s i ɑ k i r j ɑ k ɑ nː e t	0
asiakirjakokoelma	ɑ s i ɑ k i r j ɑ k o k o e l m ɑ	2
asiakirjatieto	ɑ s i ɑ k i r j ɑ t i e̯ t o	0
asiakirjavihko	ɑ s i ɑ k i r j ɑ ʋ i h k o	1
asianhallinta	ɑ s i ɑ n h ɑ lː i n t ɑ	4
asiantunteva	ɑ s i ɑ n t u n t e ʋ ɑ	61
asiantuntevasti	ɑ s i ɑ n t u n t e ʋ ɑ s t iˣ	47
asiantuntija	ɑ s i ɑ n t u n t i j ɑ	235
asiantuntijalausunto	ɑ s i ɑ n t u n t i j ɑ l ɑ u̯ s u n t o	4
asiantuntijavaihto	ɑ s i ɑ n t u n t i j ɑ ʋ ɑ i̯ h t o	0
asiarekisteri	ɑ s i ɑ r e k i s t e r i	0
asiateksti	ɑ s i ɑ t e k s t i	0
asiatieto	ɑ s i ɑ t i e̯ t o	2
asiaton	ɑ s i ɑ t o n	11
asidofiilinen	ɑ s i d o f iː l i n e n	0
asidoosi	ɑ s i d oː s i	4
asikkala	ɑ s i kː ɑ l ɑ	10
asikkalainen	ɑ s i kː ɑ l ɑ i̯ n e n	0
asikkalalainen	ɑ s i kː ɑ l ɑ l ɑ i̯ n e n	0
asioida	ɑ s i o i̯ d ɑˣ	47
asioiminen	ɑ s i o i̯ m i n e n	13
asiointikieli	ɑ s i o i̯ n t i k i e̯ l i	0
asioita	ɑ s i o i̯ t ɑ	2639
asja	ɑ s j ɑ	0
askare	ɑ s k ɑ r eˣ	2
askarruttaa	ɑ s k ɑ rː u tː ɑːˣ	29
askarteleminen	ɑ s k ɑ r t e l e m i n e n	0
askartelukirja	ɑ s k ɑ r t e l u k i r j ɑ	0
askartelutila	ɑ s k ɑ r t e l u t i l ɑ	1
askel	ɑ s k e l	279
askele	ɑ s k e l eˣ	0
askelfunktio	ɑ s k e l f u ŋ k t i o	0
askelittain	ɑ s k e l i tː ɑ i̯ n	0
askelmoottori	ɑ s k e l m oː tː o r i	1
askelpalautin	ɑ s k e l p ɑ l ɑ u t i n	0
askelsarja	ɑ s k e l s ɑ r j ɑ	0
askeltaminen	ɑ s k e l t ɑ m i n e n	0
askelvaimennin	ɑ s k e l ʋ ɑ i̯ m e nː i n	0
askelvaste	ɑ s k e l ʋ ɑ s t eˣ	2
aski	ɑ s k i	2
asko	ɑ s k o	136
askola	ɑ s k o l ɑ	4
askolalainen	ɑ s k o l ɑ l ɑ i̯ n e n	0
aslak	ɑ s l ɑ k	9
asmo	ɑ s m o	7
aspartaami	ɑ s p ɑ r t ɑː m i	2
aspergilloosi	ɑ s p e r ɡ i lː oː s i	0
aspiraatio	ɑ s p i r ɑː t i o	0
aspiroida	ɑ s p i r o i̯ d ɑˣ	0
asser	ɑ sː e r	9
asseri	ɑ sː e r i	1
assi	ɑ sː i	6
assimiloida	ɑ sː i m i l o i̯ d ɑˣ	0
assimiloiminen	ɑ sː i m i l o i̯ m i n e n	0
assimiloitua	ɑ sː i m i l o i̯ t u ɑˣ	0
assimiloituminen	ɑ sː i m i l o i̯ t u m i n e n	0
assortatiivinen	ɑ sː o r t ɑ t iː ʋ i n e n	0
assosiaatiosääntö	ɑ sː o s i ɑː t i o s æː n t ø	0
assosioituminen	ɑ sː o s i o i̯ t u m i n e n	0
asta	ɑ s t ɑ	38
astabiili	ɑ s t ɑ b iː l i	0
astaksantiini	ɑ s t ɑ k s ɑ n t iː n i	0
aste	ɑ s t eˣ	52
asteekki	ɑ s t eː kː i	0
asteikko	ɑ s t e i̯ kː o	30
asteittainen	ɑ s t e i̯ tː ɑ i̯ n e n	13
astekulma	ɑ s t eˣ k u l m ɑ	0
astella	ɑ s t e lː ɑˣ	5
astemitta	ɑ s t eˣ m i tː ɑ	1
asteriski	ɑ s t e r i s k i	1
asteroidi	ɑ s t e r o i̯ d i	10
asteroidivyöhyke	ɑ s t e r o i̯ d i ʋ y ø̯ h y k eˣ	1
astevaihtelullinen	ɑ s t eˣ ʋ ɑ i̯ h t e l u lː i n e n	0
astevaihteluton	ɑ s t eˣ ʋ ɑ i̯ h t e l u t o n	0
asteverkko	ɑ s t eˣ ʋ e r kː o	0
asti	ɑ s t iˣ	3395
astia	ɑ s t i ɑ	41
astianpesukone	ɑ s t i ɑ n p e s u k o n eˣ	23
astiatina	ɑ s t i ɑ t i n ɑ	0
astimen	ɑ s t i m e n	0
astin	ɑ s t i n	0
astrobiologia	ɑ s t r o b i o l o ɡ i ɑ	1
astrogeologia	ɑ s t r o ɡ e o l o ɡ i ɑ	0
astrokemia	ɑ s t r o k e m i ɑ	0
astrometria	ɑ s t r o m e t r i ɑ	0
astronautti	ɑ s t r o n ɑ u tː i	5
astrosytooma	ɑ s t r o s y t oː m ɑ	0
astrosyytti	ɑ s t r o s yː tː i	0
astua	ɑ s t u ɑˣ	58
astuttaa	ɑ s t u tː ɑːˣ	0
astuttaminen	ɑ s t u tː ɑ m i n e n	0
asu	ɑ s u	109
asu	ɑ s uˣ	109
asua	ɑ s u ɑ	219
asua	ɑ s u ɑˣ	219
asuinkaveri	ɑ s u i̯ n k ɑ ʋ e r i	0
asuinkeittiö	ɑ s u i̯ n k e i̯ tː i ø	0
asuinmaa	ɑ s u i̯ n m ɑː	1
asuinpaikkalöytö	ɑ s u i̯ n p ɑ i̯ kː ɑ l ø y̯ t ø	0
asuinpainanne	ɑ s u i̯ n p ɑ i̯ n ɑ nː eˣ	0
asuinvaltio	ɑ s u i̯ n ʋ ɑ l t i o	0
asukasneuvosto	ɑ s u k ɑ s n e u̯ ʋ o s t o	0
asukaspuisto	ɑ s u k ɑ s p u i̯ s t o	3
asukastiheys	ɑ s u k ɑ s t i h e y s	29
asukastoimikunta	ɑ s u k ɑ s t o i̯ m i k u n t ɑ	8
asukasyhdistys	ɑ s u k ɑ s y h d i s t y s	15
asuminen	ɑ s u m i n e n	180
asumisedellytys	ɑ s u m i s e d e lː y t y s	0
asumiskustannukset	ɑ s u m i s k u s t ɑ nː u k s e t	13
asumislisä	ɑ s u m i s l i s æ	24
asumisoikeus	ɑ s u m i s o i̯ k e u s	8
asumispolitiikka	ɑ s u m i s p o l i t iː kː ɑ	0
asumistaso	ɑ s u m i s t ɑ s o	7
asumistukijärjestelmä	ɑ s u m i s t u k i j æ r j e s t e l m æ	1
asumisväljyys	ɑ s u m i s ʋ æ l j yː s	3
asunnontarvitsija	ɑ s u nː o n t ɑ r ʋ i s t i j ɑ	0
asunnontarvitsijaryhmä	ɑ s u nː o n t ɑ r ʋ i t s i j ɑ r y h m æ	0
asunnonvälittäjä	ɑ s u nː o n ʋ æ l i tː æ j æ	0
asunnonvälitys	ɑ s u nː o n ʋ æ l i t y s	1
asuntokanta	ɑ s u n t o k ɑ n t ɑ	13
asuntola	ɑ s u n t o l ɑ	40
asuntonäyttely	ɑ s u n t o n æ y̯ tː e l y	0
asuntovaunu	ɑ s u n t o ʋ ɑ u̯ n u	4
asustaminen	ɑ s u s t ɑ m i n e n	0
asuste	ɑ s u s t eˣ	1
asuttaa	ɑ s u tː ɑːˣ	11
asutuskeskus	ɑ s u t u s k e s k u s	4
asutusmuoto	ɑ s u t u s m u o̯ t o	0
asutusnimi	ɑ s u t u s n i m i	0
asuuri	ɑ s uː r i	0
asyklinen	ɑ s y k l i n e n	0
asymptoottinen	ɑ s y m p t oː tː i n e n	0
asynkroninen	ɑ s y ŋ k r o n i n e n	5
asyylitransferaasi	ɑ s yː l i t r ɑ n s f e r ɑː s i	0
ateena	ɑ t eː n ɑ	6
ateismi	ɑ t e i̯ s m i	16
ateljee	ɑ t e l j eː	24
ateria	ɑ t e r i ɑ	82
ateriarytmi	ɑ t e r i ɑ r y t m i	0
ateriatuki	ɑ t e r i ɑ t u k i	4
aterinpidike	ɑ t e r i n p i d i k eˣ	0
aterioida	ɑ t e r i o i̯ d ɑˣ	5
aterioitseminen	ɑ t e r i o i̯ t s e m i n e n	0
atleetti	ɑ t l eː tː i	2
atmosfäärinen	ɑ t m o s f æː r i n e n	0
atmosfäärisesti	ɑ t m o s f æː r i s e s t iˣ	0
atomikello	ɑ t o m i k e lː o	0
atomikoko	ɑ t o m i k o k o	0
atomiorbitaali	ɑ t o m i o r b i t ɑː l i	0
atomivoimamikroskooppi	ɑ t o m i ʋ o i̯ m ɑ m i k r o s k oː pː i	0
atria	ɑ t r i ɑ	10
atro	ɑ t r o	9
atrofia	ɑ t r o f i ɑ	4
atseotrooppi	ɑ t s e o t r oː pː i	0
atsoyhdiste	ɑ t s o y h d i s t eˣ	0
atsteekki	ɑ t s t eː kː i	0
atte	ɑ tː e	28
attila	ɑ tː i l ɑ	3
attosekunti	ɑ tː o s e k u n t i	0
attrahoida	ɑ tː r ɑ h o i̯ d ɑˣ	0
attribuoida	ɑ tː r i b u o i̯ d ɑˣ	0
attribuutti	ɑ tː r i b uː tː i	7
au	ɑ u	32
audienssi	ɑ u d i e n sː i	2
audio	ɑ u d i o	59
audiofiili	ɑ u d i o f iː l i	0
audiogrammi	ɑ u d i o ɡ r ɑ mː i	0
audiometri	ɑ u d i o m e t r i	0
audiometria	ɑ u d i o m e t r i ɑ	0
audionomi	ɑ u d i o n o m i	0
auer	ɑ u e r	7
auervaara	ɑ u e r ʋ ɑː r ɑ	0
aueta	ɑ u e t ɑˣ	9
augmentaatio	ɑ u ɡ m e n t ɑː t i o	0
auhti	ɑ u h t i	0
auhto	ɑ u h t o	0
aukaiseminen	ɑ u k ɑ i̯ s e m i n e n	4
aukea	ɑ u k e ɑ	22
auki	ɑ u k i	762
aukko	ɑ u kː o	84
aukominen	ɑ u k o m i n e n	0
aukottaminen	ɑ u k o tː ɑ m i n e n	0
auktori	ɑ u k t o r i	0
aukusti	ɑ u k u s t i	8
aula	ɑ u l ɑ	32
aulatila	ɑ u l ɑ t i l ɑ	2
auli	ɑ u l i	64
aulikki	ɑ u l i kː i	40
aulio	ɑ u l i o	3
aulis	ɑ u l i s	97
auma	ɑ u m ɑ	3
aune	ɑ u n e	52
auno	ɑ u n o	1
aura	ɑ u r ɑ	54
aurajoki	ɑ u r ɑ j o k i	3
auralainen	ɑ u r ɑ l ɑ i̯ n e n	0
aurata	ɑ u r ɑ t ɑˣ	2
auringonjumala	ɑ u r i ŋː o n j u m ɑ l ɑ	0
auringonpaistetunti	ɑ u r i ŋː o n p ɑ i̯ s t eˣ t u n t i	0
auringonpimennys	ɑ u r i ŋː o n p i m e nː y s	11
auringonpisto	ɑ u r i ŋː o n p i s t o	1
auringonpistos	ɑ u r i ŋː o n p i s t o s	0
auringonpuoli	ɑ u r i ŋː o n p u o̯ l i	0
auringonsuoja	ɑ u r i ŋː o n s u o̯ j ɑ	0
auringonsuojavoide	ɑ u r i ŋː o n s u o̯ j ɑ ʋ o i̯ d eˣ	0
auringonvarjo	ɑ u r i ŋː o n ʋ ɑ r j o	0
aurinko	ɑ u r i ŋ k o	278
aurinkoahven	ɑ u r i ŋ k o ɑ h ʋ e n	0
aurinkoaika	ɑ u r i ŋ k o ɑ i̯ k ɑ	1
aurinkoautografi	ɑ u r i ŋ k o ɑ u t o ɡ r ɑ f i	0
aurinkoenergia	ɑ u r i ŋ k o e n e r ɡ i ɑ	6
aurinkojako	ɑ u r i ŋ k o j ɑ k o	0
aurinkokalenteri	ɑ u r i ŋ k o k ɑ l e n t e r i	0
aurinkokansi	ɑ u r i ŋ k o k ɑ n s i	0
aurinkokenno	ɑ u r i ŋ k o k e nː o	2
aurinkokylpy	ɑ u r i ŋ k o k y l p y	0
aurinkolasit	ɑ u r i ŋ k o l ɑ s i t	16
aurinkolämpö	ɑ u r i ŋ k o l æ m p ø	3
aurinkopaneeli	ɑ u r i ŋ k o p ɑ n eː l i	6
aurinkoperhonen	ɑ u r i ŋ k o p e r h o n e n	0
aurinkorasva	ɑ u r i ŋ k o r ɑ s ʋ ɑ	0
aurinkoristi	ɑ u r i ŋ k o r i s t i	0
aurinkosuoja	ɑ u r i ŋ k o s u o̯ j ɑ	2
aurinkovene	ɑ u r i ŋ k o ʋ e n eˣ	1
aurinkoventtiili	ɑ u r i ŋ k o ʋ e n tː iː l i	0
auripigmentti	ɑ u r i p i ɡ m e n tː i	0
auroora	ɑ u r oː r ɑ	0
aurora	ɑ u r o r ɑ	25
austeniittinen	ɑ u s t e n iː tː i n e n	1
australia	ɑ u s t r ɑː l i ɑ	27
australialaismies	ɑ u s t r ɑ l i ɑ l ɑ i̯ s m i e̯ s	0
australialaismies	ɑ u s t r ɑː l i ɑ l ɑ i̯ s m i e̯ s	0
australialaisnainen	ɑ u s t r ɑ l i ɑ l ɑ i̯ s n ɑ i̯ n e n	0
australialaisnainen	ɑ u s t r ɑː l i ɑ l ɑ i̯ s n ɑ i̯ n e n	0
australianenglanti	ɑ u s t r ɑ l i ɑ n e ŋ l ɑ n t i	0
australianenglanti	ɑ u s t r ɑː l i ɑ n e ŋ l ɑ n t i	0
australianpähkinä	ɑ u s t r ɑ l i ɑ n p æ h k i n æ	0
australianpähkinä	ɑ u s t r ɑː l i ɑ n p æ h k i n æ	0
australiansotka	ɑ u s t r ɑ l i ɑ n s o t k ɑ	0
australiansotka	ɑ u s t r ɑː l i ɑ n s o t k ɑ	0
autentikointi	ɑ u t e n t i k o i̯ n t i	1
autio	ɑ u t i o	57
autioituminen	ɑ u t i o i̯ t u m i n e n	5
autisti	ɑ u t i s t i	2
auto	ɑ u t o	546
autobiografia	ɑ u t o b i o ɡ r ɑ f i ɑ	1
autodidakti	ɑ u t o d i d ɑ k t i	0
autografi	ɑ u t o ɡ r ɑ f i	0
autohalli	ɑ u t o h ɑ lː i	3
autoharja	ɑ u t o h ɑ r j ɑ	0
autoilla	ɑ u t o i̯ lː ɑ	44
autoilla	ɑ u t o i̯ lː ɑˣ	44
autoimmuuni	ɑ u t o i mː uː n i	0
autoistua	ɑ u t o i̯ s t u ɑˣ	0
autoistuminen	ɑ u t o i̯ s t u m i n e n	6
autojuna	ɑ u t o j u n ɑ	0
autolla	ɑ u t o lː ɑ	253
automaattistuminen	ɑ u t o m ɑː tː i s t u m i n e n	0
automaattitarkennus	ɑ u t o m ɑː tː i t ɑ r k e nː u s	5
automaattiteoria	ɑ u t o m ɑː tː i t e o r i ɑ	1
automaattivarasto	ɑ u t o m ɑː tː i ʋ ɑ r ɑ s t o	0
automatisoiminen	ɑ u t o m ɑ t i s o i̯ m i n e n	3
automatisoituminen	ɑ u t o m ɑ t i s o i̯ t u m i n e n	1
automorfismi	ɑ u t o m o r f i s m i	0
autonomia	ɑ u t o n o m i ɑ	14
autonrengas	ɑ u t o n r e ŋː ɑ s	0
autonrämä	ɑ u t o n r æ m æ	0
autopilotti	ɑ u t o p i l o tː i	6
autoplastia	ɑ u t o p l ɑ s t i ɑ	0
autoprotolyysi	ɑ u t o p r o t o l yː s i	0
autopukki	ɑ u t o p u kː i	0
autorahtikirja	ɑ u t o r ɑ h t i k i r j ɑ	0
autorata	ɑ u t o r ɑ t ɑ	1
autoregressiivinen	ɑ u t o r e ɡ r e sː iː ʋ i n e n	0
autorisoida	ɑ u t o r i s o i̯ d ɑˣ	0
autoritatiivinen	ɑ u t o r i t ɑ t iː ʋ i n e n	0
autosotamies	ɑ u t o s o t ɑ m i e̯ s	0
autotehdas	ɑ u t o t e h d ɑ s	2
autoteline	ɑ u t o t e l i n eˣ	0
auts	ɑ u t s	0
auttaa	ɑ u tː ɑːˣ	1861
auttaminen	ɑ u tː ɑ m i n e n	61
autuas	ɑ u t u ɑ s	20
auvo	ɑ u ʋ o	14
avaajapankki	ɑ ʋ ɑː j ɑ p ɑ ŋ kː i	0
avaaminen	ɑ ʋ ɑː m i n e n	82
avain	ɑ ʋ ɑ i̯ n	151
avainavaruus	ɑ ʋ ɑ i̯ n ɑ ʋ ɑ r uː s	0
avainbiotooppi	ɑ ʋ ɑ i̯ n b i o t oː pː i	0
avainehdokas	ɑ ʋ ɑ i̯ n e h d o k ɑ s	0
avainkaappi	ɑ ʋ ɑ i̯ n k ɑː pː i	0
avainkehys	ɑ ʋ ɑ i̯ n k e h y s	0
avainkoukku	ɑ ʋ ɑ i̯ n k o u̯ kː u	0
avainlaji	ɑ ʋ ɑ i̯ n l ɑ j i	0
avaintenvaihto	ɑ ʋ ɑ i̯ n t e n ʋ ɑ i̯ h t o	0
avainärsyke	ɑ ʋ ɑ i̯ n æ r s y k eˣ	0
avajaisnäyttely	ɑ ʋ ɑ j ɑ i̯ s n æ y̯ tː e l y	1
avannepussi	ɑ ʋ ɑ nː eˣ p u sː i	0
avantgardisti	ɑ ʋ ɑ n t ɡ ɑ r d i s t i	0
avanto	ɑ ʋ ɑ n t o	10
avantosukellus	ɑ ʋ ɑ n t o s u k e lː u s	0
avara	ɑ ʋ ɑ r ɑ	34
avartaminen	ɑ ʋ ɑ r t ɑ m i n e n	5
avartuminen	ɑ ʋ ɑ r t u m i n e n	1
avaruus	ɑ ʋ ɑ r uː s	81
avaruusisomeria	ɑ ʋ ɑ r uː s i s o m e r i ɑ	0
avaruusjärjestö	ɑ ʋ ɑ r uː s j æ r j e s t ø	5
avaruuskilpa	ɑ ʋ ɑ r uː s k i l p ɑ	1
avaruuskone	ɑ ʋ ɑ r uː s k o n eˣ	0
avaruuskoordinaatit	ɑ ʋ ɑ r uː s k oː r d i n ɑː t i t	1
avaruuskvantittuminen	ɑ ʋ ɑ r uː s k ʋ ɑ n t i tː u m i n e n	0
avaruuskäyrä	ɑ ʋ ɑ r uː s k æ y̯ r æ	0
avaruuslentokone	ɑ ʋ ɑ r uː s l e n t o k o n eˣ	0
avaruuslentäjä	ɑ ʋ ɑ r uː s l e n t æ j æ	0
avaruussukkula	ɑ ʋ ɑ r uː s s u kː u l ɑ	1
avaruusteleskooppi	ɑ ʋ ɑ r uː s t e l e s k oː pː i	2
avaruusteollisuus	ɑ ʋ ɑ r uː s t e o lː i s uː s	0
avaruustiede	ɑ ʋ ɑ r uː s t i e̯ d eˣ	1
avaruustoiminta	ɑ ʋ ɑ r uː s t o i̯ m i n t ɑ	0
avaruusvoimat	ɑ ʋ ɑ r uː s ʋ o i̯ m ɑ t	0
avaskulaarinen	ɑ ʋ ɑ s k u l ɑː r i n e n	0
avata	ɑ ʋ ɑ t ɑˣ	333
avausjuoksu	ɑ ʋ ɑ u s j u o̯ k s u	1
avausmaali	ɑ ʋ ɑ u s m ɑː l i	13
avautua	ɑ ʋ ɑ u t u ɑˣ	27
avautuminen	ɑ ʋ ɑ u t u m i n e n	26
avec	ɑ ʋ e k	9
averroismi	ɑ ʋ e rː o i̯ s m i	0
aversio	ɑ ʋ e r s i o	0
avesta	ɑ ʋ e s t ɑ	2
avidiini	ɑ ʋ i d iː n i	0
aviisi	ɑ ʋ iː s i	6
avio	ɑ ʋ i o	0
avioituminen	ɑ ʋ i o i̯ t u m i n e n	3
aviomies	ɑ ʋ i o m i e̯ s	42
avisoida	ɑ ʋ i s o i̯ d ɑˣ	0
avittaa	ɑ ʋ i tː ɑːˣ	4
avittaminen	ɑ ʋ i tː ɑ m i n e n	0
avo	ɑ ʋ o	6
avohame	ɑ ʋ o h ɑ m eˣ	0
avohousut	ɑ ʋ o h o u̯ s u t	0
avokado	ɑ ʋ o k ɑ d o	3
avokado	ɑ ʋ o k ɑː d o	3
avokas	ɑ ʋ o k ɑ s	1
avokelanauha	ɑ ʋ o k e l ɑ n ɑ u̯ h ɑ	0
avokysymys	ɑ ʋ o k y s y m y s	0
avolaavu	ɑ ʋ o l ɑː ʋ u	0
avoliekki	ɑ ʋ o l i e̯ kː i	1
avomeri	ɑ ʋ o m e r i	2
avomies	ɑ ʋ o m i e̯ s	4
avomurtuma	ɑ ʋ o m u r t u m ɑ	0
avosairaanhoito	ɑ ʋ o s ɑ i̯ r ɑː n h o i̯ t o	0
avosauma	ɑ ʋ o s ɑ u̯ m ɑ	1
avotalous	ɑ ʋ o t ɑ l o u s	0
avovaimo	ɑ ʋ o ʋ ɑ i̯ m o	6
avustaa	ɑ ʋ u s t ɑːˣ	186
avustajakoira	ɑ ʋ u s t ɑ j ɑ k o i̯ r ɑ	0
avustuspetos	ɑ ʋ u s t u s p e t o s	0
ayrshire	e i̯ ʃ i r	0
ayrshirelehmä	e i̯ ʃ i r l e h m æ	0
azerbaidžan	ɑ t s e r b ɑ i̯ d ʒ ɑ n	0
baari	b ɑː r i	47
baasis	b ɑː s i s	1
babesioosi	b ɑ b e s i oː s i	0
baby	b e i̯ b i	33
baby	b ɑ b y	33
backgammon	b æ k ɡ ɑ m o n	0
backgammon	b æ k ɡ ɑ mː o n	0
bagdad	b ɑ ɡ d ɑ d	2
bailaaminen	b ɑ i̯ l ɑː m i n e n	0
bailaus	b ɑ i̯ l ɑ u s	1
bainiitti	b ɑ i̯ n iː tː i	0
bakkanaali	b ɑ kː ɑ n ɑː l i	1
bakteriolyysi	b ɑ k t e r i o l yː s i	0
bakteriosiini	b ɑ k t e r i o s iː n i	0
balettineuvos	b ɑ l e tː i n e u̯ ʋ o s	0
balettitossu	b ɑ l e tː i t o sː u	0
balkanmakkara	b ɑ l k ɑ n m ɑ kː ɑ r ɑ	0
ballista	b ɑ lː i s t ɑ	0
balsamiviinietikka	b ɑ l s ɑ m i ʋ iː n i e t i kː ɑ	1
balusteri	b ɑ l u s t e r i	0
bambu	b ɑ m b u	3
bamlata	b ɑ m l ɑ t ɑˣ	0
banaali	b ɑ n ɑː l i	0
banaalistuminen	b ɑ n ɑː l i s t u m i n e n	0
banaani	b ɑ n ɑː n i	14
banaanikärpänen	b ɑ n ɑː n i k æ r p æ n e n	1
banaanipotku	b ɑ n ɑː n i p o t k u	0
banalisoituminen	b ɑ n ɑ l i s o i̯ t u m i n e n	0
banderolli	b ɑ n d e r o lː i	1
bangladesh	b ɑ ŋ l ɑ d e ʃ	9
bannata	b ɑ nː ɑ t ɑˣ	1
bantustan	b ɑ n t u s t ɑ n	0
barbaari	b ɑ r b ɑː r i	2
barbaarikyyhky	b ɑ r b ɑː r i k yː h k y	0
barbados	b ɑ r b ɑ d o s	1
baritoniavain	b ɑ r i t o n i ɑ ʋ ɑ i̯ n	0
barium	b ɑ r i u m	0
barografi	b ɑ r o ɡ r ɑ f i	0
barreli	b ɑ rː e l i	1
basaniitti	b ɑ s ɑ n iː tː i	0
baseball	b e i̯ s b oː l	0
basidio	b ɑ s i d i o	0
basilaarikalvo	b ɑ s i l ɑː r i k ɑ l ʋ o	1
basilika	b ɑ s i l i k ɑ	8
basilli	b ɑ s i lː i	0
basillinkantaja	b ɑ s i lː i n k ɑ n t ɑ j ɑ	0
basis	b ɑ s i s	3
basso	b ɑ sː o	69
bassosinkki	b ɑ sː o s i ŋ kː i	0
batoliitti	b ɑ t o l iː tː i	0
baudi	b ɑ u̯ d i	0
baudinopeus	b ɑ u̯ d i n o p e u s	1
bauksiitti	b ɑ u̯ k s iː tː i	0
bavarois	b ɑ ʋ ɑ r u ɑː	1
bavaroise	b ɑ ʋ ɑ r u ɑː s	0
bayesilainen	b ɑ i̯ e s i l ɑ i̯ n e n	0
bayesiläinen	b e i̯ s i l æ i̯ n e n	1
beat	b iː t	39
beatmusiikki	b iː t m u s iː kː i	0
beaucenpaimenkoira	b o s e n p ɑ i̯ m e n k o i̯ r ɑ	0
bebee	b e b eː	0
bee	b eː	3
bees	b eː s	2
beesi	b eː s i	0
beessi	b eː sː i	0
beeta	b eː t ɑ	0
beetasalpaaja	b eː t ɑ s ɑ l p ɑː j ɑ	1
beignet	b e n j eː	0
belgia	b e l ɡ i ɑ	36
belize	b e l i t s e	1
benjam	b e n j ɑ m	0
benjamin	b e n j ɑ m i n	37
bensapumppu	b e n s ɑ p u m pː u	0
bensatankki	b e n s ɑ t ɑ ŋ kː i	1
bensiini	b e n s iː n i	19
bentseenirengas	b e n t s eː n i r e ŋː ɑ s	0
berliini	b e r l iː n i	17
bertta	b e r tː ɑ	9
betelgeuze	b e t e l ɡ e u s e	4
betoni	b e t o n i	42
betoniharkko	b e t o n i h ɑ r kː o	0
betonipalkki	b e t o n i p ɑ l kː i	0
betoniputki	b e t o n i p u t k i	0
betoniraudoitus	b e t o n i r ɑ u̯ d o i̯ t u s	0
betonireikätiili	b e t o n i r e i̯ k æ t iː l i	0
betonisekoitin	b e t o n i s e k o i̯ t i n	0
betoniseos	b e t o n i s e o s	0
betonivalu	b e t o n i ʋ ɑ l u	2
betoniverkko	b e t o n i ʋ e r kː o	0
bhutan	b u t ɑ n	0
bi	b i	27
bi	b iː	27
bibliofilia	b i b l i o f i l i ɑ	0
biduaali	b i d u ɑː l i	1
biennaali	b i e̯ nː ɑː l i	0
biisi	b iː s i	155
biitti	b iː tː i	5
bijektiivinen	b i j e k t iː ʋ i n e n	0
bikinit	b i k i n i t	2
bikonditionaali	b i k o n d i t i o n ɑː l i	0
bilateraaliset	b i l ɑ t e r ɑː l i s e t	0
bileet	b i l eː t	27
biljoona	b i l j oː n ɑ	0
bilsa	b i l s ɑ	0
bimediaani	b i m e d i ɑː n i	0
bimodaalinen	b i m o d ɑː l i n e n	1
binaaripuu	b i n ɑː r i p uː	0
binäärihaku	b i n æː r i h ɑ k u	0
binäärikello	b i n æː r i k e lː o	0
bioaktiivinen	b i o ɑ k t iː ʋ i n e n	0
bioakustiikka	b i o ɑ k u s t iː kː ɑ	0
bioakustinen	b i o ɑ k u s t i n e n	0
bioenergia	b i o e n e r ɡ i ɑ	3
bioetanoli	b i o e t ɑ n o l i	0
biofilmi	b i o f i l m i	0
biogerontologi	b i o ɡ e r o n t o l o ɡ i	0
biohakkerointi	b i o h ɑ kː e r o i̯ n t i	0
biojalostamo	b i o j ɑ l o s t ɑ m o	0
biojäte	b i o j æ t eˣ	32
biolasi	b i o l ɑ s i	0
biologi	b i o l o ɡ i	23
biologia	b i o l o ɡ i ɑ	52
biologismi	b i o l o ɡ i s m i	3
biomagnetismi	b i o m ɑ ɡ n e t i s m i	0
biomerkkiaine	b i o m e r kː i ɑ i̯ n eˣ	0
biometeorologia	b i o m e t e o r o l o ɡ i ɑ	0
biometria	b i o m e t r i ɑ	3
biometriikka	b i o m e t r iː kː ɑ	0
bioniikka	b i o n iː kː ɑ	0
bioninen	b i o n i n e n	0
bioreaktori	b i o r e ɑ k t o r i	0
bioresurssi	b i o r e s u r sː i	0
biosensori	b i o s e n s o r i	1
biosfääri	b i o s f æː r i	0
biosimilaari	b i o s i m i l ɑː r i	0
biostratigrafia	b i o s t r ɑ t i ɡ r ɑ f i ɑ	0
biotaide	b i o t ɑ i̯ d eˣ	0
biotalous	b i o t ɑ l o u s	0
biotunniste	b i o t u nː i s t eˣ	0
bioturbaatio	b i o t u r b ɑː t i o	0
biotyyppi	b i o t yː pː i	1
biovaara	b i o ʋ ɑː r ɑ	0
biseksuaali	b i s e k s u ɑː l i	0
biseksuaalisuus	b i s e k s u ɑː l i s uː s	1
bisnes	b i s n e s	21
bittikartta	b i tː i k ɑ r tː ɑ	1
bittikarttakuva	b i tː i k ɑ r tː ɑ k u ʋ ɑ	0
bittinikkari	b i tː i n i kː ɑ r i	1
bittinopeus	b i tː i n o p e u s	3
bittisyvyys	b i tː i s y ʋ yː s	0
bittitaso	b i tː i t ɑ s o	0
bittivirta	b i tː i ʋ i r t ɑ	0
bitumikeitin	b i t u m i k e i̯ t i n	0
bitumikermi	b i t u m i k e r m i	3
bitumiteippi	b i t u m i t e i̯ pː i	0
blackjack	b l æ k d ʒ æ k	1
blandaaminen	b l ɑ n d ɑː m i n e n	0
blogaaminen	b l o ɡ ɑː m i n e n	0
blogata	b l o ɡ ɑ t ɑˣ	0
blogi	b l o ɡ i	0
blokki	b l o kː i	8
blokkiintuminen	b l o kː iː n t u m i n e n	0
blokkiutuminen	b l o kː i u t u m i n e n	0
blosis	b l o s i s	0
bluetooth	b l uː t uː t	12
bläkkäri	b l æ kː æ r i	0
boa	b o ɑ	1
boa	b oː ɑ	1
bodata	b o d ɑ t ɑˣ	0
bodi	b o d i	2
body	b o d i	57
body	b o d y	57
bodybuilding	b ɑ d i b i l d i ŋ	1
boerboel	b u r b u l	0
bofori	b o f o r i	0
bogey	b o ɡ i	0
boikotoida	b o i̯ k o t o i̯ d ɑˣ	1
boksi	b o k s i	3
bolero	b o l e r o	2
bolognankastike	b o l o ɡ n ɑ n k ɑ s t i k eˣ	0
bolognese	b o l o ŋː eː s e	2
bolognesekastike	b o l o ɡ n eː s e k ɑ s t i k eˣ	0
bolometri	b o l o m e t r i	0
bolševikki	b o l ʃ e ʋ i kː i	0
bonapartismi	b o n ɑ p ɑ r t i s m i	0
bongaaminen	b o ŋː ɑː m i n e n	0
bonjata	b o n j ɑ t ɑˣ	0
booli	b oː l i	4
booriryhmä	b oː r i r y h m æ	0
booriteräs	b oː r i t e r æ s	0
bootata	b uː t ɑ t ɑˣ	0
bootsi	b uː t s i	0
bordeaux	b o r d oː	3
bordeauxindoggi	b o r d oː n d o ɡː i	0
bordercollie	b o r d e r k o lː i e	2
borniitti	b o r n iː tː i	0
boronihappo	b o r o n i h ɑ pː o	0
borosilikaattilasi	b o r o s i l i k ɑː tː i l ɑ s i	0
borrelioosi	b o rː e l i oː s i	3
bosa	b o s ɑ	0
botswana	b o t s w ɑ n ɑ	3
botti	b o tː i	0
bottiverkko	b o tː i ʋ e r kː o	0
bowdlerismi	b ɑ u̯ d l e r i s m i	0
bowdlerisoida	b ɑ u̯ d l e r i s o i̯ d ɑˣ	0
brandy	b r æ n d i	5
brandyjen	b r æ n d i e n	0
brasilia	b r ɑ s i l i ɑ	24
brasilialainen	b r ɑ s i l i ɑ l ɑ i̯ n e n	12
brassailla	b r ɑ sː ɑ i̯ lː ɑˣ	1
brasserie	b r ɑ sː e r iː	3
breikata	b r e i̯ k ɑ t ɑˣ	2
brenkku	b r e ŋ kː u	0
bridge	b r i d ɡ e	11
brie	b r iː	0
briejuusto	b r iː j uː s t o	0
briiffaus	b r iː fː ɑ u s	1
britti	b r i tː i	7
brittipop	b r i tː i p o p	0
broachata	b r o u̯ t s ɑ t ɑ	0
broidi	b r o i̯ d i	1
broilerimauste	b r o i̯ l e r i m ɑ u̯ s t eˣ	0
bromi	b r o m i	0
bronkioli	b r o ŋ k i o l i	0
bronkopulmonaalinen	b r o ŋ k o p u l m o n ɑː l i n e n	1
bronx	b r o ŋ k s	2
broutsata	b r o u̯ t s ɑ t ɑ	0
brunei	b r u n e i̯	0
brutaali	b r u t ɑː l i	3
brutalismi	b r u t ɑ l i s m i	0
bruttokaava	b r u tː o k ɑː ʋ ɑ	0
bruttotuotanto	b r u tː o t u o̯ t ɑ n t o	0
bryssel	b r y sː e l	17
brysselinkaali	b r y sː e l i n k ɑː l i	0
bryssä	b r y sː æ	0
brändi	b r æ n d i	5
brändien	b r æ n d i e n	2
brändätä	b r æ n d æ t æˣ	0
brändö	b r e n d øː	7
brändö	b r æ n d øː	7
budi	b u d i	0
budjetoiminen	b u d j e t o i̯ m i n e n	0
budjettikeskustelu	b u d j e tː i k e s k u s t e l u	0
budjettiliite	b u d j e tː i l iː t eˣ	0
budjettineuvos	b u d j e tː i n e u̯ ʋ o s	0
budjettiviranomainen	b u d j e tː i ʋ i r ɑ n o m ɑ i̯ n e n	0
buffet	b u fː e tː i	13
buffet	b y fː eː	13
buffetti	b u fː e tː i	1
buffetti	p u fː e tː i	1
buffetti	p u h ʋ e tː i	1
bugi	b u ɡ i	2
bulgaria	b u l ɡ ɑ r i ɑ	10
bulimikko	b u l i m i kː o	0
bulletiini	b u lː e t iː n i	7
bulvaani	b u l ʋ ɑː n i	1
bungata	b u ŋː ɑ t ɑˣ	0
bunkata	b u ŋ k ɑ t ɑˣ	0
burgeri	b u r ɡ e r i	0
burma	b u r m ɑ	9
burrito	b u rː i t o	0
business	b i s n e s	197
business	b u s i n e sː	197
business	p i s n e s	197
bussi	b u sː i	79
bussikaista	b u sː i k ɑ i̯ s t ɑ	0
bussinkuljettaja	b u sː i n k u l j e tː ɑ j ɑ	2
bussionnettomuus	b u sː i o nː e tː o m uː s	0
bussiturma	b u sː i t u r m ɑ	0
bussoli	b u sː o l i	0
butaani	b u t ɑː n i	1
buulaaki	b uː l ɑː k i	0
buutata	b uː t ɑ t ɑˣ	0
byrokraattistuminen	b y r o k r ɑː tː i s t u m i n e n	0
byrokratisoituminen	b y r o k r ɑ t i s o i̯ t u m i n e n	0
bändi	b æ n d i	412
bärsse	b æ r sː eˣ	0
bää	b æː	0
bébé	b e b eː	0
böö	b øː	0
c	s eː	900
caesarkastike	k eː sː ɑ r k ɑ s t i k eˣ	0
caesarkastike	s eː sː ɑ r k ɑ s t i k eˣ	0
camembert	k ɑ m e m b e r t	0
camembert	k ɑ m e m b æː r	0
camembertjuusto	k ɑ m e m b e r t j uː s t o	0
camembertjuusto	k ɑ m e m b æː r j uː s t o	0
cancan	k æ n k æ n	0
cancan	k ɑ n k ɑ n	0
cancan	k ɑ ŋ k ɑ n	0
candomblé	k ɑ n d o m b l eː	0
carbonara	k ɑ r b o n ɑː r ɑ	0
cashewpähkinä	k æ ʃ uː p æ h k i n æ	0
cashewpähkinä	k æ ʃ yː p æ h k i n æ	0
cd	s eː d eː	117
cee	s eː	0
ceilometri	s e i̯ l o m e t r i	0
celesta	t ʃ e l e s t ɑ	0
celsius	s e l sː i u s	9
celsiusaste	s e l sː i u s ɑ s t eˣ	0
cembalisti	t ʃ e m b ɑ l i s t i	4
cembalo	t ʃ e m b ɑ l o	2
ceres	k e r e s	2
cerium	s eː r i u m	0
ces	s e s	2
ceses	s e s e s	0
cesium	k eː s i u m	23
cesium	s eː s i u m	23
charmikas	ʃ ɑ r m i k ɑ s	1
chateaubriand	ʃ ɑ t oː b r i j ɑ n	0
chatti	s æ tː i	2
chatti	t s æ tː i	2
chatti	t ʃ æ tː i	2
cheddar	t ʃ e dː ɑ r	0
cheddarjuusto	t ʃ e dː ɑ r j uː s t o	0
chic	ʃ i k	3
chihuahua	t ʃ i h u ɑ h u ɑ	0
chikungunya	t ʃ i k u ŋ ɡ u n j ɑ	0
chile	t ʃ iː l e	11
chimichurri	t ʃ i m i t ʃ u rː i	0
chipata	t ʃ i p ɑ t ɑˣ	0
chips	ʃ i p s	9
chopperi	t ʃ o pː e r i	0
châteauviini	ʃ ɑ t oː ʋ iː n i	0
ciabatta	t ʃ ɑ b ɑ tː ɑ	0
cirrocumulus	s i rː o k u m u l u s	0
cirrostratus	s i rː o s t r ɑ t u s	0
cirrus	s i rː u s	0
cis	s i s	3
citykani	s i t i k ɑ n i	0
civis	k iː ʋ i s	0
cloisonné	k l o i̯ s o nː eː	0
cloisonné	k l o ɑ s o nː eː	0
clou	k l o u̯	1
clou	k l uː	1
clydesdalenhevonen	k l ɑ i̯ d s d e i̯ l e n h e ʋ o n e n	0
cocktail	k o k t e i̯ l	6
cocktail	k o k t ɑ i̯ l	6
cocktailkastike	k o k t ɑ i̯ l k ɑ s t i k eˣ	0
college	k o l i d s	29
college	k o l i d s i	29
collegepusero	k o l i d s p u s e r o	0
collie	k o lː i e	3
collie	k o lː iː	3
colorado	k o l o r ɑ d o	4
colorado	k o l o r ɑː d o	4
comeback	k ɑ m b æ k	2
comeback	k ɑ m b æ kː i	2
compo	k o m p o	0
connecticut	k o nː e k t i k u t	1
continuum	k o n t i n u u m	0
copy	k o p y	44
coulombi	k u l o m b i	0
country	k ɑ n t r i	36
coupé	k u p eː	2
couscous	k u s k u s	3
cover	k o ʋ e r	6
coverbändi	k o ʋ e r b æ n d i	1
coverversio	k o ʋ e r ʋ e r s i o	0
cowboy	k ɑ u̯ b o i̯	2
crack	k r æ k	2
croissant	k r o i̯ sː ɑ n t	0
croissant	k r o ɑ s ɑː n	0
cumulonimbus	k u m u l o n i m b u s	0
cumulus	k u m u l u s	28
cunningham	k u nː i ŋ h ɑ m	1
cunningham	k ɑ n i ŋ h æ m	1
cup	k ɑ p	96
curling	k u r l i ŋ	7
curling	k øː r l i ŋ	7
cv	s eː ʋ eː	29
d	d eː	504
daavid	d ɑː ʋ i d	30
daavidintähti	d ɑː ʋ i d i n t æ h t i	0
dacca	d ɑ kː ɑ	0
dagerrotypia	d ɑ ɡ e rː o t y p i ɑ	0
daktyloskopia	d ɑ k t y l o s k o p i ɑ	0
dallari	d ɑ lː ɑ r i	0
dallaspulla	d ɑ lː ɑ s p u lː ɑ	0
dalmatika	d ɑ l m ɑ t i k ɑ	0
damaskoida	d ɑ m ɑ s k o i̯ d ɑˣ	0
dandy	d æ n d i	1
daniel	d ɑ n i e l	81
darra	d ɑ rː ɑ	1
datapainotteinen	d ɑ t ɑ p ɑ i̯ n o tː e i̯ n e n	0
datatalous	d ɑ t ɑ t ɑ l o u s	0
datatieteilijä	d ɑ t ɑ t i e̯ t e i̯ l i j æ	0
dataväylä	d ɑ t ɑ ʋ æ y̯ l æ	0
dateeraaminen	d ɑ t eː r ɑː m i n e n	0
datumi	d ɑ t u m i	0
datša	d ɑ t ʃ ɑ	0
deadline	d e d l ɑ i̯ n	20
deaminaasi	d e ɑ m i n ɑː s i	0
debattikirjallisuus	d e b ɑ tː i k i r j ɑ lː i s uː s	0
debet	d eː b e t	2
debytoida	d e b y t o i̯ d ɑˣ	0
debytoiminen	d e b y t o i̯ m i n e n	1
dedifferentiaatio	d e d i fː e r e n t i ɑː t i o	0
dedikaatio	d e d i k ɑː t i o	0
dedikoida	d e d i k o i̯ d ɑˣ	0
dee	d eː	5
deejii	d eː j iː	0
deeku	d eː k u	0
defenssi	d e f e n sː i	0
defibrillaatio	d e f i b r i lː ɑː t i o	0
deflatoida	d e f l ɑ t o i̯ d ɑˣ	0
defragmentoida	d e f r ɑ ɡ m e n t o i̯ d ɑˣ	0
degeneraatioaste	d e ɡ e n e r ɑː t i o ɑ s t eˣ	0
degeneratiivinen	d e ɡ e n e r ɑ t iː ʋ i n e n	1
degeneroituminen	d e ɡ e n e r o i̯ t u m i n e n	0
dehydraatio	d e h y d r ɑː t i o	1
dehydrataatio	d e h y d r ɑ t ɑː t i o	0
dehydraus	d e h y d r ɑ u s	0
dehydrogenaasi	d e h y d r o ɡ e n ɑː s i	0
deimos	d e i̯ m o s	1
dekarboksylaasi	d e k ɑ r b o k s y l ɑː s i	0
dekkari	d e kː ɑ r i	5
deklaratiivinen	d e k l ɑ r ɑ t iː ʋ i n e n	0
dekoherenssi	d e k o h e r e n sː i	0
dekompositio	d e k o m p o s i t i o	0
dekonstruktivismi	d e k o n s t r u k t i ʋ i s m i	0
dekonvoluutio	d e k o n ʋ o l uː t i o	0
dekooderi	d e k oː d e r i	2
dekooderia	d e k oː d e r i ɑ	0
dekoroida	d e k o r o i̯ d ɑˣ	0
dekriminalisoida	d e k r i m i n ɑ l i s o i̯ d ɑˣ	0
delaaminen	d e l ɑː m i n e n	0
delaware	d e l ɑ w ɑ r e	0
delaware	d e l ɑ ʋ eː r	0
delaware	d e l ɑ ʋ ɑ r e	0
delegoiminen	d e l e ɡ o i̯ m i n e n	1
delfiini	d e l f iː n i	2
delokalisaatioenergia	d e l o k ɑ l i s ɑː t i o e n e r ɡ i ɑ	0
delokalisoituminen	d e l o k ɑ l i s o i̯ t u m i n e n	0
delta	d e l tː ɑ	41
deltasiipinen	d e l t ɑ s iː p i n e n	0
deltasiipinen	d e l tː ɑ s iː p i n e n	0
deltoidi	d e l t o i̯ d i	0
demagnetisoida	d e m ɑ ɡ n e t i s o i̯ d ɑˣ	0
demagnetoiminen	d e m ɑ ɡ n e t o i̯ m i n e n	0
demantoidi	d e m ɑ n t o i̯ d i	0
dementoituminen	d e m e n t o i̯ t u m i n e n	1
demilitarisoida	d e m i l i t ɑ r i s o i̯ d ɑˣ	0
demilitarisoiminen	d e m i l i t ɑ r i s o i̯ m i n e n	0
demodulaatio	d e m o d u l ɑː t i o	0
demodulaattori	d e m o d u l ɑː tː o r i	0
demoduloida	d e m o d u l o i̯ d ɑˣ	0
demokraatti	d e m o k r ɑː tː i	0
demokraattistaminen	d e m o k r ɑː tː i s t ɑ m i n e n	0
demokraattistuminen	d e m o k r ɑː tː i s t u m i n e n	0
demokratia	d e m o k r ɑ t i ɑ	111
demokratisoiminen	d e m o k r ɑ t i s o i̯ m i n e n	3
demokratisoituminen	d e m o k r ɑ t i s o i̯ t u m i n e n	1
demonauha	d e m o n ɑ u̯ h ɑ	1
demonismi	d e m o n i s m i	0
demonisoida	d e m o n i s o i̯ d ɑˣ	3
demonstratiivipronomini	d e m o n s t r ɑ t iː ʋ i p r o n o m i n i	0
demoralisoituminen	d e m o r ɑ l i s o i̯ t u m i n e n	0
demoskene	d e m o s k e n e	0
denaturaatio	d e n ɑ t u r ɑː t i o	0
denaturoiminen	d e n ɑ t u r o i̯ m i n e n	0
denaturoituminen	d e n ɑ t u r o i̯ t u m i n e n	0
dendrokronologi	d e n d r o k r o n o l o ɡ i	0
dendrologi	d e n d r o l o ɡ i	0
densiteetti	d e n s i t eː tː i	0
densitometri	d e n s i t o m e t r i	2
densitometria	d e n s i t o m e t r i ɑ	0
dentaalinen	d e n t ɑː l i n e n	0
dentilabiaalinen	d e n t i l ɑ b i ɑː l i n e n	0
denudaatio	d e n u d ɑː t i o	0
deontologi	d e o n t o l o ɡ i	0
deontologia	d e o n t o l o ɡ i ɑ	0
depis	d e p i s	0
deponenttiverbi	d e p o n e n tː i ʋ e r b i	0
depressio	d e p r e sː i o	23
deputaatio	d e p u t ɑː t i o	0
derivaattori	d e r i ʋ ɑː tː o r i	0
derivoiminen	d e r i ʋ o i̯ m i n e n	0
derkku	d e r kː u	0
des	d e s	43
deses	d e s e s	0
design	d i s ɑ i̯ n	123
designer	d i s ɑ i̯ n e r	5
desimaali	d e s i m ɑː l i	2
desimaalierotin	d e s i m ɑː l i e r o t i n	2
desimaalikehitelmä	d e s i m ɑː l i k e h i t e l m æ	1
desimaalimuoto	d e s i m ɑː l i m u o̯ t o	0
desimi	d e s i m i	0
desimoli	d e s i m o l i	0
desinfioiminen	d e s i n f i o i̯ m i n e n	1
deskriptivismi	d e s k r i p t i ʋ i s m i	0
desoksiribonukleiinihappo	d e s o k s i r i b o n u k l e i̯ː n i h ɑ pː o	0
destruktori	d e s t r u k t o r i	0
detergentti	d e t e r ɡ e n tː i	0
determinoida	d e t e r m i n o i̯ d ɑˣ	0
detritaalinen	d e t r i t ɑː l i n e n	0
deuteranopia	d e u̯ t e r ɑ n o p i ɑ	0
devalvoiminen	d e ʋ ɑ l ʋ o i̯ m i n e n	0
devalvoituminen	d e ʋ ɑ l ʋ o i̯ t u m i n e n	3
devianssi	d e ʋ i ɑ n sː i	0
diabaattinen	d i ɑ b ɑː tː i n e n	0
diabetes	d i ɑ b e t e s	93
diabetes	d i ɑ b eː tː e s	93
diabolinen	d i ɑ b o l i n e n	0
diaesitys	d i ɑ e s i t y s	6
diafilmi	d i ɑ f i l m i	0
diageneesi	d i ɑ ɡ e n eː s i	0
diagnoosi	d i ɑ ɡ n oː s i	85
diagnosoiminen	d i ɑ ɡ n o s o i̯ m i n e n	0
diagnosointivaihe	d i ɑ ɡ n o s o i̯ n t i ʋ ɑ i̯ h eˣ	0
diagonaali	d i ɑ ɡ o n ɑː l i	0
diagonalisoida	d i ɑ ɡ o n ɑ l i s o i̯ d ɑˣ	0
diagonalisointi	d i ɑ ɡ o n ɑ l i s o i̯ n t i	0
diagonalisoituva	d i ɑ ɡ o n ɑ l i s o i̯ t u ʋ ɑ	0
diagramma	d i ɑ ɡ r ɑ mː ɑ	0
diakineesi	d i ɑ k i n eː s i	0
diakki	d i ɑ kː i	0
dialektologi	d i ɑ l e k t o l o ɡ i	0
dialektologinen	d i ɑ l e k t o l o ɡ i n e n	1
dialogi	d i ɑ l o ɡ i	51
dialyysi	d i ɑ l yː s i	1
diamagnetismi	d i ɑ m ɑ ɡ n e t i s m i	0
diamiktiitti	d i ɑ m i k t iː tː i	0
diapaussi	d i ɑ p ɑ u sː i	0
diastrofinen	d i ɑ s t r o f i n e n	1
diatermia	d i ɑ t e r m i ɑ	0
diaterminen	d i ɑ t e r m i n e n	0
diatominen	d i ɑ t o m i n e n	0
dieetti	d i e̯ː tː i	14
dieettikokis	d i e̯ː tː i k o k i s	0
diegeesi	d i e̯ ɡ eː s i	0
diegeettinen	d i e̯ ɡ eː tː i n e n	0
dielektrinen	d i e l e k t r i n e n	1
diereesi	d i e̯ r eː s i	0
diesel	d iː s e l	18
dieselmoottori	d iː s e l m oː tː o r i	10
dieselöljy	d iː s e l ø l j y	4
differenssi	d i fː e r e n sː i	0
differenssimenetelmä	d i fː e r e n sː i m e n e t e l m æ	0
differentioituminen	d i fː e r e n t i o i̯ t u m i n e n	0
differentti	d i fː e r e n tː i	1
diffraktio	d i f r ɑ k t i o	0
diffraktometri	d i fː r ɑ k t o m e t r i	0
diffundoituvuus	d i fː u n d o i̯ t u ʋ uː s	0
diffusoida	d i fː u s o i̯ d ɑˣ	0
diffuusioprosessi	d i fː uː s i o p r o s e sː i	0
diffuusori	d i fː uː s o r i	0
difteria	d i f t e r i ɑ	0
digamma	d i ɡ ɑ mː ɑ	0
digata	d i ɡ ɑ t ɑˣ	0
diggaaminen	d i ɡː ɑː m i n e n	0
digikamera	d i ɡ i k ɑ m e r ɑ	4
digisovitin	d i ɡ i s o ʋ i t i n	2
digitaalistuminen	d i ɡ i t ɑː l i s t u m i n e n	0
digitalisaatio	d i ɡ i t ɑ l i s ɑː t i o	0
digitalisoida	d i ɡ i t ɑ l i s o i̯ d ɑˣ	2
digitalisoiminen	d i ɡ i t ɑ l i s o i̯ m i n e n	1
digitoiminen	d i ɡ i t o i̯ m i n e n	1
digrafi	d i ɡ r ɑ f i	0
diili	d iː l i	2
dikotominen	d i k o t o m i n e n	1
dilataatio	d i l ɑ t ɑː t i o	1
dilatoni	d i l ɑ t o n i	0
dildo	d i l d o	1
diluutio	d i l uː t i o	0
diminuutio	d i m i n uː t i o	0
dimotiki	d i m o t i k i	0
dinaarinen	d i n ɑː r i n e n	0
dingo	d i ŋː o	12
diodi	d i o d i	3
dioraama	d i o r ɑː m ɑ	0
dipeptidi	d i p e p t i d i	0
diplomatiikka	d i p l o m ɑ t iː kː ɑ	1
diploteeni	d i p l o t eː n i	0
dippaaminen	d i pː ɑː m i n e n	0
dipsomaani	d i p s o m ɑː n i	0
dirika	d i r i k ɑ	2
dis	d i s	6
disharmonia	d i s h ɑ r m o n i ɑ	0
disinformaatikko	d i s i n f o r m ɑː t i kː o	0
disinvestoida	d i s i n ʋ e s t o i̯ d ɑˣ	0
diskaaminen	d i s k ɑː m i n e n	0
diskanttikaiutin	d i s k ɑ n tː i k ɑ i̯ u t i n	0
diskata	d i s k ɑ t ɑˣ	0
diskaus	d i s k ɑ u s	2
diskonfirmaatio	d i s k o n f i r m ɑː t i o	0
diskonttaaminen	d i s k o n tː ɑː m i n e n	0
diskordanssi	d i s k o r d ɑ n sː i	0
diskreditoida	d i s k r e d i t o i̯ d ɑˣ	0
diskretisoida	d i s k r e t i s o i̯ d ɑˣ	0
diskretoida	d i s k r e t o i̯ d ɑˣ	0
diskretointi	d i s k r e t o i̯ n t i	0
diskurssianalyyttinen	d i s k u r sː i ɑ n ɑ l yː tː i n e n	2
diskvalifioiminen	d i s k ʋ ɑ l i f i o i̯ m i n e n	0
dismeriitti	d i s m e r iː tː i	0
dispergoida	d i s p e r ɡ o i̯ d ɑˣ	0
dispersiolakka	d i s p e r s i o l ɑ kː ɑ	0
dispersiovoima	d i s p e r s i o ʋ o i̯ m ɑ	0
disperssi	d i s p e r sː i	0
disputaatio	d i s p u t ɑː t i o	0
dissektio	d i sː e k t i o	0
disseminoitunut	d i sː e m i n o i̯ t u n u t	0
dissonanssi	d i sː o n ɑ n sː i	0
dissosiaatio	d i sː o s i ɑː t i o	0
dissosiaatioenergia	d i sː o s i ɑː t i o e n e r ɡ i ɑ	0
dissosiatiivinen	d i sː o s i ɑ t iː ʋ i n e n	0
dissosioida	d i sː o s i o i̯ d ɑˣ	0
dissosioitua	d i sː o s i o i̯ t u ɑˣ	0
dissosioitumaton	d i sː o s i o i̯ t u m ɑ t o n	0
distanssi	d i s t ɑ n sː i	1
distinktio	d i s t i ŋ k t i o	0
distributiivinen	d i s t r i b u t iː ʋ i n e n	0
disyaani	d i s y ɑː n i	0
dittografia	d i tː o ɡ r ɑ f i ɑ	0
diureettinen	d i u̯ r eː tː i n e n	0
divalentti	d i ʋ ɑ l e n tː i	0
divari	d i ʋ ɑ r i	2
divergoida	d i ʋ e r ɡ o i̯ d ɑˣ	0
diversifikaatio	d i ʋ e r s i f i k ɑː t i o	0
diversifioitua	d i ʋ e r s i f i o i̯ t u ɑˣ	0
diversifioituminen	d i ʋ e r s i f i o i̯ t u m i n e n	0
divestoida	d i ʋ e s t o i̯ d ɑˣ	0
divetymonoksidi	d i ʋ e t y m o n o k s i d i	0
dixieland	d i k s i l æ n d i	2
dj	d eː j iː	48
dna	d eː æ n ɑː	87
dnepr	d n e p r	0
dobra	d o b r ɑ	0
dodo	d o d o	8
dokaaminen	d o k ɑː m i n e n	0
dokata	d o k ɑ t ɑˣ	0
doku	d o k u	1
dokumentoiminen	d o k u m e n t o i̯ m i n e n	6
dokumentointijärjestelmä	d o k u m e n t o i̯ n t i j æ r j e s t e l m æ	5
doleriitti	d o l e r iː tː i	0
dolikoli	d o l i k o l i	0
dollari	d o lː ɑ r i	7
dollarihymy	d o lː ɑ r i h y m y	0
domestikaatio	d o m e s t i k ɑː t i o	1
domestikoida	d o m e s t i k o i̯ d ɑˣ	0
dominaatio	d o m i n ɑː t i o	0
dominantti	d o m i n ɑ n tː i	1
domino	d o m i n o	16
dominoiminen	d o m i n o i̯ m i n e n	0
donaattori	d o n ɑː tː o r i	0
donjoni	d o n j o n i	0
donkkaaminen	d o ŋ kː ɑː m i n e n	0
donori	d o n o r i	0
doping	d o u̯ p i ŋ	7
douppaaminen	d o u̯ pː ɑː m i n e n	0
doxxata	d o k s ɑ t ɑˣ	0
doxxaus	d o k s ɑ u s	0
draiveri	d r ɑ i̯ ʋ e r i	0
dramatisoiminen	d r ɑ m ɑ t i s o i̯ m i n e n	0
dreija	d r e i̯ j ɑ	0
dreijata	d r e i̯ j ɑ t ɑˣ	0
dromedaari	d r o m e d ɑː r i	0
drone	d r o n e	0
drooni	d r oː n i	0
droppi	d r o pː i	0
druidi	d r u i̯ d i	1
druidismi	d r u i̯ d i s m i	0
duaalinen	d u ɑː l i n e n	0
duaalisuus	d u ɑː l i s uː s	1
dualiteetti	d u ɑ l i t eː tː i	0
duchesseperunasose	d y ʃ e s p e r u n ɑ s o s eˣ	0
dulcimer	d u l s i m e r	0
dumari	d u m ɑ r i	0
duniitti	d u n iː tː i	0
duodesimi	d u o̯ d e s i m i	0
duoli	d u o̯ l i	0
duopoli	d u o̯ p o l i	0
duplikoida	d u p l i k o i̯ d ɑˣ	1
durak	d u r ɑ kː	0
durio	d u r i o	0
duunari	d uː n ɑ r i	4
duunata	d uː n ɑ t ɑˣ	0
duuni	d uː n i	7
duuri	d uː r i	1
dyadi	d y ɑ d i	0
dynamiitti	d y n ɑ m iː tː i	6
dynastinen	d y n ɑ s t i n e n	0
dysenteria	d y s e n t e r i ɑ	1
dysfagia	d y s f ɑ ɡ i ɑ	0
dysforia	d y s f o r i ɑ	0
dysfunktio	d y s f u ŋ k t i o	1
dysmorfinen	d y s m o r f i n e n	0
dysplasia	d y s p l ɑ s i ɑ	6
dystonia	d y s t o n i ɑ	8
dystymia	d y s t y m i ɑ	0
dyykata	d yː k ɑ t ɑˣ	0
dyyni	d yː n i	2
dödata	d ø d ɑ t ɑˣ	0
döfis	d ø f i s	0
dörtsi	d ø r t s i	1
dösis	d ø s i s	0
dösä	d ø s æ	0
džonkki	d ʒ o ŋ kː i	0
e	eː	944
ebola	e b o l ɑ	2
eckerö	e kː e r øː	7
eckerö	e kː æ r øː	7
ecu	e k u	2
edelle	e d e lː eˣ	87
edelleenkin	e d e lː eː ŋ k i n	437
edelleenkuljetus	e d e lː eː n k u l j e t u s	0
edelleenkään	e d e lː eː ŋ k æː n	64
edelleenohjaus	e d e lː eː n o h j ɑ u s	2
edelleenvuokraus	e d e lː eː n ʋ u o̯ k r ɑ u s	1
edellinen	e d e lː i n e n	305
edellisilta	e d e lː i s i l t ɑ	1
edelliskertainen	e d e lː i s k e r t ɑ i̯ n e n	0
edelliskesäinen	e d e lː i s k e s æ i̯ n e n	0
edellyttäminen	e d e lː y tː æ m i n e n	1
edellyttää	e d e lː y tː æːˣ	2772
edellytys	e d e lː y t y s	326
edellä	e d e lː æ	2761
edelläkävijäkansa	e d e lː æ k æ ʋ i j æ k ɑ n s ɑ	0
edelläkäypä	e d e lː æ k æ y̯ p æ	0
edelläkäyvä	e d e lː æ k æ y̯ ʋ æ	0
edelläoleva	e d e lː æ o l e ʋ ɑ	5
edeltä	e d e l t æ	23
edeltäjä	e d e l t æ j æ	28
edeltäminen	e d e l t æ m i n e n	0
edeltäpäin	e d e l t æ p æ i̯ n	7
edeltää	e d e l t æːˣ	55
edemmäs	e d e mː æ s	7
edentää	e d e n t æːˣ	0
edessä	e d e sː æ	1437
edessäpäin	e d e sː æ p æ i̯ n	15
edestakaisliike	e d e s t ɑ k ɑ i̯ s l iː k eˣ	0
edestakaissauma	e d e s t ɑ k ɑ i̯ s s ɑ u̯ m ɑ	0
edestä	e d e s t æ	311
edestäpäin	e d e s t æ p æ i̯ n	7
edesvastuu	e d e s ʋ ɑ s t uː	0
edesvastuullinen	e d e s ʋ ɑ s t uː lː i n e n	0
edesvastuullisesti	e d e s ʋ ɑ s t uː lː i s e s t iˣ	0
edesvastuullisuus	e d e s ʋ ɑ s t uː lː i s uː s	0
edesvastuuntunne	e d e s ʋ ɑ s t uː n t u nː eˣ	0
edesvastuuttomuus	e d e s ʋ ɑ s t uː tː o m uː s	0
edetä	e d e t æˣ	169
ediili	e d iː l i	0
edistyksellisesti	e d i s t y k s e lː i s e s t iˣ	1
edistyminen	e d i s t y m i n e n	28
edistymispalkki	e d i s t y m i s p ɑ l kː i	0
edistysaskel	e d i s t y s ɑ s k e l	28
edistysmielisyys	e d i s t y s m i e̯ l i s yː s	1
edistystyö	e d i s t y s t y ø̯	0
edistyä	e d i s t y æˣ	9
edistämiskeino	e d i s t æ m i s k e i̯ n o	0
edistää	e d i s t æːˣ	1270
editoida	e d i t o i̯ d ɑˣ	25
editoriaalinen	e d i t o r i ɑː l i n e n	1
edukkuus	e d u kː uː s	0
edullinen	e d u lː i n e n	370
edullistaa	e d u lː i s t ɑːˣ	0
edunjättäjä	e d u n j æ tː æ j æ	3
edunpalautus	e d u n p ɑ l ɑ u t u s	0
eduntasoitus	e d u n t ɑ s o i̯ t u s	0
eduskuntaehdokas	e d u s k u n t ɑ e h d o k ɑ s	0
eduskuntakatsaus	e d u s k u n t ɑ k ɑ t s ɑ u s	0
eduskuntakeskustelu	e d u s k u n t ɑ k e s k u s t e l u	0
eduskuntakäsittely	e d u s k u n t ɑ k æ s i tː e l y	0
eduskuntalaitos	e d u s k u n t ɑ l ɑ i̯ t o s	0
eduskuntasihteeri	e d u s k u n t ɑ s i h t eː r i	0
eduskuntatoimittaja	e d u s k u n t ɑ t o i̯ m i tː ɑ j ɑ	0
eduskuntatyö	e d u s k u n t ɑ t y ø̯	2
edussana	e d u s s ɑ n ɑ	0
edustaa	e d u s t ɑː	711
edustaa	e d u s t ɑːˣ	711
edustaja	e d u s t ɑ j ɑ	567
edustajakamari	e d u s t ɑ j ɑ k ɑ m ɑ r i	0
edustajakokous	e d u s t ɑ j ɑ k o k o u s	21
edustajakunta	e d u s t ɑ j ɑ k u n t ɑ	0
edustajanpaikka	e d u s t ɑ j ɑ n p ɑ i̯ kː ɑ	0
edustajanpalkkio	e d u s t ɑ j ɑ n p ɑ l kː i o	0
edustajantoimi	e d u s t ɑ j ɑ n t o i̯ m i	0
edustaminen	e d u s t ɑ m i n e n	12
edustavasti	e d u s t ɑ ʋ ɑ s t iˣ	3
edusteilla	e d u s t e i̯ lː ɑ	1
edustuminen	e d u s t u m i n e n	0
edustusasu	e d u s t u s ɑ s u	0
edustusasunto	e d u s t u s ɑ s u n t o	0
edustusauto	e d u s t u s ɑ u t o	0
edustuselin	e d u s t u s e l i n	1
edustuskelpoinen	e d u s t u s k e l p o i̯ n e n	4
edustuskelpoisuus	e d u s t u s k e l p o i̯ s uː s	2
edustuskulut	e d u s t u s k u l u t	2
edustuskyky	e d u s t u s k y k y	0
edustuskykyinen	e d u s t u s k y k y i̯ n e n	0
edustuslaitos	e d u s t u s l ɑ i̯ t o s	1
edustuslounas	e d u s t u s l o u̯ n ɑ s	0
edustusmeno	e d u s t u s m e n o	0
edustusoikeus	e d u s t u s o i̯ k e u s	3
edustustehtävä	e d u s t u s t e h t æ ʋ æ	2
edustustilaisuus	e d u s t u s t i l ɑ i̯ s uː s	0
edustustili	e d u s t u s t i l i	0
edustusvelvollisuus	e d u s t u s ʋ e l ʋ o lː i s uː s	0
edvard	e d ʋ ɑ r d	30
ee	eː	13
eebenholtsi	eː b e n h o l t s i	0
eedit	eː d i t	0
eeli	eː l i	6
eelin	eː l i n	2
eelis	eː l i s	6
eemeli	eː m e l i	18
eemil	eː m i l	7
eepikko	eː p i kː o	0
eepillinen	eː p i lː i n e n	0
eerik	eː r i k	33
eerika	eː r i k ɑ	6
eerikki	eː r i kː i	6
eerin	eː r i n	0
eero	eː r o	569
eerola	eː r o l ɑ	36
eesti	eː s t i	29
eestinkielinen	eː s t i n k i e̯ l i n e n	0
eeta	eː t ɑ	0
eetteri	eː tː e r i	1
eetterimedia	eː tː e r i m e d i ɑ	0
eetterinarkoosi	eː tː e r i n ɑ r k oː s i	0
eetterinukutus	eː tː e r i n u k u t u s	0
eettismoraalinen	eː tː i s m o r ɑː l i n e n	0
eetu	eː t u	36
eeva	eː ʋ ɑ	315
eevert	eː ʋ e r t	2
eevertti	eː ʋ e r tː i	0
eevi	eː ʋ i	12
efa	e f ɑ	1
egalitaarinen	e ɡ ɑ l i t ɑː r i n e n	1
egalitarismi	e ɡ ɑ l i t ɑ r i s m i	0
egressiivi	e ɡ r e sː iː ʋ i	0
egypti	e ɡ y p t i	17
ehdokasasettelu	e h d o k ɑ s ɑ s e tː e l u	7
ehdokaslista	e h d o k ɑ s l i s t ɑ	5
ehdollistaa	e h d o lː i s t ɑːˣ	1
ehdonalainen	e h d o n ɑ l ɑ i̯ n e n	3
ehdonvalta	e h d o n ʋ ɑ l t ɑ	0
ehdotella	e h d o t e lː ɑˣ	3
ehdotelma	e h d o t e l m ɑ	3
ehdoton	e h d o t o n	226
ehdottaa	e h d o tː ɑːˣ	589
ehdottaja	e h d o tː ɑ j ɑ	1
ehdyksiin	e h d y k s iː n	0
ehdyksissä	e h d y k s i sː æ	0
ehdytys	e h d y t y s	0
eheyttäminen	e h e y tː æ m i n e n	15
eheä	e h e æ	10
eheälaitainen	e h e æ l ɑ i̯ t ɑ i̯ n e n	0
eheärakenteinen	e h e æ r ɑ k e n t e i̯ n e n	0
eheästi	e h e æ s t iˣ	2
ehjä	e h j æ	37
ehjästi	e h j æ s t iˣ	0
ehkä	e h k æ	3133
ehkäisemätön	e h k æ i̯ s e m æ t ø n	0
ehkäistä	e h k æ i̯ s t æˣ	230
ehkäisyaine	e h k æ i̯ s y ɑ i̯ n eˣ	0
ehkäisykapseli	e h k æ i̯ s y k ɑ p s e l i	0
ehkäisykeino	e h k æ i̯ s y k e i̯ n o	1
ehkäisykierukka	e h k æ i̯ s y k i e̯ r u kː ɑ	0
ehkäisyneuvonta	e h k æ i̯ s y n e u̯ ʋ o n t ɑ	1
ehkäisypilleri	e h k æ i̯ s y p i lː e r i	0
ehkäisytoimi	e h k æ i̯ s y t o i̯ m i	0
ehkäisytulli	e h k æ i̯ s y t u lː i	0
ehkäisyvaahto	e h k æ i̯ s y ʋ ɑː h t o	0
ehkäisyväline	e h k æ i̯ s y ʋ æ l i n eˣ	4
ehostaminen	e h o s t ɑ m i n e n	1
ehtiminen	e h t i m i n e n	3
ehtiä	e h t i æˣ	35
ehto	e h t o	95
ehtolaiskurssi	e h t o l ɑ i̯ s k u r sː i	0
ehtolaiskuulustelu	e h t o l ɑ i̯ s k uː l u s t e l u	0
ehtolause	e h t o l ɑ u̯ s eˣ	0
ehtoluku	e h t o l u k u	0
ehtoo	e h t oː	4
ehtoollisastia	e h t oː lː i s ɑ s t i ɑ	0
ehtoollisjumalanpalvelus	e h t oː lː i s j u m ɑ l ɑ n p ɑ l ʋ e l u s	5
ehtoolliskirkko	e h t oː lː i s k i r kː o	2
ehtoollislautanen	e h t oː lː i s l ɑ u̯ t ɑ n e n	0
ehtoollispikari	e h t oː lː i s p i k ɑ r i	0
ehtoollispöytä	e h t oː lː i s p ø y̯ t æ	0
ehtoollisvieras	e h t oː lː i s ʋ i e̯ r ɑ s	0
ehtoopuoli	e h t oː p u o̯ l i	0
ehtyminen	e h t y m i n e n	7
ehyt	e h y t	8
ei	e i̯	75775
eija	e i̯ j ɑ	280
eila	e i̯ l ɑ	186
eilen	e i̯ l e n	247
eilinen	e i̯ l i n e n	25
eilisaamuinen	e i̯ l i s ɑː m u i̯ n e n	0
eilisiltainen	e i̯ l i s i l t ɑ i̯ n e n	0
einari	e i̯ n ɑ r i	27
eine	e i̯ n e	17
eine	e i̯ n eˣ	17
einehtiä	e i̯ n e h t i æˣ	0
eines	e i̯ n e s	2
eineskeittiö	e i̯ n e s k e i̯ tː i ø	0
einesruoka	e i̯ n e s r u o̯ k ɑ	0
einesteollisuus	e i̯ n e s t e o lː i s uː s	1
einestuote	e i̯ n e s t u o̯ t eˣ	0
eini	e i̯ n i	6
eino	e i̯ n o	260
einsteinilainen	ɑ i̯ n s t ɑ i̯ n i l ɑ i̯ n e n	0
eira	e i̯ r ɑ	40
eis	e i̯ s	6
eittämättä	e i̯ tː æ m æ tː æ	28
eittämättömyys	e i̯ tː æ m æ tː ø m yː s	0
eittää	e i̯ tː æːˣ	0
eivät	e i̯ ʋ æ t	10655
ejakulaatio	e j ɑ k u l ɑː t i o	1
ejakuloida	e j ɑ k u l o i̯ d ɑˣ	0
ekinokokkoosi	e k i n o k o kː oː s i	0
eklektikko	e k l e k t i kː o	0
eklektinen	e k l e k t i n e n	0
eklektismi	e k l e k t i s m i	0
eko	e k o	7
ekoasuminen	e k o ɑ s u m i n e n	0
ekobetonointi	e k o b e t o n o i̯ n t i	1
ekoenergia	e k o e n e r ɡ i ɑ	4
ekofasismi	e k o f ɑ s i s m i	0
ekofysiologia	e k o f y s i o l o ɡ i ɑ	0
ekokunta	e k o k u n t ɑ	0
ekolääni	e k o l æː n i	0
ekomerkki	e k o m e r kː i	2
ekomuseo	e k o m u s e o	0
ekonofysiikka	e k o n o f y s iː kː ɑ	0
ekonomisuus	e k o n o m i s uː s	0
ekopiste	e k o p i s t eˣ	2
ekopsykologi	e k o p s y k o l o ɡ i	0
ekorakentaminen	e k o r ɑ k e n t ɑ m i n e n	0
ekosysteemipalvelu	e k o s y s t eː m i p ɑ l ʋ e l u	0
ekotalo	e k o t ɑ l o	2
ekotase	e k o t ɑ s eˣ	1
ekotehokkuus	e k o t e h o kː uː s	13
ekoterrorismi	e k o t e rː o r i s m i	0
ekotoksikologi	e k o t o k s i k o l o ɡ i	0
ekotuote	e k o t u o̯ t eˣ	1
ekotyyppi	e k o t yː pː i	0
ekr.	eː k oː æ r	0
eksabitti	e k s ɑ b i tː i	0
eksegeetti	e k s e ɡ eː tː i	0
eksegeettinen	e k s e ɡ eː tː i n e n	2
eksekvatuuri	e k s e k ʋ ɑ t uː r i	0
eksergia	e k s e r ɡ i ɑ	0
eksikaattori	e k s i k ɑː tː o r i	0
eksikkaattori	e k s i kː ɑː tː o r i	0
eksimeeri	e k s i m eː r i	0
eksipleksi	e k s i p l e k s i	0
eksisio	e k s i s i o	0
eksistentiaali	e k s i s t e n t i ɑː l i	0
eksistentiaalipsykologia	e k s i s t e n t i ɑː l i p s y k o l o ɡ i ɑ	0
eksitatorinen	e k s i t ɑ t o r i n e n	0
eksitoni	e k s i t o n i	0
eksklusiivisuus	e k s k l u s iː ʋ i s uː s	0
ekskreetio	e k s k r eː t i o	0
ekskulpaatio	e k s k u l p ɑː t i o	0
eksobiologi	e k s o b i o l o ɡ i	0
eksogeenisuus	e k s o ɡ eː n i s uː s	0
eksoplaneetta	e k s o p l ɑ n eː tː ɑ	2
eksorkismi	e k s o r k i s m i	0
eksorkisti	e k s o r k i s t i	0
ekspiraatio	e k s p i r ɑː t i o	0
eksplikatiivinen	e k s p l i k ɑ t iː ʋ i n e n	0
eksplikoida	e k s p l i k o i̯ d ɑˣ	2
eksplisiittisyys	e k s p l i s iː tː i s yː s	0
eksploitaatio	e k s p l o i̯ t ɑː t i o	0
eksploosio	e k s p l oː s i o	0
eksploraatio	e k s p l o r ɑː t i o	0
eksploratiivinen	e k s p l o r ɑ t iː ʋ i n e n	0
eksponentiaalisuus	e k s p o n e n t i ɑː l i s uː s	0
eksponenttifunktio	e k s p o n e n tː i f u ŋ k t i o	0
eksponenttijakauma	e k s p o n e n tː i j ɑ k ɑ u m ɑ	0
eksponenttikäyrä	e k s p o n e n tː i k æ y̯ r æ	0
eksponenttisarja	e k s p o n e n tː i s ɑ r j ɑ	0
eksponoida	e k s p o n o i̯ d ɑˣ	0
eksportoida	e k s p o r t o i̯ d ɑˣ	0
eksportti	e k s p o r tː i	0
ekspressiivisana	e k s p r e sː iː ʋ i s ɑ n ɑ	0
ekspressiivisesti	e k s p r e sː iː ʋ i s e s t iˣ	0
ekstaasi	e k s t ɑː s i	5
ekstensiivinen	e k s t e n s iː ʋ i n e n	3
ekstensio	e k s t e n s i o	0
ekstensionaalinen	e k s t e n s i o n ɑː l i n e n	1
ekstensometri	e k s t e n s o m e t r i	0
eksternaalinen	e k s t e r n ɑː l i n e n	0
eksterritoriaalinen	e k s t e rː i t o r i ɑː l i n e n	0
ekstrahoida	e k s t r ɑ h o i̯ d ɑˣ	0
ekstrapoloida	e k s t r ɑ p o l o i̯ d ɑˣ	1
ekstraversio	e k s t r ɑ ʋ e r s i o	0
ekstravertti	e k s t r ɑ ʋ e r tː i	0
ekstremelaji	e k s t r e m e l ɑ j i	0
ekstremismi	e k s t r e m i s m i	0
ekstremofiilinen	e k s t r e m o f iː l i n e n	0
ekstroversio	e k s t r o ʋ e r s i o	1
ekstrusiivikivi	e k s t r u s iː ʋ i k i ʋ i	0
ekstruuderi	e k s t r uː d e r i	0
eksykki	e k s y kː i	0
eksyminen	e k s y m i n e n	9
eksymys	e k s y m y s	0
eksymä	e k s y m æ	4
eksyttäminen	e k s y tː æ m i n e n	0
eksyttävä	e k s y tː æ ʋ æ	0
eksytys	e k s y t y s	5
eksyä	e k s y æˣ	15
eksä	e k s æ	0
ektodermaalinen	e k t o d e r m ɑː l i n e n	0
ekumeenisuus	e k u m eː n i s uː s	0
ekumenia	e k u m e n i ɑ	12
ekumeniikka	e k u m e n iː kː ɑ	0
ekvalisoida	e k ʋ ɑ l i s o i̯ d ɑˣ	0
ekvatoriaali	e k ʋ ɑ t o r i ɑː l i	0
ekvivalenssiluokka	e k ʋ i ʋ ɑ l e n sː i l u o̯ kː ɑ	0
ekvivalenttipiste	e k ʋ i ʋ ɑ l e n tː i p i s t eˣ	0
elaboroida	e l ɑ b o r o i̯ d ɑˣ	0
elaska	e l ɑ s k ɑ	0
elatus	e l ɑ t u s	4
elatusmalja	e l ɑ t u s m ɑ l j ɑ	0
elatustuki	e l ɑ t u s t u k i	8
elatusturva	e l ɑ t u s t u r ʋ ɑ	3
elatusvara	e l ɑ t u s ʋ ɑ r ɑ	0
elatusvelvollinen	e l ɑ t u s ʋ e l ʋ o lː i n e n	4
ele	e l eˣ	21
eleettömyys	e l eː tː ø m yː s	1
eleettömästi	e l eː tː ø m æ s t iˣ	4
eleetön	e l eː t ø n	2
elefantti	e l e f ɑ n tː i	10
eleganttius	e l e ɡ ɑ n tː i u s	0
elegisesti	e l e ɡ i s e s t iˣ	0
elegisyys	e l e ɡ i s yː s	0
elehtii	e l e c t iː	1
elehtiminen	e l e h t i m i n e n	0
elekieli	e l eˣ k i e̯ l i	3
elektrisiteetti	e l e k t r i s i t eː tː i	0
elektroakustiikka	e l e k t r o ɑ k u s t iː kː ɑ	0
elektroenkefalografia	e l e k t r o e ŋ k e f ɑ l o ɡ r ɑ f i ɑ	0
elektrofotografia	e l e k t r o f o t o ɡ r ɑ f i ɑ	0
elektrofysiologi	e l e k t r o f y s i o l o ɡ i	0
elektrofysiologia	e l e k t r o f y s i o l o ɡ i ɑ	0
elektroluminesenssinäyttö	e l e k t r o l u m i n e s e n sː i n æ y̯ tː ø	0
elektromigraatio	e l e k t r o m i ɡ r ɑː t i o	0
elektromotorinen	e l e k t r o m o t o r i n e n	0
elektronegatiivinen	e l e k t r o n e ɡ ɑ t iː ʋ i n e n	0
elektronegatiivisuusero	e l e k t r o n e ɡ ɑ t iː ʋ i s uː s e r o	0
elektroni	e l e k t r o n i	10
elektroniaffiniteetti	e l e k t r o n i ɑ fː i n i t eː tː i	0
elektroniaukko	e l e k t r o n i ɑ u kː o	0
elektronidiffraktio	e l e k t r o n i d i fː r ɑ k t i o	0
elektroniikkainsinööri	e l e k t r o n iː kː ɑ i n s i n øː r i	2
elektroniikkakomponentti	e l e k t r o n iː kː ɑ k o m p o n e n tː i	0
elektroniikkalaite	e l e k t r o n iː kː ɑ l ɑ i̯ t eˣ	0
elektroniikkalaiteromu	e l e k t r o n iː kː ɑ l ɑ i̯ t eˣ r o m u	0
elektroniköyhä	e l e k t r o n i k ø y̯ h æ	0
elektronimusiikki	e l e k t r o n i m u s iː kː i	0
elektronioptiikka	e l e k t r o n i o p t iː kː ɑ	0
elektronirikas	e l e k t r o n i r i k ɑ s	0
elektronisesti	e l e k t r o n i s e s t iˣ	36
elektronisuihku	e l e k t r o n i s u i̯ h k u	0
elektronitykki	e l e k t r o n i t y kː i	0
elektroniverho	e l e k t r o n i ʋ e r h o	0
elektropositiivinen	e l e k t r o p o s i t iː ʋ i n e n	1
elektrostatiikka	e l e k t r o s t ɑ t iː kː ɑ	0
eleleminen	e l e l e m i n e n	0
elellä	e l e lː æˣ	7
elementaarisesti	e l e m e n t ɑː r i s e s t iˣ	0
elementaarisuus	e l e m e n t ɑː r i s uː s	0
elementtikerrostalo	e l e m e n tː i k e rː o s t ɑ l o	0
elementtipilari	e l e m e n tː i p i l ɑ r i	0
elementtirakentaminen	e l e m e n tː i r ɑ k e n t ɑ m i n e n	0
elementtirakenteinen	e l e m e n tː i r ɑ k e n t e i̯ n e n	2
elementtitehdas	e l e m e n tː i t e h d ɑ s	0
elenäytelmä	e l eˣ n æ y̯ t e l m æ	0
eleonoora	e l e o n oː r ɑ	1
eli	e l iˣ	10659
elia	e l i ɑ	12
elias	e l i ɑ s	115
eliel	e l i e l	21
eliina	e l iː n ɑ	1
eliisa	e l iː s ɑ	6
eliisabet	e l iː s ɑ b e t	0
eliittikulttuuri	e l iː tː i k u l tː uː r i	0
eliittiryhmä	e l iː tː i r y h m æ	0
eliittiurheilu	e l iː tː i u r h e i̯ l u	0
elikkä	e l i kː æ	58
elimellinen	e l i m e lː i n e n	8
elimellisesti	e l i m e lː i s e s t iˣ	5
elimellisyys	e l i m e lː i s yː s	0
elimenluovutus	e l i m e n l u o̯ ʋ u t u s	0
elimenluovutustestamentti	e l i m e n l u o̯ ʋ u t u s t e s t ɑ m e n tː i	0
elimetön	e l i m e t ø n	0
eliminaatioreaktio	e l i m i n ɑː t i o r e ɑ k t i o	0
elimistö	e l i m i s t ø	82
elin	e l i n	148
elina	e l i n ɑ	289
elinaikainen	e l i n ɑ i̯ k ɑ i̯ n e n	0
elinaikaisuus	e l i n ɑ i̯ k ɑ i̯ s uː s	0
elinalue	e l i n ɑ l u eˣ	0
elinehto	e l i n e h t o	35
elinhermo	e l i n h e r m o	0
elinkaari	e l i n k ɑː r i	33
elinkaarianalyysi	e l i n k ɑː r i ɑ n ɑ l yː s i	0
elinkaariarviointi	e l i n k ɑː r i ɑ r ʋ i o i̯ n t i	1
elinkaarikustannus	e l i n k ɑː r i k u s t ɑ nː u s	0
elinkaarilaskenta	e l i n k ɑː r i l ɑ s k e n t ɑ	0
elinkaarimalli	e l i n k ɑː r i m ɑ lː i	0
elinkauppa	e l i n k ɑ u̯ pː ɑ	0
elinkausi	e l i n k ɑ u̯ s i	0
elinkautistuomio	e l i n k ɑ u̯ t i s t u o̯ m i o	0
elinkeinoammatti	e l i n k e i̯ n o ɑ mː ɑ tː i	0
elinkeinoasiamies	e l i n k e i̯ n o ɑ s i ɑ m i e̯ s	38
elinkeinohallinto	e l i n k e i̯ n o h ɑ lː i n t o	0
elinkeinoilmoitus	e l i n k e i̯ n o i l m o i̯ t u s	0
elinkeinolautakunta	e l i n k e i̯ n o l ɑ u̯ t ɑ k u n t ɑ	6
elinkeinolupa	e l i n k e i̯ n o l u p ɑ	2
elinkeinonharjoittaja	e l i n k e i̯ n o n h ɑ r j o i̯ tː ɑ j ɑ	18
elinkeinopolitiikka	e l i n k e i̯ n o p o l i t iː kː ɑ	24
elinkeinorakenne	e l i n k e i̯ n o r ɑ k e nː eˣ	18
elinkeinotoiminta	e l i n k e i̯ n o t o i̯ m i n t ɑ	11
elinkeinovapaus	e l i n k e i̯ n o ʋ ɑ p ɑ u s	3
elinkeinovero	e l i n k e i̯ n o ʋ e r o	0
elinkeinoverotus	e l i n k e i̯ n o ʋ e r o t u s	0
elinkelpoisuus	e l i n k e l p o i̯ s uː s	4
elinkelvoton	e l i n k e l ʋ o t o n	1
elinkelvottomuus	e l i n k e l ʋ o tː o m uː s	0
elinkustannus	e l i n k u s t ɑ nː u s	0
elinkyky	e l i n k y k y	0
elinkykyinen	e l i n k y k y i̯ n e n	1
elinkykyisyys	e l i n k y k y i̯ s yː s	1
elinkysymys	e l i n k y s y m y s	0
elinluovutus	e l i n l u o̯ ʋ u t u s	1
elinluovutuskortti	e l i n l u o̯ ʋ u t u s k o r tː i	0
elinluovutustestamentti	e l i n l u o̯ ʋ u t u s t e s t ɑ m e n tː i	1
elinmahdollisuus	e l i n m ɑ h d o lː i s uː s	0
elinolosuhde	e l i n o l o s u h d eˣ	0
elinpaikka	e l i n p ɑ i̯ kː ɑ	0
elinpiiri	e l i n p iː r i	2
elinpäivä	e l i n p æ i̯ ʋ æ	0
elinsiirtokirurgia	e l i n s iː r t o k i r u r ɡ i ɑ	0
elintarvike	e l i n t ɑ r ʋ i k eˣ	40
elintarvikeala	e l i n t ɑ r ʋ i k eˣ ɑ l ɑ	4
elintarvikeapu	e l i n t ɑ r ʋ i k eˣ ɑ p u	1
elintarvikehallinto	e l i n t ɑ r ʋ i k eˣ h ɑ lː i n t o	0
elintarvikehuolto	e l i n t ɑ r ʋ i k eˣ h u o̯ l t o	1
elintarvikehuoneisto	e l i n t ɑ r ʋ i k eˣ h u o̯ n e i̯ s t o	3
elintarvikehygieenikko	e l i n t ɑ r ʋ i k eˣ h y ɡ i eː n i kː o	0
elintarvikehygienia	e l i n t ɑ r ʋ i k eˣ h y ɡ i e n i ɑ	4
elintarvikeinsinööri	e l i n t ɑ r ʋ i k eˣ i n s i n øː r i	0
elintarvikekemia	e l i n t ɑ r ʋ i k eˣ k e m i ɑ	3
elintarvikekioski	e l i n t ɑ r ʋ i k eˣ k i o s k i	4
elintarvikemarkkinat	e l i n t ɑ r ʋ i k eˣ m ɑ r kː i n ɑ t	1
elintarvikemikrobiologia	e l i n t ɑ r ʋ i k eˣ m i k r o b i o l o ɡ i ɑ	2
elintarvikemuovi	e l i n t ɑ r ʋ i k eˣ m u o̯ ʋ i	0
elintarvikenäyte	e l i n t ɑ r ʋ i k eˣ n æ y̯ t eˣ	0
elintarvikeomavaraisuus	e l i n t ɑ r ʋ i k eˣ o m ɑ ʋ ɑ r ɑ i̯ s uː s	1
elintarvikepolitiikka	e l i n t ɑ r ʋ i k eˣ p o l i t iː kː ɑ	0
elintarvikepula	e l i n t ɑ r ʋ i k eˣ p u l ɑ	4
elintarviketalous	e l i n t ɑ r ʋ i k eˣ t ɑ l o u s	7
elintarviketekniikka	e l i n t ɑ r ʋ i k eˣ t e k n iː kː ɑ	2
elintarviketeknikko	e l i n t ɑ r ʋ i k eˣ t e k n i kː o	0
elintarviketeknologia	e l i n t ɑ r ʋ i k eˣ t e k n o l o ɡ i ɑ	1
elintarviketiede	e l i n t ɑ r ʋ i k eˣ t i e̯ d eˣ	0
elintarviketuotanto	e l i n t ɑ r ʋ i k eˣ t u o̯ t ɑ n t o	8
elintarviketyöläinen	e l i n t ɑ r ʋ i k eˣ t y ø̯ l æ i̯ n e n	0
elintarviketyöntekijä	e l i n t ɑ r ʋ i k eˣ t y ø̯ n t e k i j æ	0
elintarvikevalvonta	e l i n t ɑ r ʋ i k eˣ ʋ ɑ l ʋ o n t ɑ	7
elintarvikevalvontaviranomainen	e l i n t ɑ r ʋ i k eˣ ʋ ɑ l ʋ o n t ɑ ʋ i r ɑ n o m ɑ i̯ n e n	0
elintasokilpa	e l i n t ɑ s o k i l p ɑ	0
elintasokoti	e l i n t ɑ s o k o t i	0
elintasokuilu	e l i n t ɑ s o k u i̯ l u	2
elintasopakolainen	e l i n t ɑ s o p ɑ k o l ɑ i̯ n e n	0
elintasosairaus	e l i n t ɑ s o s ɑ i̯ r ɑ u s	0
elintasosiipi	e l i n t ɑ s o s iː p i	0
elintasoyhteiskunta	e l i n t ɑ s o y h t e i̯ s k u n t ɑ	0
elintenluovutustestamentti	e l i n t e n l u o̯ ʋ u t u s t e s t ɑ m e n tː i	0
elintensiirto	e l i n t e n s iː r t o	0
elintestamentti	e l i n t e s t ɑ m e n tː i	1
elintoiminta	e l i n t o i̯ m i n t ɑ	0
elintoimintaoppi	e l i n t o i̯ m i n t ɑ o pː i	0
elintärkeys	e l i n t æ r k e y s	0
elinvoimainen	e l i n ʋ o i̯ m ɑ i̯ n e n	36
elinvoimaisesti	e l i n ʋ o i̯ m ɑ i̯ s e s t iˣ	1
elisa	e l i s ɑ	318
elisabet	e l i s ɑ b e t	37
elisio	e l i s i o	0
elitistinen	e l i t i s t i n e n	6
elitistisyys	e l i t i s t i s yː s	0
eliö	e l i ø	6
eliökehä	e l i ø k e h æ	0
eliömaailma	e l i ø m ɑː i l m ɑ	3
eliöyhteisö	e l i ø y h t e i̯ s ø	3
eljas	e l j ɑ s	20
ella	e lː ɑ	37
ellen	e lː e n	47
elli	e lː i	44
elliptisyys	e lː i p t i s yː s	0
ellottaminen	e lː o tː ɑ m i n e n	0
ellottava	e lː o tː ɑ ʋ ɑ	0
ellotus	e lː o t u s	0
elma	e l m ɑ	17
elmer	e l m e r	6
elmeri	e l m e r i	12
elmo	e l m o	7
elo	e l o	68
elohopea	e l o h o p e ɑ	8
elohopeahöyrylamppu	e l o h o p e ɑ h ø y̯ r y l ɑ m pː u	0
elohopeailmapuntari	e l o h o p e ɑ i l m ɑ p u n t ɑ r i	0
elohopealamppu	e l o h o p e ɑ l ɑ m pː u	0
elohopealämpömittari	e l o h o p e ɑ l æ m p ø m i tː ɑ r i	0
elohopeamillimetri	e l o h o p e ɑ m i lː i m e t r i	1
elohopeapatsas	e l o h o p e ɑ p ɑ t s ɑ s	0
elohopeaseos	e l o h o p e ɑ s e o s	0
elohopeayhdiste	e l o h o p e ɑ y h d i s t eˣ	0
eloisuus	e l o i̯ s uː s	1
elojuhla	e l o j u h l ɑ	1
elokuu	e l o k uː	48
elokuva	e l o k u ʋ ɑ	288
elokuvaaja	e l o k u ʋ ɑː j ɑ	2
elokuvaesitys	e l o k u ʋ ɑ e s i t y s	1
elokuvailmaisu	e l o k u ʋ ɑ i l m ɑ i̯ s u	2
elokuvakasvatus	e l o k u ʋ ɑ k ɑ s ʋ ɑ t u s	1
elokuvakerho	e l o k u ʋ ɑ k e r h o	6
elokuvakone	e l o k u ʋ ɑ k o n eˣ	1
elokuvakriitikko	e l o k u ʋ ɑ k r iː t i kː o	1
elokuvakritiikki	e l o k u ʋ ɑ k r i t iː kː i	0
elokuvakulttuuri	e l o k u ʋ ɑ k u l tː uː r i	0
elokuvalaite	e l o k u ʋ ɑ l ɑ i̯ t eˣ	0
elokuvalehti	e l o k u ʋ ɑ l e h t i	1
elokuvalippu	e l o k u ʋ ɑ l i pː u	2
elokuvaluettelo	e l o k u ʋ ɑ l u e tː e l o	1
elokuvamaailma	e l o k u ʋ ɑ m ɑː i l m ɑ	0
elokuvaneuvos	e l o k u ʋ ɑ n e u̯ ʋ o s	0
elokuvaohjaaja	e l o k u ʋ ɑ o h j ɑː j ɑ	16
elokuvaohjaus	e l o k u ʋ ɑ o h j ɑ u s	0
elokuvaosa	e l o k u ʋ ɑ o s ɑ	0
elokuvapalkinto	e l o k u ʋ ɑ p ɑ l k i n t o	1
elokuvapolitiikka	e l o k u ʋ ɑ p o l i t iː kː ɑ	0
elokuvasankari	e l o k u ʋ ɑ s ɑ ŋ k ɑ r i	0
elokuvasovitus	e l o k u ʋ ɑ s o ʋ i t u s	1
elokuvataide	e l o k u ʋ ɑ t ɑ i̯ d eˣ	2
elokuvataiteilija	e l o k u ʋ ɑ t ɑ i̯ t e i̯ l i j ɑ	0
elokuvatarkastamo	e l o k u ʋ ɑ t ɑ r k ɑ s t ɑ m o	3
elokuvateollisuus	e l o k u ʋ ɑ t e o lː i s uː s	4
elokuvaterapia	e l o k u ʋ ɑ t e r ɑ p i ɑ	0
elokuvatuotanto	e l o k u ʋ ɑ t u o̯ t ɑ n t o	4
elokuvatähti	e l o k u ʋ ɑ t æ h t i	2
elokuvaus	e l o k u ʋ ɑ u s	0
elokuvayleisö	e l o k u ʋ ɑ y l e i̯ s ø	0
elollistaminen	e l o lː i s t ɑ m i n e n	0
elollisuus	e l o lː i s uː s	0
elonkipinä	e l o n k i p i n æ	0
elonkorjaaja	e l o n k o r j ɑː j ɑ	0
elonkorjuu	e l o n k o r j uː	3
elonkorjuujuhla	e l o n k o r j uː j u h l ɑ	1
elonkorjuukone	e l o n k o r j uː k o n eˣ	0
elonleikkaaja	e l o n l e i̯ kː ɑː j ɑ	0
elonleikkuukone	e l o n l e i̯ kː uː k o n eˣ	0
elonmerkki	e l o n m e r kː i	0
elonpäivä	e l o n p æ i̯ ʋ æ	0
elonretki	e l o n r e t k i	0
elontaival	e l o n t ɑ i̯ ʋ ɑ l	0
eloonjääminen	e l oː n j æː m i n e n	9
eloonjäänyt	e l oː n j æː n y t	6
elopelto	e l o p e l t o	0
eloperäisyys	e l o p e r æ i̯ s yː s	0
elosalama	e l o s ɑ l ɑ m ɑ	0
elovirna	e l o ʋ i r n ɑ	0
eloyhteisö	e l o y h t e i̯ s ø	0
elpymisaika	e l p y m i s ɑ i̯ k ɑ	0
elpymisliikunta	e l p y m i s l iː k u n t ɑ	0
elpyä	e l p y æˣ	17
elsa	e l s ɑ	33
elsi	e l s i	6
eluentti	e l u e n tː i	0
eluoida	e l u o i̯ d ɑˣ	1
elvi	e l ʋ i	19
elviira	e l ʋ iː r ɑ	1
elvistellä	e l ʋ i s t e lː æˣ	0
elvistely	e l ʋ i s t e l y	1
elvyttäminen	e l ʋ y tː æ m i n e n	18
elvyttää	e l ʋ y tː æːˣ	26
elvytys	e l ʋ y t y s	3
elytra	e l y t r ɑ	0
elähdyttävä	e l æ h d y tː æ ʋ æ	0
elähtänyt	e l æ h t æ n y t	1
eläimellinen	e l æ i̯ m e lː i n e n	1
eläimellisesti	e l æ i̯ m e lː i s e s t iˣ	1
eläin	e l æ i̯ n	174
eläinaktivismi	e l æ i̯ n ɑ k t i ʋ i s m i	0
eläinanatomia	e l æ i̯ n ɑ n ɑ t o m i ɑ	0
eläinekologia	e l æ i̯ n e k o l o ɡ i ɑ	0
eläinfysiologi	e l æ i̯ n f y s i o l o ɡ i	0
eläinfysiologia	e l æ i̯ n f y s i o l o ɡ i ɑ	2
eläinkanta	e l æ i̯ n k ɑ n t ɑ	2
eläinkauppa	e l æ i̯ n k ɑ u̯ pː ɑ	0
eläinkertomus	e l æ i̯ n k e r t o m u s	0
eläinkoe	e l æ i̯ n k o eˣ	0
eläinkuitu	e l æ i̯ n k u i̯ t u	0
eläinlaji	e l æ i̯ n l ɑ j i	2
eläinlajisto	e l æ i̯ n l ɑ j i s t o	1
eläinliike	e l æ i̯ n l iː k eˣ	0
eläinlääke	e l æ i̯ n l æː k eˣ	1
eläinlääketiede	e l æ i̯ n l æː k eˣ t i e̯ d eˣ	2
eläinlääketieteellinen	e l æ i̯ n l æː k eˣ t i e̯ t eː lː i n e n	14
eläinlääkintä	e l æ i̯ n l æː k i n t æ	4
eläinlääkintähuolto	e l æ i̯ n l æː k i n t æ h u o̯ l t o	5
eläinlääkintöasessori	e l æ i̯ n l æː k i n t ø ɑ s e sː o r i	0
eläinlääkintöneuvos	e l æ i̯ n l æː k i n t ø n e u̯ ʋ o s	0
eläinlääkäri	e l æ i̯ n l æː k æ r i	64
eläinmaailma	e l æ i̯ n m ɑː i l m ɑ	6
eläinnäyttely	e l æ i̯ n n æ y̯ tː e l y	0
eläinoikeusliike	e l æ i̯ n o i̯ k e u s l iː k eˣ	1
eläinornamentiikka	e l æ i̯ n o r n ɑ m e n t iː kː ɑ	0
eläinornamentti	e l æ i̯ n o r n ɑ m e n tː i	0
eläinpatologi	e l æ i̯ n p ɑ t o l o ɡ i	0
eläinperäinen	e l æ i̯ n p e r æ i̯ n e n	1
eläinplankton	e l æ i̯ n p l ɑ ŋ k t o n	0
eläinproteiini	e l æ i̯ n p r o t e i̯ː n i	0
eläinpsykologi	e l æ i̯ n p s y k o l o ɡ i	0
eläinpsykologia	e l æ i̯ n p s y k o l o ɡ i ɑ	0
eläinpuisto	e l æ i̯ n p u i̯ s t o	8
eläinpääesine	e l æ i̯ n p æː e s i n eˣ	0
eläinpöly	e l æ i̯ n p ø l y	2
eläinrakas	e l æ i̯ n r ɑ k ɑ s	6
eläinravinto	e l æ i̯ n r ɑ ʋ i n t o	0
eläinrehu	e l æ i̯ n r e h u	0
eläinruno	e l æ i̯ n r u n o	0
eläinrutto	e l æ i̯ n r u tː o	0
eläinrääkkäys	e l æ i̯ n r æː kː æ y s	1
eläinsolu	e l æ i̯ n s o l u	0
eläinsuojelija	e l æ i̯ n s u o̯ j e l i j ɑ	1
eläinsuojelu	e l æ i̯ n s u o̯ j e l u	11
eläinsuojelus	e l æ i̯ n s u o̯ j e l u s	0
eläinsuojeluvalvoja	e l æ i̯ n s u o̯ j e l u ʋ ɑ l ʋ o j ɑ	2
eläinsuojeluyhdistys	e l æ i̯ n s u o̯ j e l u y h d i s t y s	15
eläintarha	e l æ i̯ n t ɑ r h ɑ	19
eläintauti	e l æ i̯ n t ɑ u̯ t i	1
eläintenhoitaja	e l æ i̯ n t e n h o i̯ t ɑ j ɑ	0
eläintenkasvattaja	e l æ i̯ n t e n k ɑ s ʋ ɑ tː ɑ j ɑ	0
eläintenkesyttäjä	e l æ i̯ n t e n k e s y tː æ j æ	0
eläintenkouluttaja	e l æ i̯ n t e n k o u̯ l u tː ɑ j ɑ	0
eläintenoikeusliike	e l æ i̯ n t e n o i̯ k e u s l iː k eˣ	0
eläintenpalvonta	e l æ i̯ n t e n p ɑ l ʋ o n t ɑ	0
eläintensuojelu	e l æ i̯ n t e n s u o̯ j e l u	2
eläintentutkija	e l æ i̯ n t e n t u t k i j ɑ	0
eläintuho	e l æ i̯ n t u h o	0
eläintulokas	e l æ i̯ n t u l o k ɑ s	0
eläintyyppi	e l æ i̯ n t yː pː i	1
eläinurheilu	e l æ i̯ n u r h e i̯ l u	0
eläke	e l æ k eˣ	73
eläkeikä	e l æ k eˣ i k æ	15
eläkeikäinen	e l æ k eˣ i k æ i̯ n e n	0
eläkejärjestelmä	e l æ k eˣ j æ r j e s t e l m æ	8
eläkekarttuma	e l æ k eˣ k ɑ r tː u m ɑ	1
eläkekassa	e l æ k eˣ k ɑ sː ɑ	6
eläkekertymä	e l æ k eˣ k e r t y m æ	0
eläkelaitos	e l æ k eˣ l ɑ i̯ t o s	14
eläkemaksu	e l æ k eˣ m ɑ k s u	8
eläkeoikeus	e l æ k eˣ o i̯ k e u s	2
eläkepolitiikka	e l æ k eˣ p o l i t iː kː ɑ	2
eläkesäästäminen	e l æ k eˣ s æː s t æ m i n e n	1
eläkesäätiö	e l æ k eˣ s æː t i ø	6
eläketuki	e l æ k eˣ t u k i	0
eläketurva	e l æ k eˣ t u r ʋ ɑ	9
eläkevakuutusmaksu	e l æ k eˣ ʋ ɑ k uː t u s m ɑ k s u	3
eläkkeelle	e l æ kː eː lː eˣ	430
eläkkeellä	e l æ kː eː lː æ	57
eläkkeensaaja	e l æ kː eː n s ɑː j ɑ	4
eläköityminen	e l æ k ø i̯ t y m i n e n	4
elämismaailma	e l æ m i s m ɑː i l m ɑ	5
elämyksellisesti	e l æ m y k s e lː i s e s t iˣ	5
elämyksellisyys	e l æ m y k s e lː i s yː s	11
elämysmaailma	e l æ m y s m ɑː i l m ɑ	1
elämysmatkailu	e l æ m y s m ɑ t k ɑ i̯ l u	0
elämyspedagogiikka	e l æ m y s p e d ɑ ɡ o ɡ iː kː ɑ	4
elämyspohja	e l æ m y s p o h j ɑ	0
elämysteollisuus	e l æ m y s t e o lː i s uː s	0
elämäkertaelokuva	e l æ m æ k e r t ɑ e l o k u ʋ ɑ	3
elämäkertakirjallisuus	e l æ m æ k e r t ɑ k i r j ɑ lː i s uː s	0
elämäkertaromaani	e l æ m æ k e r t ɑ r o m ɑː n i	0
elämäkertateos	e l æ m æ k e r t ɑ t e o s	1
elämäkertatutkimus	e l æ m æ k e r t ɑ t u t k i m u s	0
elämänaikainen	e l æ m æ n ɑ i̯ k ɑ i̯ n e n	0
elämänalue	e l æ m æ n ɑ l u eˣ	1
elämänarvo	e l æ m æ n ɑ r ʋ o	1
elämänasenne	e l æ m æ n ɑ s e nː eˣ	7
elämänehto	e l æ m æ n e h t o	0
elämäneliksiiri	e l æ m æ n e l i k s iː r i	0
elämänfilosofia	e l æ m æ n f i l o s o f i ɑ	4
elämänhallinta	e l æ m æ n h ɑ lː i n t ɑ	15
elämänhaluinen	e l æ m æ n h ɑ l u i̯ n e n	1
elämänhistoria	e l æ m æ n h i s t o r i ɑ	8
elämänihanne	e l æ m æ n i h ɑ nː eˣ	0
elämänilmiö	e l æ m æ n i l m i ø	2
elämäniloinen	e l æ m æ n i l o i̯ n e n	1
elämäniloisesti	e l æ m æ n i l o i̯ s e s t iˣ	1
elämänjano	e l æ m æ n j ɑ n o	1
elämänjuoksu	e l æ m æ n j u o̯ k s u	0
elämänjärjestys	e l æ m æ n j æ r j e s t y s	1
elämänkaari	e l æ m æ n k ɑː r i	15
elämänkaariterapia	e l æ m æ n k ɑː r i t e r ɑ p i ɑ	0
elämänkatsomuksellisesti	e l æ m æ n k ɑ t s o m u k s e lː i s e s t iˣ	1
elämänkatsomustieto	e l æ m æ n k ɑ t s o m u s t i e̯ t o	21
elämänkerrallinen	e l æ m æ n k e rː ɑ lː i n e n	0
elämänkielteinen	e l æ m æ n k i e̯ l t e i̯ n e n	0
elämänkielteisesti	e l æ m æ n k i e̯ l t e i̯ s e s t iˣ	0
elämänkielteisyys	e l æ m æ n k i e̯ l t e i̯ s yː s	0
elämänkipinä	e l æ m æ n k i p i n æ	0
elämänkohtalo	e l æ m æ n k o h t ɑ l o	1
elämänkokemus	e l æ m æ n k o k e m u s	15
elämänkulku	e l æ m æ n k u l k u	4
elämänkumppani	e l æ m æ n k u m pː ɑ n i	3
elämänkutsumus	e l æ m æ n k u t s u m u s	0
elämänkäsitys	e l æ m æ n k æ s i t y s	0
elämänlanka	e l æ m æ n l ɑ ŋ k ɑ	2
elämänläheinen	e l æ m æ n l æ h e i̯ n e n	2
elämänläheisesti	e l æ m æ n l æ h e i̯ s e s t iˣ	1
elämänläheisyys	e l æ m æ n l æ h e i̯ s yː s	0
elämänmeno	e l æ m æ n m e n o	5
elämänmuutos	e l æ m æ n m uː t o s	4
elämänmyönteinen	e l æ m æ n m y ø̯ n t e i̯ n e n	4
elämänmyönteisesti	e l æ m æ n m y ø̯ n t e i̯ s e s t iˣ	1
elämänmyönteisyys	e l æ m æ n m y ø̯ n t e i̯ s yː s	2
elämännautinto	e l æ m æ n n ɑ u̯ t i n t o	0
elämännälkä	e l æ m æ n n æ l k æ	1
elämänodotus	e l æ m æ n o d o t u s	0
elämänohje	e l æ m æ n o h j eˣ	4
elämänpelko	e l æ m æ n p e l k o	0
elämänpiiri	e l æ m æ n p iː r i	4
elämänpolitiikka	e l æ m æ n p o l i t iː kː ɑ	2
elämänrytmi	e l æ m æ n r y t m i	7
elämäntaistelu	e l æ m æ n t ɑ i̯ s t e l u	0
elämäntaiteilija	e l æ m æ n t ɑ i̯ t e i̯ l i j ɑ	1
elämäntaito	e l æ m æ n t ɑ i̯ t o	1
elämäntaival	e l æ m æ n t ɑ i̯ ʋ ɑ l	0
elämäntapa	e l æ m æ n t ɑ p ɑ	78
elämäntapasairaus	e l æ m æ n t ɑ p ɑ s ɑ i̯ r ɑ u s	1
elämäntarina	e l æ m æ n t ɑ r i n ɑ	8
elämäntehtävä	e l æ m æ n t e h t æ ʋ æ	9
elämäntie	e l æ m æ n t i e̯	0
elämäntoveri	e l æ m æ n t o ʋ e r i	0
elämäntyyli	e l æ m æ n t yː l i	13
elämänura	e l æ m æ n u r ɑ	1
elämänusko	e l æ m æ n u s k o	1
elämänvaihe	e l æ m æ n ʋ ɑ i̯ h eˣ	6
elämänvesi	e l æ m æ n ʋ e s i	0
elämänviisaus	e l æ m æ n ʋ iː s ɑ u s	1
elämöidä	e l æ m ø i̯ d æˣ	0
elämöiminen	e l æ m ø i̯ m i n e n	0
elänyt	e l æ n y t	125
elätti	e l æ tː i	6
elättivaris	e l æ tː i ʋ ɑ r i s	0
elättäminen	e l æ tː æ m i n e n	2
elätys	e l æ t y s	0
elävyys	e l æ ʋ yː s	2
eläväisesti	e l æ ʋ æ i̯ s e s t iˣ	0
elävästi	e l æ ʋ æ s t iˣ	39
elävöittäminen	e l æ ʋ ø i̯ tː æ m i n e n	5
elävöitys	e l æ ʋ ø i̯ t y s	0
eläymys	e l æ y m y s	0
eläytyminen	e l æ y t y m i n e n	6
eläytymiskyky	e l æ y t y m i s k y k y	1
eläytymismenetelmä	e l æ y t y m i s m e n e t e l m æ	0
elää	e l æːˣ	1110
emakko	e m ɑ kː o	3
emalikattila	e m ɑ l i k ɑ tː i l ɑ	0
emalimaalaus	e m ɑ l i m ɑː l ɑ u s	0
emalimuki	e m ɑ l i m u k i	0
emalipinta	e m ɑ l i p i n t ɑ	1
emalipäällyste	e m ɑ l i p æː lː y s t eˣ	0
emalitaide	e m ɑ l i t ɑ i̯ d eˣ	1
emalityö	e m ɑ l i t y ø̯	0
emaliväri	e m ɑ l i ʋ æ r i	0
emaloiminen	e m ɑ l o i̯ m i n e n	0
emansipatorinen	e m ɑ n s i p ɑ t o r i n e n	0
embleema	e m b l eː m ɑ	0
embolia	e m b o l i ɑ	2
embryologi	e m b r y o l o ɡ i	0
emergentti	e m e r ɡ e n tː i	2
emeritaprofessori	e m e r iː t ɑ p r o f e sː o r i	1
emeritaprofessori	eː m e r i t ɑ p r o f e sː o r i	1
emeritusprofessori	e m e r iː t u s p r o f e sː o r i	19
emfaattinen	e m f ɑː tː i n e n	0
emi	e m i	13
emigranttikirjallisuus	e m i ɡ r ɑ n tː i k i r j ɑ lː i s uː s	0
emigroituminen	e m i ɡ r o i̯ t u m i n e n	0
emikasvi	e m i k ɑ s ʋ i	0
emikukka	e m i k u kː ɑ	1
emikäpy	e m i k æ p y	0
emilia	e m i l i ɑ	35
eminorkko	e m i n o r kː o	0
emissioida	e m i sː i o i̯ d ɑˣ	0
emissiokurssi	e m i sː i o k u r sː i	0
emissiovoitto	e m i sː i o ʋ o i̯ tː o	0
emitoida	e m i t o i̯ d ɑˣ	0
emittanssi	e m i tː ɑ n sː i	0
emitteri	e m i tː e r i	0
emittoida	e m i tː o i̯ d ɑˣ	1
emiö	e m i ø	0
emma	e mː ɑ	56
emmamme	e mː ɑ mː e	0
emme	e mː e	1737
emmental	e mː e n t ɑː l	2
emmi	e mː i	23
emmimme	e mː i mː e	1
emmintä	e mː i n t æ	0
emoalus	e m o ɑ l u s	0
emoeläin	e m o e l æ i̯ n	0
emoji	e m o j i	0
emokallio	e m o k ɑ lː i o	0
emokasvi	e m o k ɑ s ʋ i	0
emokenno	e m o k e nː o	0
emokki	e m o kː i	0
emolevy	e m o l e ʋ y	6
emosolu	e m o s o l u	0
emotiivisuus	e m o t iː ʋ i s uː s	0
emotivismi	e m o t i ʋ i s m i	1
emoyhtiö	e m o y h t i ø	71
empaatti	e m p ɑː tː i	0
empaattisuus	e m p ɑː tː i s uː s	1
empatiakykyinen	e m p ɑ t i ɑ k y k y i̯ n e n	0
empiiri	e m p iː r i	0
empiminen	e m p i m i n e n	0
empire	e m p i r e	6
empirekaupunginosa	e m p i r e k ɑ u̯ p u ŋː i n o s ɑ	0
empiä	e m p i æˣ	0
emulaatio	e m u l ɑː t i o	1
emulgoida	e m u l ɡ o i̯ d ɑˣ	0
emulgoitua	e m u l ɡ o i̯ t u ɑˣ	1
emulsiovoide	e m u l s i o ʋ o i̯ d eˣ	2
emä	e m æ	22
emäjoki	e m æ j o k i	0
emäkallio	e m æ k ɑ lː i o	1
emäkaupunki	e m æ k ɑ u̯ p u ŋ k i	0
emäkirkko	e m æ k i r kː o	1
emäksinen	e m æ k s i n e n	10
emäksisesti	e m æ k s i s e s t iˣ	0
emäksisyys	e m æ k s i s yː s	0
emälammas	e m æ l ɑ mː ɑ s	0
emälippu	e m æ l i pː u	0
emämaa	e m æ m ɑː	0
emännyys	e m æ nː yː s	2
emännöiminen	e m æ nː ø i̯ m i n e n	0
emännöitseminen	e m æ nː ø i̯ t s e m i n e n	0
emäntä	e m æ n t æ	102
emäntäkoulu	e m æ n t æ k o u̯ l u	10
emäntäväki	e m æ n t æ ʋ æ k i	0
emäpitäjä	e m æ p i t æ j æ	3
emäputki	e m æ p u t k i	0
emäpuu	e m æ p uː	0
emäs	e m æ s	0
emäseurakunta	e m æ s e u̯ r ɑ k u n t ɑ	0
emäsvakio	e m æ s ʋ ɑ k i o	0
emätila	e m æ t i l ɑ	0
emätin	e m æ t i n	2
emätinhuuhtelu	e m æ t i n h uː h t e l u	0
emätinneste	e m æ t i n n e s t eˣ	0
emätinpuikko	e m æ t i n p u i̯ kː o	0
emätti	e m æ tː i	0
emävalhe	e m æ ʋ ɑ l h eˣ	1
en	e n	3822
endokrinologi	e n d o k r i n o l o ɡ i	0
endomorfinen	e n d o m o r f i n e n	0
endomorfismi	e n d o m o r f i s m i	0
endosymbiontti	e n d o s y m b i o n tː i	0
endosymbioosi	e n d o s y m b i oː s i	0
enemmistöhallitus	e n e mː i s t ø h ɑ lː i t u s	1
enemmistökansallisuus	e n e mː i s t ø k ɑ n s ɑ lː i s uː s	0
enemmistökieli	e n e mː i s t ø k i e̯ l i	1
enemmistöperiaate	e n e mː i s t ø p e r i ɑː t eˣ	0
enemmistövaali	e n e mː i s t ø ʋ ɑː l i	2
enemmistövalta	e n e mː i s t ø ʋ ɑ l t ɑ	0
enemmyys	e n e mː yː s	1
enemmälti	e n e mː æ l t iˣ	15
eneneminen	e n e n e m i n e n	0
enenevästi	e n e n e ʋ æ s t iˣ	10
enennys	e n e nː y s	0
enentyminen	e n e n t y m i n e n	1
energia	e n e r ɡ i ɑ	425
energiahuolto	e n e r ɡ i ɑ h u o̯ l t o	5
energiahyötykäyttö	e n e r ɡ i ɑ h y ø̯ t y k æ y̯ tː ø	0
energiahäviö	e n e r ɡ i ɑ h æ ʋ i ø	0
energiajuoma	e n e r ɡ i ɑ j u o̯ m ɑ	1
energiajäte	e n e r ɡ i ɑ j æ t eˣ	7
energiakasvi	e n e r ɡ i ɑ k ɑ s ʋ i	0
energiakomissaari	e n e r ɡ i ɑ k o m i sː ɑː r i	1
energiakriisi	e n e r ɡ i ɑ k r iː s i	5
energiakustannus	e n e r ɡ i ɑ k u s t ɑ nː u s	0
energiakäyttö	e n e r ɡ i ɑ k æ y̯ tː ø	5
energialaitos	e n e r ɡ i ɑ l ɑ i̯ t o s	7
energialaji	e n e r ɡ i ɑ l ɑ j i	0
energiamerkintä	e n e r ɡ i ɑ m e r k i n t æ	4
energiamerkki	e n e r ɡ i ɑ m e r kː i	4
energiametsä	e n e r ɡ i ɑ m e t s æ	0
energiamittari	e n e r ɡ i ɑ m i tː ɑ r i	0
energianeuvos	e n e r ɡ i ɑ n e u̯ ʋ o s	0
energianhallinta	e n e r ɡ i ɑ n h ɑ lː i n t ɑ	0
energianhinta	e n e r ɡ i ɑ n h i n t ɑ	0
energianhukka	e n e r ɡ i ɑ n h u kː ɑ	0
energianhäviö	e n e r ɡ i ɑ n h æ ʋ i ø	0
energiankulutus	e n e r ɡ i ɑ n k u l u t u s	33
energiansiirto	e n e r ɡ i ɑ n s iː r t o	1
energiansäästö	e n e r ɡ i ɑ n s æː s t ø	19
energiantarve	e n e r ɡ i ɑ n t ɑ r ʋ eˣ	6
energiantuotanto	e n e r ɡ i ɑ n t u o̯ t ɑ n t o	21
energiantuotantolaitos	e n e r ɡ i ɑ n t u o̯ t ɑ n t o l ɑ i̯ t o s	0
energiapakkaus	e n e r ɡ i ɑ p ɑ kː ɑ u s	0
energiapalkki	e n e r ɡ i ɑ p ɑ l kː i	0
energiapatukka	e n e r ɡ i ɑ p ɑ t u kː ɑ	2
energiapitoisuus	e n e r ɡ i ɑ p i t o i̯ s uː s	5
energiapuu	e n e r ɡ i ɑ p uː	0
energiasisältö	e n e r ɡ i ɑ s i s æ l t ø	11
energiataloudellinen	e n e r ɡ i ɑ t ɑ l o u d e lː i n e n	16
energiatalous	e n e r ɡ i ɑ t ɑ l o u s	5
energiatase	e n e r ɡ i ɑ t ɑ s eˣ	0
energiataso	e n e r ɡ i ɑ t ɑ s o	2
energiatasokaavio	e n e r ɡ i ɑ t ɑ s o k ɑː ʋ i o	0
energiatehokas	e n e r ɡ i ɑ t e h o k ɑ s	1
energiatehokkuus	e n e r ɡ i ɑ t e h o kː uː s	5
energiatehokkuusluokka	e n e r ɡ i ɑ t e h o kː uː s l u o̯ kː ɑ	1
energiateknologia	e n e r ɡ i ɑ t e k n o l o ɡ i ɑ	2
energiatila	e n e r ɡ i ɑ t i l ɑ	0
energiatodistus	e n e r ɡ i ɑ t o d i s t u s	1
energiatuotanto	e n e r ɡ i ɑ t u o̯ t ɑ n t o	2
energiavalli	e n e r ɡ i ɑ ʋ ɑ lː i	0
energiavara	e n e r ɡ i ɑ ʋ ɑ r ɑ	0
energiavarasto	e n e r ɡ i ɑ ʋ ɑ r ɑ s t o	1
energiavero	e n e r ɡ i ɑ ʋ e r o	2
energiavyö	e n e r ɡ i ɑ ʋ y ø̯	0
energisoida	e n e r ɡ i s o i̯ d ɑˣ	0
energisyys	e n e r ɡ i s yː s	2
enetä	e n e t æˣ	0
engelsmanni	e ŋː e l s m ɑ nː i	0
englanninbulldoggi	e ŋ l ɑ nː i n b u lː d o ɡː i	0
englanninkettukoira	e ŋ l ɑ nː i n k e tː u k o i̯ r ɑ	0
englanninkääpiöterrieri	e ŋ l ɑ nː i n k æː p i ø t e rː i e r i	0
englanninlakritsi	e ŋ l ɑ nː i n l ɑ k r i t s i	0
englanninpeninkulma	e ŋ l ɑ nː i n p e n i n k u l m ɑ	0
englanninraiheinä	e ŋ l ɑ nː i n r ɑ i̯ h e i̯ n æ	0
englanninspringerspanieli	e ŋ l ɑ nː i n s p r i ŋː e r s p ɑ n i e l i	0
englannintaa	e ŋ l ɑ nː i n t ɑː	0
englannintaa	e ŋ l ɑ nː i n t ɑːˣ	0
englannintaminen	e ŋ l ɑ nː i n t ɑ m i n e n	0
englanti	e ŋ l ɑ n t i	253
englantilainen	e ŋ l ɑ n t i l ɑ i̯ n e n	91
englantilaismies	e ŋ l ɑ n t i l ɑ i̯ s m i e̯ s	0
englantilaisnainen	e ŋ l ɑ n t i l ɑ i̯ s n ɑ i̯ n e n	0
enharmoninen	e n h ɑ r m o n i n e n	0
enigma	e n i ɡ m ɑ	1
enigmaattinen	e n i ɡ m ɑː tː i n e n	0
enimmin	e n i mː i n	0
enimmiten	e n i mː i t e n	0
enimmäinen	e n i mː æ i̯ n e n	0
enimmäisarvo	e n i mː æ i̯ s ɑ r ʋ o	6
enimmäishinta	e n i mː æ i̯ s h i n t ɑ	1
enimmäiskoko	e n i mː æ i̯ s k o k o	5
enimmäismäärä	e n i mː æ i̯ s m æː r æ	80
enimmäisnopeus	e n i mː æ i̯ s n o p e u s	3
enimmäispaino	e n i mː æ i̯ s p ɑ i̯ n o	3
enimmäispitoisuus	e n i mː æ i̯ s p i t o i̯ s uː s	1
enimmäisteho	e n i mː æ i̯ s t e h o	1
enimmäistukkuhinta	e n i mː æ i̯ s t u kː u h i n t ɑ	0
enimmäkseen	e n i mː æ k s eː n	236
enimmälti	e n i mː æ l t iˣ	0
enimmältään	e n i mː æ l t æː n	0
enimmän	e n i mː æ n	9
enintään	e n i n t æː n	1842
eniten	e n i t e n	1704
enkeli	e ŋ k e l i	82
enkelihai	e ŋ k e l i h ɑ i̯	0
enkelihierarkia	e ŋ k e l i h i e̯ r ɑ r k i ɑ	1
enkelihoito	e ŋ k e l i h o i̯ t o	0
enkelikolibri	e ŋ k e l i k o l i b r i	0
enkelinkasvoinen	e ŋ k e l i n k ɑ s ʋ o i̯ n e n	0
enkelinkiharat	e ŋ k e l i n k i h ɑ r ɑ t	0
enkelipöly	e ŋ k e l i p ø l y	0
enkeliterapia	e ŋ k e l i t e r ɑ p i ɑ	0
enkelitomu	e ŋ k e l i t o m u	0
enkeliys	e ŋ k e l i y s	0
enkku	e ŋ kː u	1
enkkulainen	e ŋ kː u l ɑ i̯ n e n	0
enkliitti	e ŋ k l iː tː i	0
enkliittinen	e ŋ k l iː tː i n e n	0
enkooderi	e ŋ k oː d e r i	0
ennakkoarvelu	e nː ɑ kː o ɑ r ʋ e l u	0
ennakkoarvio	e nː ɑ kː o ɑ r ʋ i o	3
ennakkoasenne	e nː ɑ kː o ɑ s e nː e	3
ennakkoehkäisy	e nː ɑ kː o e h k æ i̯ s y	0
ennakkoesitys	e nː ɑ kː o e s i t y s	0
ennakkoilmoitus	e nː ɑ kː o i l m o i̯ t u s	16
ennakkokappale	e nː ɑ kː o k ɑ pː ɑ l eˣ	0
ennakkokorko	e nː ɑ kː o k o r k o	0
ennakkokäsitys	e nː ɑ kː o k æ s i t y s	3
ennakkolaskelma	e nː ɑ kː o l ɑ s k e l m ɑ	0
ennakkoluulottomuus	e nː ɑ kː o l uː l o tː o m uː s	9
ennakkomaine	e nː ɑ kː o m ɑ i̯ n eˣ	0
ennakkomainonta	e nː ɑ kː o m ɑ i̯ n o n t ɑ	0
ennakkomainostus	e nː ɑ kː o m ɑ i̯ n o s t u s	0
ennakkomerkintä	e nː ɑ kː o m e r k i n t æ	0
ennakkomielipide	e nː ɑ kː o m i e̯ l i p i d eˣ	0
ennakkomyynti	e nː ɑ kː o m yː n t i	5
ennakkonäytös	e nː ɑ kː o n æ y̯ t ø s	0
ennakkoperintä	e nː ɑ kː o p e r i n t æ	1
ennakkopiste	e nː ɑ kː o p i s t eˣ	0
ennakkopäätelmä	e nː ɑ kː o p æː t e l m æ	0
ennakkopäätös	e nː ɑ kː o p æː t ø s	11
ennakkoratkaisu	e nː ɑ kː o r ɑ t k ɑ i̯ s u	15
ennakkosensuuri	e nː ɑ kː o s e n s uː r i	0
ennakkosuoritus	e nː ɑ kː o s u o̯ r i t u s	0
ennakkosuunnittelu	e nː ɑ kː o s uː nː i tː e l u	4
ennakkosävel	e nː ɑ kː o s æ ʋ e l	0
ennakkotapaus	e nː ɑ kː o t ɑ p ɑ u s	4
ennakkotarkastus	e nː ɑ kː o t ɑ r k ɑ s t u s	4
ennakkotilaaja	e nː ɑ kː o t i l ɑː j ɑ	0
ennakkotilaus	e nː ɑ kː o t i l ɑ u s	1
ennakkotoimi	e nː ɑ kː o t o i̯ m i	0
ennakkotorjunta	e nː ɑ kː o t o r j u n t ɑ	0
ennakkotuonti	e nː ɑ kː o t u o̯ n t i	0
ennakkouutinen	e nː ɑ kː o uː t i n e n	0
ennakkovaraaja	e nː ɑ kː o ʋ ɑ r ɑː j ɑ	0
ennakkovaraus	e nː ɑ kː o ʋ ɑ r ɑ u s	4
ennakkovaroitus	e nː ɑ kː o ʋ ɑ r o i̯ t u s	0
ennakkovero	e nː ɑ kː o ʋ e r o	2
ennakkoverolippu	e nː ɑ kː o ʋ e r o l i pː u	1
ennakkovienti	e nː ɑ kː o ʋ i e̯ n t i	0
ennakkoäänestäminen	e nː ɑ kː o æː n e s t æ m i n e n	0
ennakoimaton	e nː ɑ k o i̯ m ɑ t o n	3
ennakoiminen	e nː ɑ k o i̯ m i n e n	5
ennakointi	e nː ɑ k o i̯ n t i	33
ennakolta	e nː ɑ k o l t ɑ	125
ennakonkanto	e nː ɑ k o n k ɑ n t o	0
ennakonpidätystodistus	e nː ɑ k o n p i d æ t y s t o d i s t u s	1
ennallaan	e nː ɑ lː ɑː n	394
ennalleen	e nː ɑ lː eː n	51
ennallistaa	e nː ɑ lː i s t ɑːˣ	2
ennallistaminen	e nː ɑ lː i s t ɑ m i n e n	11
ennallistus	e nː ɑ lː i s t u s	1
ennaltaehkäisevä	e nː ɑ l t ɑ e h k æ i̯ s e ʋ æ	29
ennaltaehkäisy	e nː ɑ l t ɑ e h k æ i̯ s y	53
ennaltamääräys	e nː ɑ l t ɑ m æː r æ y s	0
ennaltamäärääminen	e nː ɑ l t ɑ m æː r æː m i n e n	1
enne	e nː eˣ	20
ennen	e nː e n	11560
ennenkuulumattomasti	e nː e ŋ k uː l u m ɑ tː o m ɑ s t iˣ	0
ennennäkemättömästi	e nː e n n æ k e m æ tː ø m æ s t iˣ	0
enni	e nː i	24
enninne	e nː i nː e	0
ennus	e nː u s	0
ennustaa	e nː u s t ɑːˣ	153
ennustajaeukko	e nː u s t ɑ j ɑ e u kː o	1
ennustavuus	e nː u s t ɑ ʋ uː s	0
ennuste	e nː u s t eˣ	124
ennustejakso	e nː u s t eˣ j ɑ k s o	1
ennustettavuus	e nː u s t e tː ɑ ʋ uː s	14
ennustus	e nː u s t u s	16
ennustuskyky	e nː u s t u s k y k y	0
ennustusmenetelmä	e nː u s t u s m e n e t e l m æ	1
ennättäminen	e nː æ tː æ m i n e n	1
ennättää	e nː æ tː æːˣ	6
ennätyksellisesti	e nː æ t y k s e lː i s e s t iˣ	5
ennätyksellisyys	e nː æ t y k s e lː i s yː s	0
ennätysaika	e nː æ t y s ɑ i̯ k ɑ	0
ennätysjuoksu	e nː æ t y s j u o̯ k s u	0
ennätyskirja	e nː æ t y s k i r j ɑ	0
ennätyskorkeus	e nː æ t y s k o r k e u s	0
ennätyslukema	e nː æ t y s l u k e m ɑ	0
ennätysmies	e nː æ t y s m i e̯ s	0
ennätysmäisesti	e nː æ t y s m æ i̯ s e s t iˣ	0
ennätysnainen	e nː æ t y s n ɑ i̯ n e n	0
ennätyspaino	e nː æ t y s p ɑ i̯ n o	0
ennätyspituus	e nː æ t y s p i t uː s	0
ennätyssato	e nː æ t y s s ɑ t o	0
ennätystasovertailu	e nː æ t y s t ɑ s o ʋ e r t ɑ i̯ l u	0
ennätystulos	e nː æ t y s t u l o s	1
eno	e n o	24
enolaasi	e n o l ɑː s i	0
enologi	e n o l o ɡ i	0
enologia	e n o l o ɡ i ɑ	0
enonkoskelainen	e n o n k o s k e l ɑ i̯ n e n	0
enonkoski	e n o n k o s k i	7
enontekiö	e n o n t e k i ø	10
enontekiöläinen	e n o n t e k i ø l æ i̯ n e n	0
ensi	e n s i	2946
ensiapuasema	e n s i ɑ p u ɑ s e m ɑ	1
ensiapukaappi	e n s i ɑ p u k ɑː pː i	1
ensiapukurssi	e n s i ɑ p u k u r sː i	3
ensiapuopas	e n s i ɑ p u o p ɑ s	1
ensiapupakkaus	e n s i ɑ p u p ɑ kː ɑ u s	0
ensiaputarvike	e n s i ɑ p u t ɑ r ʋ i k eˣ	0
ensiarvoinen	e n s i ɑ r ʋ o i̯ n e n	1
ensiarvoisuus	e n s i ɑ r ʋ o i̯ s uː s	0
ensiasteinen	e n s i ɑ s t e i̯ n e n	0
ensiasunto	e n s i ɑ s u n t o	0
ensiesiintyjä	e n s i e s iː n t y j æ	0
ensiesiintymä	e n s i e s iː n t y m æ	1
ensiesitys	e n s i e s i t y s	3
ensiharvennus	e n s i h ɑ r ʋ e nː u s	3
ensihoitaja	e n s i h o i̯ t ɑ j ɑ	3
ensikertainen	e n s i k e r t ɑ i̯ n e n	1
ensikesäinen	e n s i k e s æ i̯ n e n	0
ensikirja	e n s i k i r j ɑ	0
ensikko	e n s i kː o	0
ensikonsertti	e n s i k o n s e r tː i	1
ensikoti	e n s i k o t i	8
ensiksimainittu	e n s i k s i m ɑ i̯ n i tː u	1
ensikuinen	e n s i k u i̯ n e n	0
ensikuitu	e n s i k u i̯ t u	0
ensikylvö	e n s i k y l ʋ ø	0
ensikäyttö	e n s i k æ y̯ tː ø	0
ensiluokkaisesti	e n s i l u o̯ kː ɑ i̯ s e s t iˣ	1
ensiluokkaisuus	e n s i l u o̯ kː ɑ i̯ s uː s	0
ensimaito	e n s i m ɑ i̯ t o	0
ensimarkkinat	e n s i m ɑ r kː i n ɑ t	0
ensimmäinen	e n s i mː æ i̯ n e n	3688
ensimmältä	e n s i mː æ l t æ	0
ensin	e n s i n	2184
ensio	e n s i o	28
ensioire	e n s i o i̯ r eˣ	1
ensipainos	e n s i p ɑ i̯ n o s	0
ensipäivänkuori	e n s i p æ i̯ ʋ æ n k u o̯ r i	0
ensipäivänleima	e n s i p æ i̯ ʋ æ n l e i̯ m ɑ	0
ensirakastaja	e n s i r ɑ k ɑ s t ɑ j ɑ	0
ensirakkaus	e n s i r ɑ kː ɑ u s	3
ensisijaisuus	e n s i s i j ɑ i̯ s uː s	3
ensisynnyttäjä	e n s i s y nː y tː æ j æ	0
ensitalvinen	e n s i t ɑ l ʋ i n e n	0
ensitieto	e n s i t i e̯ t o	1
ensivaikutelma	e n s i ʋ ɑ i̯ k u t e l m ɑ	8
ensivierailu	e n s i ʋ i e̯ r ɑ i̯ l u	0
ensiviikkoinen	e n s i ʋ iː kː o i̯ n e n	0
ensiviulu	e n s i ʋ i u̯ l u	0
ensivuotinen	e n s i ʋ u o̯ t i n e n	0
ensiö	e n s i ø	0
ensiökuitu	e n s i ø k u i̯ t u	0
ensiökäämi	e n s i ø k æː m i	1
ensiöpaperi	e n s i ø p ɑ p e r i	0
ensiötutka	e n s i ø t u t k ɑ	0
enteellisesti	e n t eː lː i s e s t iˣ	0
enteellisyys	e n t eː lː i s yː s	0
enteillä	e n t e i̯ lː æ	0
enteillä	e n t e i̯ lː æˣ	0
enteily	e n t e i̯ l y	0
enter	e n tː e r	40
enteraalinen	e n t e r ɑː l i n e n	1
enterolaktoni	e n t e r o l ɑ k t o n i	0
entisaikainen	e n t i s ɑ i̯ k ɑ i̯ n e n	0
entiselleen	e n t i s e lː eː n	16
entispäättymä	e n t i s p æː tː y m æ	0
entistys	e n t i s t y s	0
entistäjä	e n t i s t æ j æ	0
entistäminen	e n t i s t æ m i n e n	2
entistämisavustus	e n t i s t æ m i s ɑ ʋ u s t u s	0
entistämissuunnitelma	e n t i s t æ m i s s uː nː i t e l m ɑ	0
entisyys	e n t i s yː s	0
entisöidä	e n t i s ø i̯ d æˣ	1
entisöijä	e n t i s ø i̯ j æ	3
entisöinti	e n t i s ø i̯ n t i	9
entlebuchinpaimenkoira	e n t l e b uː h i n p ɑ i̯ m e n k o i̯ r ɑ	0
entraus	e n t r ɑ u s	0
entä	e n t æ	367
entäminen	e n t æ m i n e n	0
entää	e n t æːˣ	1
enä	e n æ	1
enää	e n æː	4286
eoni	e o n i	1
eoseeni	e o s eː n i	0
epatto	e p ɑ tː o	0
epenteettinen	e p e n t eː tː i n e n	0
epidermi	e p i d e r m i	0
epiduraalipuudutus	e p i d u r ɑː l i p uː d u t u s	2
epifenomeeni	e p i f e n o m eː n i	0
epifenomenaalinen	e p i f e n o m e n ɑː l i n e n	0
epigeneesi	e p i ɡ e n eː s i	0
epigeneettinen	e p i ɡ e n eː tː i n e n	0
epigenetiikka	e p i ɡ e n e t iː kː ɑ	0
epigenomi	e p i ɡ e n o m i	0
epiglottiitti	e p i ɡ l o tː iː tː i	1
epiglottis	e p i ɡ l o tː i s	0
epigraafi	e p i ɡ r ɑː f i	0
epilepsiakohtaus	e p i l e p s i ɑ k o h t ɑ u s	1
epimeraasi	e p i m e r ɑː s i	0
epineoliittinen	e p i n e o l iː tː i n e n	0
episiotomia	e p i s i o t o m i ɑ	0
episteeminen	e p i s t eː m i n e n	6
epistemologi	e p i s t e m o l o ɡ i	0
epistolateksti	e p i s t o l ɑ t e k s t i	0
epiteeli	e p i t eː l i	3
epiteksti	e p i t e k s t i	0
epoksiliima	e p o k s i l iː m ɑ	0
epoksipinnoite	e p o k s i p i nː o i̯ t eˣ	1
epookki	e p oː kː i	0
eppu	e pː u	25
epsilon	e p s i l o n	6
epäanteeksipyyntö	e p æ ɑ n t eː k s i p yː n t ø	0
epäasiallisesti	e p æ ɑ s i ɑ lː i s e s t iˣ	6
epäedullinen	e p æ e d u lː i n e n	15
epäeksakti	e p æ e k s ɑ k t i	0
epäharmoninen	e p æ h ɑ r m o n i n e n	0
epähistoriallisesti	e p æ h i s t o r i ɑ lː i s e s t iˣ	1
epäilevä	e p æ i̯ l e ʋ æ	7
epäilevästi	e p æ i̯ l e ʋ æ s t iˣ	9
epäillä	e p æ i̯ lː æˣ	155
epäilys	e p æ i̯ l y s	35
epäilyttäminen	e p æ i̯ l y tː æ m i n e n	0
epäilyttää	e p æ i̯ l y tː æːˣ	8
epäitsekkyys	e p æ i t s e kː yː s	6
epäitsekäs	e p æ i t s e k æ s	2
epäjatkuvuuskohta	e p æ j ɑ t k u ʋ uː s k o h t ɑ	1
epäjatkuvuuspiste	e p æ j ɑ t k u ʋ uː s p i s t eˣ	0
epäjumala	e p æ j u m ɑ l ɑ	6
epäjärjestelmällistyttämättömyydellänsäkään	e p æ j æ r j e s t e l m æ lː i s t y tː æ m æ tː ø m yː d e lː æ n s æˣ k æː n	0
epäkeskinen	e p æ k e s k i n e n	3
epäkeskisesti	e p æ k e s k i s e s t iˣ	1
epäkieliopillinen	e p æ k i e̯ l i o p i lː i n e n	0
epäkohteliaasti	e p æ k o h t e l i ɑː s t iˣ	0
epälojaali	e p æ l o j ɑː l i	0
epäluku	e p æ l u k u	0
epämiehekäs	e p æ m i e̯ h e k æ s	0
epämääräinen	e p æ m æː r æ i̯ n e n	44
epämääräisyysperiaate	e p æ m æː r æ i̯ s yː s p e r i ɑː t eˣ	0
epäpoliittinen	e p æ p o l iː tː i n e n	5
epäröidä	e p æ r ø i̯ d æˣ	1
epäröimättä	e p æ r ø i̯ m æ tː æ	10
epäröinti	e p æ r ø i̯ n t i	1
epäsileä	e p æ s i l e æ	0
epäsingulaarinen	e p æ s i ŋː u l ɑː r i n e n	0
epäsointuisesti	e p æ s o i̯ n t u i̯ s e s t iˣ	0
epäsopiva	e p æ s o p i ʋ ɑ	1
epäsopuisesti	e p æ s o p u i̯ s e s t iˣ	0
epäsuhtaisesti	e p æ s u h t ɑ i̯ s e s t iˣ	0
epäsuosittu	e p æ s u o̯ s i tː u	2
epätarkoituksenmukainen	e p æ t ɑ r k o i̯ t u k s e n m u k ɑ i̯ n e n	7
epätasapaino	e p æ t ɑ s ɑ p ɑ i̯ n o	24
epätoivoissaan	e p æ t o i̯ ʋ o i̯ sː ɑː n	0
epätäsmällisyys	e p æ t æ s m æ lː i s yː s	2
epäurheilijamaisesti	e p æ u r h e i̯ l i j ɑ m ɑ i̯ s e s t iˣ	3
epäuskoisesti	e p æ u s k o i̯ s e s t iˣ	1
epävakaa	e p æ ʋ ɑ k ɑː	12
epävapaa	e p æ ʋ ɑ p ɑː	0
epävireisesti	e p æ ʋ i r e i̯ s e s t iˣ	0
epäyhteensopiva	e p æ y h t eː n s o p i ʋ ɑ	1
epääminen	e p æː m i n e n	9
epäämättömästi	e p æː m æ tː ø m æ s t iˣ	0
erakko	e r ɑ kː o	4
erakkoelämä	e r ɑ kː o e l æ m æ	0
erakkokuoriainen	e r ɑ kː o k u o̯ r i ɑ i̯ n e n	0
erakkola	e r ɑ kː o l ɑ	0
erakkoluonne	e r ɑ kː o l u o̯ nː eˣ	0
erakkomaja	e r ɑ kː o m ɑ j ɑ	0
erakkopiste	e r ɑ kː o p i s t eˣ	0
erakkorastas	e r ɑ kː o r ɑ s t ɑ s	0
erakkotinami	e r ɑ kː o t i n ɑ m i	0
erakoitua	e r ɑ k o i̯ t u ɑˣ	0
eranto	e r ɑ n t o	5
erata	e r ɑ t ɑˣ	0
eraus	e r ɑ u s	0
erauspoika	e r ɑ u s p o i̯ k ɑ	0
erehdyttävä	e r e h d y tː æ ʋ æ	1
erehtymättömyys	e r e h t y m æ tː ø m yː s	2
erehtymättömästi	e r e h t y m æ tː ø m æ s t iˣ	1
erehtyväisyys	e r e h t y ʋ æ i̯ s yː s	0
ergatiivisuus	e r ɡ ɑ t iː ʋ i s uː s	0
ergodinen	e r ɡ o d i n e n	0
ergodisuus	e r ɡ o d i s uː s	1
ergonomi	e r ɡ o n o m i	0
ergonomisuus	e r ɡ o n o m i s uː s	0
ergotismi	e r ɡ o t i s m i	0
erheellisesti	e r h eː lː i s e s t iˣ	10
erheellisyys	e r h eː lː i s yː s	0
eri	e r i	16242
eriaikaisesti	e r i ɑ i̯ k ɑ i̯ s e s t iˣ	1
eriaikaisuus	e r i ɑ i̯ k ɑ i̯ s uː s	0
eriarvoisuus	e r i ɑ r ʋ o i̯ s uː s	38
eriasteinen	e r i ɑ s t e i̯ n e n	2
eriasteisesti	e r i ɑ s t e i̯ s e s t iˣ	5
eridanus	e r i d ɑ n u s	0
erihenkinen	e r i h e ŋ k i n e n	0
erihintainen	e r i h i n t ɑ i̯ n e n	0
eriika	e r iː k ɑ	1
erik	eː r i k	169
erika	e r i k ɑ	17
erikielinen	e r i k i e̯ l i n e n	0
erikoinen	e r i k o i̯ n e n	100
erikoisajoneuvo	e r i k o i̯ s ɑ j o n e u̯ ʋ o	0
erikoisartikkeli	e r i k o i̯ s ɑ r t i kː e l i	1
erikoisasema	e r i k o i̯ s ɑ s e m ɑ	2
erikoisauto	e r i k o i̯ s ɑ u t o	0
erikoisbibliografia	e r i k o i̯ s b i b l i o ɡ r ɑ f i ɑ	0
erikoiseläinlääkäri	e r i k o i̯ s e l æ i̯ n l æː k æ r i	4
erikoisesti	e r i k o i̯ s e s t iˣ	80
erikoisetu	e r i k o i̯ s e t u	0
erikoisfunktio	e r i k o i̯ s f u ŋ k t i o	0
erikoishammaslääkäri	e r i k o i̯ s h ɑ mː ɑ s l æː k æ r i	2
erikoisharrastus	e r i k o i̯ s h ɑ rː ɑ s t u s	0
erikoiskasvi	e r i k o i̯ s k ɑ s ʋ i	0
erikoiskerma	e r i k o i̯ s k e r m ɑ	0
erikoiskieli	e r i k o i̯ s k i e̯ l i	0
erikoiskirjasto	e r i k o i̯ s k i r j ɑ s t o	4
erikoiskirjeenvaihtaja	e r i k o i̯ s k i r j eː n ʋ ɑ i̯ h t ɑ j ɑ	0
erikoiskoulutus	e r i k o i̯ s k o u̯ l u t u s	6
erikoiskuljetus	e r i k o i̯ s k u l j e t u s	0
erikoislaatuinen	e r i k o i̯ s l ɑː t u i̯ n e n	10
erikoislaatuisesti	e r i k o i̯ s l ɑː t u i̯ s e s t iˣ	0
erikoislaatuisuus	e r i k o i̯ s l ɑː t u i̯ s uː s	5
erikoislahjakas	e r i k o i̯ s l ɑ h j ɑ k ɑ s	0
erikoislahjakkuus	e r i k o i̯ s l ɑ h j ɑ kː uː s	0
erikoisleima	e r i k o i̯ s l e i̯ m ɑ	1
erikoisluettelo	e r i k o i̯ s l u e tː e l o	0
erikoislukio	e r i k o i̯ s l u k i o	1
erikoisluokka	e r i k o i̯ s l u o̯ kː ɑ	0
erikoislupa	e r i k o i̯ s l u p ɑ	4
erikoislähettiläs	e r i k o i̯ s l æ h e tː i l æ s	1
erikoismaali	e r i k o i̯ s m ɑː l i	0
erikoismaininta	e r i k o i̯ s m ɑ i̯ n i n t ɑ	2
erikoismerkki	e r i k o i̯ s m e r kː i	0
erikoismies	e r i k o i̯ s m i e̯ s	2
erikoismuseo	e r i k o i̯ s m u s e o	9
erikoismyymälä	e r i k o i̯ s m yː m æ l æ	2
erikoisopinnot	e r i k o i̯ s o p i nː o t	3
erikoisosaaminen	e r i k o i̯ s o s ɑː m i n e n	17
erikoispaperi	e r i k o i̯ s p ɑ p e r i	1
erikoispikajuna	e r i k o i̯ s p i k ɑ j u n ɑ	0
erikoisprosessi	e r i k o i̯ s p r o s e sː i	0
erikoispuulaji	e r i k o i̯ s p uː l ɑ j i	1
erikoisrakenteinen	e r i k o i̯ s r ɑ k e n t e i̯ n e n	1
erikoisratkaisu	e r i k o i̯ s r ɑ t k ɑ i̯ s u	0
erikoisruokavalio	e r i k o i̯ s r u o̯ k ɑ ʋ ɑ l i o	0
erikoissairaanhoitaja	e r i k o i̯ s s ɑ i̯ r ɑː n h o i̯ t ɑ j ɑ	18
erikoisseikka	e r i k o i̯ s s e i̯ kː ɑ	0
erikoissiirto	e r i k o i̯ s s iː r t o	0
erikoissuunnittelija	e r i k o i̯ s s uː nː i tː e l i j ɑ	30
erikoissyyttäjä	e r i k o i̯ s s yː tː æ j æ	0
erikoistapaus	e r i k o i̯ s t ɑ p ɑ u s	3
erikoistarjous	e r i k o i̯ s t ɑ r j o u s	3
erikoistehtävä	e r i k o i̯ s t e h t æ ʋ æ	1
erikoistilanne	e r i k o i̯ s t i l ɑ nː eˣ	4
erikoistoimittaja	e r i k o i̯ s t o i̯ m i tː ɑ j ɑ	2
erikoistua	e r i k o i̯ s t u ɑˣ	58
erikoistumisjakso	e r i k o i̯ s t u m i s j ɑ k s o	0
erikoistumiskoulutus	e r i k o i̯ s t u m i s k o u̯ l u t u s	7
erikoistumislinja	e r i k o i̯ s t u m i s l i n j ɑ	2
erikoistumisopinnot	e r i k o i̯ s t u m i s o p i nː o t	19
erikoistuntemus	e r i k o i̯ s t u n t e m u s	0
erikoistuntija	e r i k o i̯ s t u n t i j ɑ	2
erikoistuomioistuin	e r i k o i̯ s t u o̯ m i o i s t u i̯ n	0
erikoisupseeri	e r i k o i̯ s u p s eː r i	0
erikoisvaatimus	e r i k o i̯ s ʋ ɑː t i m u s	0
erikoisvalmisteinen	e r i k o i̯ s ʋ ɑ l m i s t e i̯ n e n	1
erikoisvaltuus	e r i k o i̯ s ʋ ɑ l t uː s	0
erikokoinen	e r i k o k o i̯ n e n	0
erikokoisuus	e r i k o k o i̯ s uː s	1
erikorkuinen	e r i k o r k u i̯ n e n	0
erikorkuisuus	e r i k o r k u i̯ s uː s	0
erilaatuinen	e r i l ɑː t u i̯ n e n	0
erilainen	e r i l ɑ i̯ n e n	381
erilaisitiöisyys	e r i l ɑ i̯ s i t i ø i̯ s yː s	0
erilaiskehäinen	e r i l ɑ i̯ s k e h æ i̯ n e n	0
erilaislehtisyys	e r i l ɑ i̯ s l e h t i s yː s	0
erilaissekovartisuus	e r i l ɑ i̯ s s e k o ʋ ɑ r t i s uː s	0
erilaistuminen	e r i l ɑ i̯ s t u m i n e n	8
erilevyinen	e r i l e ʋ y i̯ n e n	0
erilleen	e r i lː eː n	58
erillisemisyys	e r i lː i s e m i s yː s	0
erillisesti	e r i lː i s e s t iˣ	1
erillisjousitus	e r i lː i s j o u̯ s i t u s	2
erillisjulkaisu	e r i lː i s j u l k ɑ i̯ s u	0
erilliskäsittely	e r i lː i s k æ s i tː e l y	0
erillisosasto	e r i lː i s o s ɑ s t o	0
erillisrauha	e r i lː i s r ɑ u̯ h ɑ	0
erillisselvitys	e r i lː i s s e l ʋ i t y s	3
erillisuuni	e r i lː i s uː n i	0
erillisverotus	e r i lː i s ʋ e r o t u s	2
erillisyys	e r i lː i s yː s	9
erillään	e r i lː æː n	201
erilläänolo	e r i lː æː n o l o	0
eriluonteinen	e r i l u o̯ n t e i̯ n e n	1
eriluonteisuus	e r i l u o̯ n t e i̯ s uː s	0
erimakuinen	e r i m ɑ k u i̯ n e n	0
erimallinen	e r i m ɑ lː i n e n	0
erimerkityksinen	e r i m e r k i t y k s i n e n	0
erimerkityksisyys	e r i m e r k i t y k s i s yː s	0
erimielisesti	e r i m i e̯ l i s e s t iˣ	0
erimunainen	e r i m u n ɑ i̯ n e n	0
erimunaisuus	e r i m u n ɑ i̯ s uː s	0
erimuotoinen	e r i m u o̯ t o i̯ n e n	0
erimuotoisesti	e r i m u o̯ t o i̯ s e s t iˣ	0
erimuotoisuus	e r i m u o̯ t o i̯ s uː s	0
erin	eː r i n	48
erinimisyys	e r i n i m i s yː s	0
erinäköinen	e r i n æ k ø i̯ n e n	4
erinäköisyys	e r i n æ k ø i̯ s yː s	0
eriometri	e r i o m e t r i	0
eripainos	e r i p ɑ i̯ n o s	3
eripaksuinen	e r i p ɑ k s u i̯ n e n	0
eriparinen	e r i p ɑ r i n e n	0
eriparisuus	e r i p ɑ r i s uː s	0
eripituisuus	e r i p i t u i̯ s uː s	0
eriseuraisuus	e r i s e u̯ r ɑ i̯ s uː s	1
erisisältöinen	e r i s i s æ l t ø i̯ n e n	0
erisivuisuus	e r i s i ʋ u i̯ s uː s	0
eriskummaisesti	e r i s k u mː ɑ i̯ s e s t iˣ	0
eriskummaisuus	e r i s k u mː ɑ i̯ s uː s	0
eriskummallisesti	e r i s k u mː ɑ lː i s e s t iˣ	0
eriskummallisuus	e r i s k u mː ɑ lː i s uː s	0
eriste	e r i s t eˣ	16
eristeisyys	e r i s t e i̯ s yː s	0
eristekerros	e r i s t eˣ k e rː o s	2
eristyneesti	e r i s t y n eː s t iˣ	0
eristyneisyys	e r i s t y n e i̯ s yː s	1
eristynyt	e r i s t y n y t	1
eristysaine	e r i s t y s ɑ i̯ n eˣ	0
eristyshiekka	e r i s t y s h i e̯ kː ɑ	0
eristyshuone	e r i s t y s h u o̯ n eˣ	3
eristyshuopa	e r i s t y s h u o̯ p ɑ	0
eristyslaitos	e r i s t y s l ɑ i̯ t o s	0
eristysmassa	e r i s t y s m ɑ sː ɑ	0
eristyspaperi	e r i s t y s p ɑ p e r i	0
eristysresistanssimittari	e r i s t y s r e s i s t ɑ n sː i m i tː ɑ r i	0
eristysselli	e r i s t y s s e lː i	0
eristysteippi	e r i s t y s t e i̯ pː i	2
eristäytyminen	e r i s t æ y t y m i n e n	12
eristää	e r i s t æːˣ	47
erisuuntainen	e r i s uː n t ɑ i̯ n e n	1
erisuuntaisesti	e r i s uː n t ɑ i̯ s e s t iˣ	0
erisuuntaisuus	e r i s uː n t ɑ i̯ s uː s	0
erisuuruinen	e r i s uː r u i̯ n e n	2
erisuuruisuus	e r i s uː r u i̯ s uː s	0
erisuuruus	e r i s uː r uː s	0
erisyvyinen	e r i s y ʋ y i̯ n e n	0
erisävyinen	e r i s æ ʋ y i̯ n e n	2
erisäätyinen	e r i s æː t y i̯ n e n	0
erisäätyisyys	e r i s æː t y i̯ s yː s	0
eritasoinen	e r i t ɑ s o i̯ n e n	2
eritasoisesti	e r i t ɑ s o i̯ s e s t iˣ	1
eritasoisuus	e r i t ɑ s o i̯ s uː s	1
eritasoristeys	e r i t ɑ s o r i s t e y s	0
eritellä	e r i t e lː æˣ	49
eritrea	e r i t r e ɑ	4
erittely	e r i tː e l y	35
erittyä	e r i tː y æˣ	7
erittäinkin	e r i tː æ i̯ ŋ k i n	11
erittää	e r i tː æː	19
erittää	e r i tː æːˣ	19
erityisajoneuvo	e r i t y i̯ s ɑ j o n e u̯ ʋ o	0
erityisalue	e r i t y i̯ s ɑ l u eˣ	2
erityisasema	e r i t y i̯ s ɑ s e m ɑ	12
erityisavustus	e r i t y i̯ s ɑ ʋ u s t u s	2
erityisestävyys	e r i t y i̯ s e s t æ ʋ yː s	0
erityishuolto	e r i t y i̯ s h u o̯ l t o	1
erityishuoltolaitos	e r i t y i̯ s h u o̯ l t o l ɑ i̯ t o s	0
erityisjärjestö	e r i t y i̯ s j æ r j e s t ø	2
erityiskasvatus	e r i t y i̯ s k ɑ s ʋ ɑ t u s	6
erityiskorvaus	e r i t y i̯ s k o r ʋ ɑ u s	2
erityislastentarhanopettaja	e r i t y i̯ s l ɑ s t e n t ɑ r h ɑ n o p e tː ɑ j ɑ	15
erityisliikunta	e r i t y i̯ s l iː k u n t ɑ	2
erityisluokka	e r i t y i̯ s l u o̯ kː ɑ	8
erityismenoarvio	e r i t y i̯ s m e n o ɑ r ʋ i o	0
erityisnuorisotyö	e r i t y i̯ s n u o̯ r i s o t y ø̯	5
erityisopiskelija	e r i t y i̯ s o p i s k e l i j ɑ	0
erityisoppilas	e r i t y i̯ s o pː i l ɑ s	1
erityispedagogiikka	e r i t y i̯ s p e d ɑ ɡ o ɡ iː kː ɑ	5
erityispäivähoito	e r i t y i̯ s p æ i̯ ʋ æ h o i̯ t o	0
erityispätevyys	e r i t y i̯ s p æ t e ʋ yː s	2
erityisruokavalio	e r i t y i̯ s r u o̯ k ɑ ʋ ɑ l i o	2
erityisryhmä	e r i t y i̯ s r y h m æ	3
erityisseikka	e r i t y i̯ s s e i̯ kː ɑ	0
erityissäännös	e r i t y i̯ s s æː nː ø s	3
erityistapaus	e r i t y i̯ s t ɑ p ɑ u s	0
erityistuomioistuin	e r i t y i̯ s t u o̯ m i o i s t u i̯ n	6
erityisvaltuutettu	e r i t y i̯ s ʋ ɑ l t uː t e tː u	0
erityisyys	e r i t y i̯ s yː s	4
erityselin	e r i t y s e l i n	0
erityylinen	e r i t yː l i n e n	0
erityyppinen	e r i t yː pː i n e n	5
erityyppisesti	e r i t yː pː i s e s t iˣ	0
erityyppisyys	e r i t yː pː i s yː s	0
eriuskolainen	e r i u s k o l ɑ i̯ n e n	0
erivapausanomus	e r i ʋ ɑ p ɑ u s ɑ n o m u s	0
erivärinen	e r i ʋ æ r i n e n	1
erivärisyys	e r i ʋ æ r i s yː s	0
eriyttäminen	e r i y tː æ m i n e n	24
eriytyminen	e r i y t y m i n e n	7
eriytys	e r i y t y s	1
eriäminen	e r i æ m i n e n	0
erja	e r j ɑ	74
erkaantua	e r k ɑː n t u ɑˣ	3
erkanema	e r k ɑ n e m ɑ	0
erkanemiskaista	e r k ɑ n e m i s k ɑ i̯ s t ɑ	0
erkanen	e r k ɑ n e n	0
erkanet	e r k ɑ n e t	0
erkauttaa	e r k ɑ u tː ɑːˣ	0
erkkeri	e r kː e r i	2
erkki	e r kː i	851
erkkilä	e r kː i l æ	21
erno	e r n o	23
ero	e r o	590
eroahdistus	e r o ɑ h d i s t u s	0
eroamaan	e r o ɑ m ɑː n	26
eroamaton	e r o ɑ m ɑ t o n	0
eroamattomuus	e r o ɑ m ɑ tː o m uː s	0
eroaminen	e r o ɑ m i n e n	21
eroamisikä	e r o ɑ m i s i k æ	3
eroanomus	e r o ɑ n o m u s	1
eroava	e r o ɑ ʋ ɑ	7
eroavainen	e r o ɑ ʋ ɑ i̯ n e n	0
eroavuus	e r o ɑ ʋ uː s	4
erodoida	e r o d o i̯ d ɑˣ	0
erohakemus	e r o h ɑ k e m u s	0
erojaiset	e r o j ɑ i̯ s e t	0
erojaisjuhla	e r o j ɑ i̯ s j u h l ɑ	1
erojaistilaisuus	e r o j ɑ i̯ s t i l ɑ i̯ s uː s	0
erojuhla	e r o j u h l ɑ	0
erokirja	e r o k i r j ɑ	0
eronhetki	e r o n h e t k i	0
eronpyyntö	e r o n p yː n t ø	1
eronteko	e r o n t e k o	0
eronto	e r o n t o	0
eroottisuus	e r oː tː i s uː s	2
erosija	e r o s i j ɑ	0
erossaolo	e r o sː ɑ o l o	0
erota	e r o t ɑˣ	107
erotinmerkki	e r o t i n m e r kː i	0
erotodistus	e r o t o d i s t u s	4
erottamattomasti	e r o tː ɑ m ɑ tː o m ɑ s t iˣ	14
erottamattomuus	e r o tː ɑ m ɑ tː o m uː s	1
erottamiskyky	e r o tː ɑ m i s k y k y	0
erottamislausuma	e r o tː ɑ m i s l ɑ u̯ s u m ɑ	0
erottautuminen	e r o tː ɑ u t u m i n e n	3
erotusetuus	e r o t u s e t uː s	0
erotuskynnys	e r o t u s k y nː y s	0
erotusmenetelmä	e r o t u s m e n e t e l m æ	0
erotuspumppu	e r o t u s p u m pː u	0
erotusääni	e r o t u s æː n i	0
erovuoro	e r o ʋ u o̯ r o	1
erovuoroinen	e r o ʋ u o̯ r o i̯ n e n	0
ersämordva	e r s æ m o r d ʋ ɑ	0
ersämordvalainen	e r s æ m o r d ʋ ɑ l ɑ i̯ n e n	0
ersänkielinen	e r s æ n k i e̯ l i n e n	0
eruptiivikivilaji	e r u p t iː ʋ i k i ʋ i l ɑ j i	0
eruptio	e r u p t i o	0
ervasti	e r ʋ ɑ s t i	31
erytromysiini	e r y t r o m y s iː n i	5
erä	e r æ	212
eräajo	e r æ ɑ j o	0
eräajotiedosto	e r æ ɑ j o t i e̯ d o s t o	0
eräalue	e r æ ɑ l u eˣ	0
eräelämä	e r æ e l æ m æ	0
eräkertomus	e r æ k e r t o m u s	0
eräkirjallisuus	e r æ k i r j ɑ lː i s uː s	1
eräkoko	e r æ k o k o	1
eräkulttuuri	e r æ k u l tː uː r i	1
eräkäsittely	e r æ k æ s i tː e l y	0
eräluku	e r æ l u k u	0
erämaa	e r æ m ɑː	16
erämaapuhelin	e r æ m ɑː p u h e l i n	0
erämaataival	e r æ m ɑː t ɑ i̯ ʋ ɑ l	0
erämainen	e r æ m ɑ i̯ n e n	6
erämies	e r æ m i e̯ s	2
eräneuvos	e r æ n e u̯ ʋ o s	0
eränkävijä	e r æ n k æ ʋ i j æ	0
eränkäynti	e r æ n k æ y̯ n t i	1
eräpoliisi	e r æ p o l iː s i	0
eräpuukko	e r æ p uː kː o	0
eräreitti	e r æ r e i̯ tː i	0
eräretkeily	e r æ r e t k e i̯ l y	4
eräretki	e r æ r e t k i	2
eräs	e r æ s	991
erätaito	e r æ t ɑ i̯ t o	0
erätalous	e r æ t ɑ l o u s	1
erätarina	e r æ t ɑ r i n ɑ	0
erätauko	e r æ t ɑ u̯ k o	2
erätuotanto	e r æ t u o̯ t ɑ n t o	0
erävalvonta	e r æ ʋ ɑ l ʋ o n t ɑ	1
erävartija	e r æ ʋ ɑ r t i j ɑ	0
erävoitto	e r æ ʋ o i̯ tː o	2
eräytyä	e r æ y t y æˣ	0
erääntyminen	e r æː n t y m i n e n	3
erääntyä	e r æː n t y æˣ	0
es	e s	33
esa	e s ɑ	513
esaias	e s ɑ i̯ ɑ s	4
esiaste	e s i ɑ s t eˣ	6
esidiabetes	e s i d i ɑ b e t e s	0
esiharjoittelu	e s i h ɑ r j o i̯ tː e l u	0
esiin	e s iː n	1627
esiinhuuto	e s iː n h uː t o	0
esiinluiskahdus	e s iː n l u i̯ s k ɑ h d u s	0
esiinmarssi	e s iː n m ɑ r sː i	9
esiinpistävä	e s iː n p i s t æ ʋ æ	0
esiintulo	e s iː n t u l o	2
esiintuoda	e s iː n t u o̯ d ɑˣ	0
esiintuominen	e s iː n t u o̯ m i n e n	7
esiintuonti	e s iː n t u o̯ n t i	0
esiintyjäryhmä	e s iː n t y j æ r y h m æ	0
esiintymisalue	e s iː n t y m i s ɑ l u eˣ	2
esiintymisjännitys	e s iː n t y m i s j æ nː i t y s	0
esiintymiskelpoinen	e s iː n t y m i s k e l p o i̯ n e n	0
esiintymiskyky	e s iː n t y m i s k y k y	2
esiintymiskykyinen	e s iː n t y m i s k y k y i̯ n e n	2
esiintymispalkkio	e s iː n t y m i s p ɑ l kː i o	0
esiintymispelko	e s iː n t y m i s p e l k o	0
esiintymistapa	e s iː n t y m i s t ɑ p ɑ	0
esiintymistottumus	e s iː n t y m i s t o tː u m u s	0
esiintyvyys	e s iː n t y ʋ yː s	26
esiintyvä	e s iː n t y ʋ æ	85
esiintyä	e s iː n t y æˣ	338
esijännitteinen	e s i j æ nː i tː e i̯ n e n	0
esikasvi	e s i k ɑ s ʋ i	2
esikasvos	e s i k ɑ s ʋ o s	0
esikisat	e s i k i s ɑ t	1
esikkokasvi	e s i kː o k ɑ s ʋ i	0
esiklassismi	e s i k l ɑ sː i s m i	0
esikoiskirjailijaseminaari	e s i k o i̯ s k i r j ɑ i̯ l i j ɑ s e m i n ɑː r i	0
esikoiskirjailijatapaaminen	e s i k o i̯ s k i r j ɑ i̯ l i j ɑ t ɑ p ɑː m i n e n	0
esikoiskokoelma	e s i k o i̯ s k o k o e l m ɑ	0
esikoislestadiolaisuus	e s i k o i̯ s l e s t ɑː d i o l ɑ i̯ s uː s	0
esikoulu	e s i k o u̯ l u	39
esikouluikäinen	e s i k o u̯ l u i k æ i̯ n e n	2
esikuntakomppania	e s i k u n t ɑ k o m pː ɑ n i ɑ	0
esikuva	e s i k u ʋ ɑ	36
esikuvallisuus	e s i k u ʋ ɑ lː i s uː s	1
esikuvavertailu	e s i k u ʋ ɑ ʋ e r t ɑ i̯ l u	0
esikäännös	e s i k æː nː ø s	0
esikääntäjä	e s i k æː n t æ j æ	0
esilaulaja	e s i l ɑ u̯ l ɑ j ɑ	0
esilehti	e s i l e h t i	0
esiliite	e s i l iː t eˣ	0
esille	e s i lː eˣ	1795
esilletulo	e s i lː eˣ t u l o	1
esilläolo	e s i lː æ o l o	2
esilukija	e s i l u k i j ɑ	4
esilämmitin	e s i l æ mː i t i n	0
esimaku	e s i m ɑ k u	0
esimerkillisyys	e s i m e r k i lː i s yː s	1
esimerkistö	e s i m e r k i s t ø	0
esimerkkilause	e s i m e r kː i l ɑ u̯ s eˣ	0
esimerkkirivi	e s i m e r kː i r i ʋ i	0
esimiehistö	e s i m i e̯ h i s t ø	0
esimiehyys	e s i m i e̯ h yː s	0
esimies	e s i m i e̯ s	170
esimuoto	e s i m u o̯ t o	2
esimurrosikä	e s i m u rː o s i k æ	0
esinainen	e s i n ɑ i̯ n e n	0
esine	e s i n eˣ	72
esineellistys	e s i n eː lː i s t y s	0
esineellistää	e s i n eː lː i s t æːˣ	2
esineellisyys	e s i n eː lː i s yː s	0
esinekokoelma	e s i n eˣ k o k o e l m ɑ	6
esinelaina	e s i n eˣ l ɑ i̯ n ɑ	0
esineskanneri	e s i n eˣ s k ɑ nː e r i	0
esinetaide	e s i n eˣ t ɑ i̯ d eˣ	0
esinetulostin	e s i n eˣ t u l o s t i n	0
esinetulostus	e s i n eˣ t u l o s t u s	0
esinetutkimus	e s i n eˣ t u t k i m u s	0
esinevalokuvaus	e s i n eˣ ʋ ɑ l o k u ʋ ɑ u s	0
esinäytös	e s i n æ y̯ t ø s	1
esiopinnot	e s i o p i nː o t	0
esipiha	e s i p i h ɑ	1
esiprosessori	e s i p r o s e sː o r i	0
esipuhe	e s i p u h eˣ	18
esirakentaminen	e s i r ɑ k e n t ɑ m i n e n	15
esiromantiikka	e s i r o m ɑ n t iː kː ɑ	0
esiroomalainen	e s i r oː m ɑ l ɑ i̯ n e n	0
esirukoilija	e s i r u k o i̯ l i j ɑ	1
esirukous	e s i r u k o u s	13
esisokraattisuus	e s i s o k r ɑː tː i s uː s	0
esisolu	e s i s o l u	0
esisopimus	e s i s o p i m u s	28
esite	e s i t eˣ	172
esitellä	e s i t e lː æˣ	225
esitelmämatka	e s i t e l m æ m ɑ t k ɑ	0
esitelmänpitäjä	e s i t e l m æ n p i t æ j æ	1
esitelmäsarja	e s i t e l m æ s ɑ r j ɑ	4
esitiede	e s i t i e̯ d eˣ	1
esitieto	e s i t i e̯ t o	1
esitisle	e s i t i s l eˣ	0
esitteleminen	e s i tː e l e m i n e n	10
esittelyjärjestelmä	e s i tː e l y j æ r j e s t e l m æ	0
esittelylehti	e s i tː e l y l e h t i	0
esittelylehtinen	e s i tː e l y l e h t i n e n	0
esittelyohjelma	e s i tː e l y o h j e l m ɑ	4
esittelytila	e s i tː e l y t i l ɑ	5
esittäminen	e s i tː æ m i n e n	108
esittäytyä	e s i tː æ y t y æˣ	11
esittää	e s i tː æːˣ	3302
esitutkimus	e s i t u t k i m u s	18
esitutkintalaki	e s i t u t k i n t ɑ l ɑ k i	0
esityksellinen	e s i t y k s e lː i n e n	1
esitys	e s i t y s	1680
esitysanalyysi	e s i t y s ɑ n ɑ l yː s i	1
esitysgrafiikka	e s i t y s ɡ r ɑ f iː kː ɑ	2
esityskausi	e s i t y s k ɑ u̯ s i	0
esityskeino	e s i t y s k e i̯ n o	0
esityskerta	e s i t y s k e r t ɑ	0
esityskielto	e s i t y s k i e̯ l t o	0
esitysmerkintä	e s i t y s m e r k i n t æ	0
esitystaito	e s i t y s t ɑ i̯ t o	1
esitystapa	e s i t y s t ɑ p ɑ	26
esitystarkkuus	e s i t y s t ɑ r kː uː s	2
esityttää	e s i t y tː æːˣ	0
esityö	e s i t y ø̯	1
esitäyttö	e s i t æ y̯ tː ø	0
esiupseeri	e s i u p s eː r i	0
esivaihe	e s i ʋ ɑ i̯ h eˣ	1
esivalmistelu	e s i ʋ ɑ l m i s t e l u	14
esivalta	e s i ʋ ɑ l t ɑ	8
esiäänitys	e s i æː n i t y s	0
esiö	e s i ø	0
esiökuva	e s i ø k u ʋ ɑ	0
eskaloida	e s k ɑ l o i̯ d ɑˣ	0
eskaloitua	e s k ɑ l o i̯ t u ɑˣ	2
eskari	e s k ɑ r i	4
eskatologi	e s k ɑ t o l o ɡ i	0
eskimo	e s k i m o	0
eskimohanhi	e s k i m o h ɑ n h i	0
eskimokajakki	e s k i m o k ɑ j ɑ kː i	1
eskimokuiri	e s k i m o k u i̯ r i	0
eskimolokki	e s k i m o l o kː i	0
eskimopyörähdys	e s k i m o p y ø̯ r æ h d y s	0
eskimosirri	e s k i m o s i rː i	0
esko	e s k o	499
eskola	e s k o l ɑ	67
eskortti	e s k o r tː i	1
esofagus	e s o f ɑ ɡ u s	0
espanja	e s p ɑ n j ɑ	72
espanjankuume	e s p ɑ n j ɑ n k uː m eˣ	0
espanjatar	e s p ɑ n j ɑ t ɑ r	0
esplanadi	e s p l ɑ n ɑː d i	1
espoo	e s p oː	329
espoolaisuus	e s p oː l ɑ i̯ s uː s	0
espressokahvi	e s p r e sː o k ɑ h ʋ i	1
espressokeitin	e s p r e sː o k e i̯ t i n	1
essee	e sː eː	57
esseekirjallisuus	e sː eː k i r j ɑ lː i s uː s	0
esseekokoelma	e sː eː k o k o e l m ɑ	2
essentiaali	e sː e n t i ɑː l i	0
essentialismi	e sː e n t i ɑ l i s m i	0
essi	e sː i	39
essiivinen	e sː iː ʋ i n e n	0
esso	e sː o	34
essumekko	e sː u m e kː o	0
establishment	e s t ɑ b l i s m e n tː i	2
este	e s t eˣ	159
esteellinen	e s t eː lː i n e n	73
esteellisyys	e s t eː lː i s yː s	11
esteellisyysperuste	e s t eː lː i s yː s p e r u s t eˣ	0
esteetti	e s t eː tː i	0
esteettisyys	e s t eː tː i s yː s	9
esteettömyys	e s t eː tː ø m yː s	12
esteettömyystodistus	e s t eː tː ø m yː s t o d i s t u s	0
estefunktio	e s t eˣ f u ŋ k t i o	0
estejuoksu	e s t eˣ j u o̯ k s u	0
estely	e s t e l y	0
ester	e s t e r	36
esteraasi	e s t e r ɑː s i	0
esteratsastus	e s t eˣ r ɑ t s ɑ s t u s	3
esteri	e s t e r i	10
estetisoida	e s t e t i s o i̯ d ɑˣ	0
estimoiminen	e s t i m o i̯ m i n e n	1
estoisuus	e s t o i̯ s uː s	0
estolääkitys	e s t o l æː k i t y s	4
estosuunta	e s t o s uː n t ɑ	0
estottomuus	e s t o tː o m uː s	0
estraditaide	e s t r ɑ d i t ɑ i̯ d eˣ	1
estraditaiteilija	e s t r ɑ d i t ɑ i̯ t e i̯ l i j ɑ	0
estrelanvuoristokoira	e s t r eː l ɑ n ʋ u o̯ r i s t o k o i̯ r ɑ	1
estyminen	e s t y m i n e n	7
estyneisyys	e s t y n e i̯ s yː s	0
et	e t	1487
etaani	e t ɑː n i	0
etabloida	e t ɑ b l o i̯ d ɑˣ	0
etablointi	e t ɑ b l o i̯ n t i	0
etabloituminen	e t ɑ b l o i̯ t u m i n e n	1
etana	e t ɑ n ɑ	2
etananvauhti	e t ɑ n ɑ n ʋ ɑ u̯ h t i	0
etappi	e t ɑ pː i	24
etappiajo	e t ɑ pː i ɑ j o	0
etappitie	e t ɑ pː i t i e̯	0
eteen	e t eː n	887
eteeni	e t eː n i	14
eteenpäinmeno	e t eː n p æ i̯ n m e n o	4
eteentaivutus	e t eː n t ɑ i̯ ʋ u t u s	0
eteerisesti	e t eː r i s e s t iˣ	2
eteerisyys	e t eː r i s yː s	1
eteinen	e t e i̯ n e n	22
eteisaula	e t e i̯ s ɑ u l ɑ	0
eteisflimmeri	e t e i̯ s f l i mː e r i	0
eteislepatus	e t e i̯ s l e p ɑ t u s	0
eteistila	e t e i̯ s t i l ɑ	0
eteisvartija	e t e i̯ s ʋ ɑ r t i j ɑ	0
eteisvärinä	e t e i̯ s ʋ æ r i n æ	3
etelä	e t e l æ	30
eteläaasialainen	e t e l æ ɑː s i ɑ l ɑ i̯ n e n	0
eteläamerikanlokki	e t e l æ ɑ m e r i k ɑ n l o kː i	0
eteläkaakkoinen	e t e l æ k ɑː kː o i̯ n e n	0
eteläkärki	e t e l æ k æ r k i	7
etelälounainen	e t e l æ l o u̯ n ɑ i̯ n e n	0
etelämaa	e t e l æ m ɑː	1
etelämantereenkihu	e t e l æ m ɑ n t e r eː n k i h u	0
etelämmäs	e t e l æ mː æ s	5
etelämpänä	e t e l æ m p æ n æ	23
etelämpää	e t e l æ m p æː	0
etelämurre	e t e l æ m u rː eˣ	0
etelämyrsky	e t e l æ m y r s k y	0
etelänharmaalokki	e t e l æ n h ɑ r m ɑː l o kː i	0
etelänhedelmä	e t e l æ n h e d e l m æ	0
etelänhopeatäplä	e t e l æ n h o p e ɑ t æ p l æ	0
etelänkalkkunasarvekas	e t e l æ n k ɑ l kː u n ɑ s ɑ r ʋ e k ɑ s	0
etelänkeiju	e t e l æ n k e i̯ j u	0
etelänkeltaperhonen	e t e l æ n k e l t ɑ p e r h o n e n	0
etelänkeltatoko	e t e l æ n k e l t ɑ t o k o	0
etelänkruunukurki	e t e l æ n k r uː n u k u r k i	0
etelänlepakko	e t e l æ n l e p ɑ kː o	0
etelänmatka	e t e l æ n m ɑ t k ɑ	1
etelänmerinorsu	e t e l æ n m e r i n o r s u	0
etelänpihlaja	e t e l æ n p i h l ɑ j ɑ	0
etelänpuoleinen	e t e l æ n p u o̯ l e i̯ n e n	3
etelänpuukiipijä	e t e l æ n p uː k iː p i j æ	0
etelänselkälokki	e t e l æ n s e l k æ l o kː i	0
eteläpuolinen	e t e l æ p u o̯ l i n e n	14
eteläpuolitse	e t e l æ p u o̯ l i t s eˣ	5
eteläreimari	e t e l æ r e i̯ m ɑ r i	0
etelärinne	e t e l æ r i nː eˣ	5
eteläsilta	e t e l æ s i l t ɑ	0
eteläslaavi	e t e l æ s l ɑː ʋ i	0
eteläsuunta	e t e l æ s uː n t ɑ	0
etelävaltio	e t e l æ ʋ ɑ l t i o	0
etelävenäjänkoira	e t e l æ ʋ e n æ j æ n k o i̯ r ɑ	0
etelävenäjänpaimenkoira	e t e l æ ʋ e n æ j æ n p ɑ i̯ m e n k o i̯ r ɑ	0
etemmä	e t e mː æ	1
etemmäksi	e t e mː æ k s i	0
etemmäs	e t e mː æ s	0
etempänä	e t e m p æ n æ	0
etempää	e t e m p æː	0
etenemisliike	e t e n e m i s l iː k eˣ	0
etenemismuoto	e t e n e m i s m u o̯ t o	0
etenemisnopeus	e t e n e m i s n o p e u s	5
etenemispalkki	e t e n e m i s p ɑ l kː i	0
etenemissuunta	e t e n e m i s s uː n t ɑ	2
etenemisvaihe	e t e n e m i s ʋ ɑ i̯ h eˣ	0
etenemisviive	e t e n e m i s ʋ iː ʋ e	0
etenevästi	e t e n e ʋ æ s t iˣ	1
etevyys	e t e ʋ yː s	0
etevä	e t e ʋ æ	6
etevämmyys	e t e ʋ æ mː yː s	0
etevästi	e t e ʋ æ s t iˣ	3
etiketti	e t i k e tː i	14
etikettivirhe	e t i k e tː i ʋ i r h eˣ	1
etikka	e t i kː ɑ	6
etikkaeetteri	e t i kː ɑ eː tː e r i	0
etikkaesteri	e t i kː ɑ e s t e r i	0
etikkapunajuuri	e t i kː ɑ p u n ɑ j uː r i	0
etiologisesti	e t i o l o ɡ i s e s t iˣ	0
etioloituminen	e t i o l o i̯ t u m i n e n	0
etiopia	e t i o p i ɑ	6
etiopianhaarapääsky	e t i o p i ɑ n h ɑː r ɑ p æː s k y	0
etiopianjänis	e t i o p i ɑ n j æ n i s	0
etiopianvarpuskiuru	e t i o p i ɑ n ʋ ɑ r p u s k i u̯ r u	0
etiopianvuorikauris	e t i o p i ɑ n ʋ u o̯ r i k ɑ u̯ r i s	0
etnisesti	e t n i s e s t iˣ	5
etnografisesti	e t n o ɡ r ɑ f i s e s t iˣ	1
etnohistoria	e t n o h i s t o r i ɑ	0
etnolingvistiikka	e t n o l i ŋ ʋ i s t iː kː ɑ	0
etnomedisiina	e t n o m e d i s iː n ɑ	0
etnometodologia	e t n o m e t o d o l o ɡ i ɑ	0
etnomusa	e t n o m u s ɑ	0
etnomusikologi	e t n o m u s i k o l o ɡ i	1
etnopsykologia	e t n o p s y k o l o ɡ i ɑ	0
etnoravintola	e t n o r ɑ ʋ i n t o l ɑ	0
etnosentrinen	e t n o s e n t r i n e n	0
etoa	e t o ɑˣ	0
etpä	e t p æ	2
etruski	e t r u s k i	1
etruskipäästäinen	e t r u s k i p æː s t æ i̯ n e n	0
etruskologi	e t r u s k o l o ɡ i	0
etsata	e t s ɑ t ɑˣ	1
etsimätön	e t s i m æ t ø n	1
etsin	e t s i n	65
etsinkuva	e t s i n k u ʋ ɑ	1
etsintä	e t s i n t æ	70
etsintäpalvelu	e t s i n t æ p ɑ l ʋ e l u	0
etsiskely	e t s i s k e l y	1
etsitty	e t s i tː y	69
etsivä	e t s i ʋ æ	32
etsivätoimisto	e t s i ʋ æ t o i̯ m i s t o	0
etsiä	e t s i æˣ	612
ette	e tː e	129
etto	e tː o	1
että	e tː æ	75581
etu	e t u	387
etuajassa	e t u ɑ j ɑ sː ɑ	26
etuakseli	e t u ɑ k s e l i	3
etuala	e t u ɑ l ɑ	4
etuasema	e t u ɑ s e m ɑ	0
etuaukile	e t u ɑ u k i l eˣ	0
etuhaarukka	e t u h ɑː r u kː ɑ	3
etuhalkio	e t u h ɑ l k i o	0
etuheilahdus	e t u h e i̯ l ɑ h d u s	0
etuhele	e t u h e l eˣ	0
etuhuone	e t u h u o̯ n eˣ	0
etuikkuna	e t u i kː u n ɑ	0
etuileminen	e t u i̯ l e m i n e n	0
etuilu	e t u i̯ l u	0
etuisuus	e t u i̯ s uː s	2
etujousi	e t u j o u̯ s i	0
etujäsen	e t u j æ s e n	0
etukammio	e t u k ɑ mː i o	1
etukappale	e t u k ɑ pː ɑ l eˣ	0
etukautta	e t u k ɑ u̯ tː ɑ	1
etukenoon	e t u k e n oː n	0
etukenossa	e t u k e n o sː ɑ	0
etukenttä	e t u k e n tː æ	0
etukontti	e t u k o n tː i	0
etukortti	e t u k o r tː i	1
etukumara	e t u k u m ɑ r ɑ	1
etukuormain	e t u k u o̯ r m ɑ i̯ n	2
etukysymys	e t u k y s y m y s	0
etukäpälä	e t u k æ p æ l æ	0
etukäteen	e t u k æ t eː n	1205
etukäteinen	e t u k æ t e i̯ n e n	1
etukäteisarvio	e t u k æ t e i̯ s ɑ r ʋ i o	0
etukäteisarviointi	e t u k æ t e i̯ s ɑ r ʋ i o i̯ n t i	1
etukäteismaksu	e t u k æ t e i̯ s m ɑ k s u	0
etulaiton	e t u l ɑ i̯ t o n	0
etulasti	e t u l ɑ s t i	0
etuliite	e t u l iː t eˣ	9
etulyhty	e t u l y h t y	0
etulyönti	e t u l y ø̯ n t i	0
etulyöntiasema	e t u l y ø̯ n t i ɑ s e m ɑ	4
etumaasto	e t u m ɑː s t o	0
etumainen	e t u m ɑ i̯ n e n	1
etumaksu	e t u m ɑ k s u	1
etumasto	e t u m ɑ s t o	0
etumerkintä	e t u m e r k i n t æ	0
etumerkkifunktio	e t u m e r kː i f u ŋ k t i o	0
etumies	e t u m i e̯ s	4
etunoja	e t u n o j ɑ	0
etuoikeaan	e t u o i̯ k e ɑː n	0
etuoikealla	e t u o i̯ k e ɑ lː ɑ	2
etuoikealle	e t u o i̯ k e ɑ lː eˣ	1
etuoikealta	e t u o i̯ k e ɑ l t ɑ	0
etuoikeudeton	e t u o i̯ k e u d e t o n	0
etuoikeusjärjestys	e t u o i̯ k e u s j æ r j e s t y s	0
etuoikeuspäivä	e t u o i̯ k e u s p æ i̯ ʋ æ	0
etuosa	e t u o s ɑ	14
etuovi	e t u o ʋ i	2
etupainoinen	e t u p ɑ i̯ n o i̯ n e n	2
etupainoisuus	e t u p ɑ i̯ n o i̯ s uː s	1
etupainotteinen	e t u p ɑ i̯ n o tː e i̯ n e n	1
etupainotteisesti	e t u p ɑ i̯ n o tː e i̯ s e s t iˣ	1
etupainotteisuus	e t u p ɑ i̯ n o tː e i̯ s uː s	0
etupenkki	e t u p e ŋ kː i	0
etupermanto	e t u p e r m ɑ n t o	0
etupiiri	e t u p iː r i	0
etupisto	e t u p i s t o	0
etupuolitse	e t u p u o̯ l i t s eˣ	0
etupurje	e t u p u r j eˣ	0
etupuskuri	e t u p u s k u r i	2
etupyörä	e t u p y ø̯ r æ	1
etupyöräveto	e t u p y ø̯ r æ ʋ e t o	0
etupyörävetoinen	e t u p y ø̯ r æ ʋ e t o i̯ n e n	1
eturaja	e t u r ɑ j ɑ	0
eturauhanen	e t u r ɑ u̯ h ɑ n e n	12
eturauhastulehdus	e t u r ɑ u̯ h ɑ s t u l e h d u s	1
eturengas	e t u r e ŋː ɑ s	5
eturiita	e t u r iː t ɑ	0
eturistiriita	e t u r i s t i r iː t ɑ	0
eturivi	e t u r i ʋ i	4
eturuoka	e t u r u o̯ k ɑ	1
eturuumis	e t u r uː m i s	1
eturyhmä	e t u r y h m æ	0
etusana	e t u s ɑ n ɑ	0
etuselkä	e t u s e l k æ	0
etuseteli	e t u s e t e l i	0
etusijaisuus	e t u s i j ɑ i̯ s uː s	0
etusuora	e t u s u o̯ r ɑ	1
etusuunta	e t u s uː n t ɑ	0
etusävel	e t u s æ ʋ e l	0
etutasapaino	e t u t ɑ s ɑ p ɑ i̯ n o	0
etuteitse	e t u t e i̯ t s eˣ	0
etutietä	e t u t i e̯ t æ	0
etuudensaaja	e t uː d e n s ɑː j ɑ	0
etuushakemus	e t uː s h ɑ k e m u s	0
etuvaaka	e t u ʋ ɑː k ɑ	0
etuvahvistin	e t u ʋ ɑ h ʋ i s t i n	3
etuvaihtaja	e t u ʋ ɑ i̯ h t ɑ j ɑ	0
etuvalo	e t u ʋ ɑ l o	1
etuvartio	e t u ʋ ɑ r t i o	0
etuvartioasema	e t u ʋ ɑ r t i o ɑ s e m ɑ	1
etuvartiokahakka	e t u ʋ ɑ r t i o k ɑ h ɑ kː ɑ	0
etuvartiopalvelus	e t u ʋ ɑ r t i o p ɑ l ʋ e l u s	0
etuvarustus	e t u ʋ ɑ r u s t u s	0
etuvarvas	e t u ʋ ɑ r ʋ ɑ s	0
etuvasemmalla	e t u ʋ ɑ s e mː ɑ lː ɑ	0
etuvasemmalle	e t u ʋ ɑ s e mː ɑ lː eˣ	1
etuvasemmalta	e t u ʋ ɑ s e mː ɑ l t ɑ	0
etuvasempaan	e t u ʋ ɑ s e m p ɑː n	1
etuviistoon	e t u ʋ iː s t oː n	0
etuviistossa	e t u ʋ iː s t o sː ɑ	1
etuviistosta	e t u ʋ iː s t o s t ɑ	0
etuvokaali	e t u ʋ o k ɑː l i	0
etymologisesti	e t y m o l o ɡ i s e s t iˣ	1
etyylialkoholi	e t yː l i ɑ l k o h o l i	0
etähoito	e t æ h o i̯ t o	0
etäinen	e t æ i̯ n e n	10
etäisopetus	e t æ i̯ s o p e t u s	0
etäisopiskelu	e t æ i̯ s o p i s k e l u	0
etäispesäke	e t æ i̯ s p e s æ k eˣ	0
etäispääte	e t æ i̯ s p æː t eˣ	0
etäistyö	e t æ i̯ s t y ø̯	0
etäisyydenmittaus	e t æ i̯ s yː d e n m i tː ɑ u s	0
etäisyys	e t æ i̯ s yː s	219
etäisyystaulu	e t æ i̯ s yː s t ɑ u̯ l u	0
etäkauppa	e t æ k ɑ u̯ pː ɑ	0
etälukio	e t æ l u k i o	7
etäluku	e t æ l u k u	0
etäläsnäolo	e t æ l æ s n æ o l o	2
etälääketiede	e t æ l æː k eˣ t i e̯ d eˣ	1
etämyynti	e t æ m yː n t i	0
etänä	e t æ n æ	6
etäopetus	e t æ o p e t u s	19
etäopiskelija	e t æ o p i s k e l i j ɑ	4
etäostos	e t æ o s t o s	0
etäpesäke	e t æˣ p e s æ k e	1
etäpäivä	e t æ p æ i̯ ʋ æ	0
etäsukukieli	e t æ s u k u k i e̯ l i	0
etätulkkaus	e t æ t u l kː ɑ u s	5
etätulostin	e t æ t u l o s t i n	0
etätunnistaminen	e t æ t u nː i s t ɑ m i n e n	0
etätunnistus	e t æ t u nː i s t u s	0
etätyö	e t æ t y ø̯	64
etäverkko	e t æ ʋ e r kː o	1
etäämmäs	e t æː mː æ s	0
etäämpänä	e t æː m p æ n æ	6
etäämpää	e t æː m p æː	0
etäännytys	e t æː nː y t y s	0
etääntyminen	e t æː n t y m i n e n	3
etääntymisnopeus	e t æː n t y m i s n o p e u s	0
etääntyä	e t æː n t y æˣ	4
euforia	e u f o r i ɑ	1
eukko	e u kː o	8
euklaasi	e u k l ɑː s i	0
eura	e u r ɑ	18
euraasia	e u r ɑː s i ɑ	1
eurajokelainen	e u r ɑ j o k e l ɑ i̯ n e n	2
eurajoki	e u r ɑ j o k i	27
euralainen	e u r ɑ l ɑ i̯ n e n	4
euro	e u r o	777
eurobarometri	e u r o b ɑ r o m e t r i	6
eurokraatti	e u r o k r ɑː tː i	0
euroopanpähkinä	e u r oː p ɑ n p æ h k i n æ	0
eurooppatie	e u r oː pː ɑ t i e̯	1
eurosentti	e u r o s e n tː i	1
euroviisu	e u r o ʋ iː s u	0
euroviisut	e u r o ʋ iː s u t	3
eustressi	e u s t r e sː i	0
eutektinen	e u t e k t i n e n	0
euvostoliitto	e u ʋ o s t o l iː tː o	0
evakko	e ʋ ɑ kː o	5
evakuoiminen	e ʋ ɑ k u o i̯ m i n e n	1
evakuointi	e ʋ ɑ k u o i̯ n t i	12
evankelikaalinen	e ʋ ɑ ŋ k e l i k ɑː l i n e n	0
evankelioiminen	e ʋ ɑ ŋ k e l i o i̯ m i n e n	8
evankelioimistyö	e ʋ ɑ ŋ k e l i o i̯ m i s t y ø̯	2
evankelisuus	e ʋ ɑ ŋ k e l i s uː s	2
evankeliumi	e ʋ ɑ ŋ k e l i u m i	133
evankeliumiteksti	e ʋ ɑ ŋ k e l i u m i t e k s t i	1
eveliina	e ʋ e l iː n ɑ	29
evergreen	e ʋ ø r ɡ r iː n	2
evidenssi	e ʋ i d e n sː i	3
evijärveläinen	e ʋ i j æ r ʋ e l æ i̯ n e n	1
evijärvi	e ʋ i j æ r ʋ i	6
eviskeraatio	e ʋ i s k e r ɑː t i o	0
evä	e ʋ æ	1
eväkäs	e ʋ æ k æ s	0
eväste	e ʋ æ s t eˣ	9
evästäminen	e ʋ æ s t æ m i n e n	2
evätä	e ʋ æ t æˣ	27
f	e f	204
f	æ f	204
faagiterapia	f ɑː ɡ i t e r ɑ p i ɑ	0
faarao	f ɑː r ɑ o	5
faaraomuurahainen	f ɑː r ɑ o m uː r ɑ h ɑ i̯ n e n	1
faasi	f ɑː s i	3
faasiavaruus	f ɑː s i ɑ ʋ ɑ r uː s	0
faasimuutos	f ɑː s i m uː t o s	0
faasiraja	f ɑː s i r ɑ j ɑ	0
faasitaso	f ɑː s i t ɑ s o	0
faattinen	f ɑː tː i n e n	0
fabrikoida	f ɑ b r i k o i̯ d ɑˣ	0
facebook	f e i̯ s b uː k	0
fado	f ɑ d o	0
fado	f ɑː d u	0
fadolaulu	f ɑː d o l ɑ u̯ l u	0
fagosyyttinen	f ɑ ɡ o s yː tː i n e n	0
fagotti	f ɑ ɡ o tː i	4
faija	f ɑ i̯ j ɑ	7
fajaliitti	f ɑ j ɑ l iː tː i	0
fakkiintuminen	f ɑ kː iː n t u m i n e n	0
fakkiutuminen	f ɑ kː i u t u m i n e n	0
faksaaminen	f ɑ k s ɑː m i n e n	0
faktitiivinen	f ɑ k t i t iː ʋ i n e n	0
faktoidi	f ɑ k t o i̯ d i	0
faktori	f ɑ k t o r i	4
faktorointi	f ɑ k t o r o i̯ n t i	0
falafel	f ɑ l ɑ f e l	0
fallibilistinen	f ɑ lː i b i l i s t i n e n	0
fallinen	f ɑ lː i n e n	0
fallos	f ɑ lː o s	3
falsifikationismi	f ɑ l s i f i k ɑ t i o n i s m i	0
falsifikationistinen	f ɑ l s i f i k ɑ t i o n i s t i n e n	0
familiaalinen	f ɑ m i l i ɑː l i n e n	1
fanaatikko	f ɑ n ɑː t i kː o	7
fanaattinen	f ɑ n ɑː tː i n e n	8
fanfaari	f ɑ n f ɑː r i	1
faniklubi	f ɑ n i k l u b i	1
fanittaa	f ɑ n i tː ɑːˣ	0
fanklubi	f ɑ n k l u b i	0
fanni	f ɑ nː i	3
fantasmagoria	f ɑ n t ɑ s m ɑ ɡ o r i ɑ	0
farao	f ɑː r ɑ o	10
farkku	f ɑ r kː u	1
farmakologi	f ɑ r m ɑ k o l o ɡ i	0
farmarikangas	f ɑ r m ɑ r i k ɑ ŋː ɑ s	0
faryngaali	f ɑ r y ŋː ɑː l i	0
faryngaalinen	f ɑ r y ŋː ɑː l i n e n	0
fasadi	f ɑ s ɑ d i	1
fasiaalinen	f ɑ s i ɑː l i n e n	0
fasilitaattori	f ɑ s i l i t ɑː tː o r i	0
fasilitointi	f ɑ s i l i t o i̯ n t i	1
fasinoida	f ɑ s i n o i̯ d ɑˣ	0
fasioskapulohumeraalinen	f ɑ s i o s k ɑ p u l o h u m e r ɑː l i n e n	0
faskia	f ɑ s k i ɑ	0
faskikulaatio	f ɑ s k i k u l ɑː t i o	0
fatiikki	f ɑ t iː kː i	0
fatsi	f ɑ t s i	0
faustinen	f ɑ u̯ s t i n e n	0
favismi	f ɑ ʋ i s m i	0
feedback	f iː d b æ k	9
feeniks	f eː n i k s i	1
feijoa	f e i̯ j o ɑ	0
feikki	f e i̯ kː i	0
fekaalinen	f e k ɑː l i n e n	2
felsinen	f e l s i n e n	0
femakko	f e m ɑ kː o	0
feminismi	f e m i n i s m i	7
feministiteologi	f e m i n i s t i t e o l o ɡ i	0
femma	f e mː ɑ	2
femtosekunti	f e m t o s e k u n t i	0
fenakiitti	f e n ɑ k iː tː i	0
fenkoli	f e ŋ k o l i	3
fennekki	f e nː e kː i	0
fennofiili	f e nː o f iː l i	0
fenolihappo	f e n o l i h ɑ pː o	0
fenomeeni	f e n o m eː n i	1
fenomenologi	f e n o m e n o l o ɡ i	2
feokromosytooma	f e o k r o m o s y t oː m ɑ	2
fermentaatio	f e r m e n t ɑː t i o	0
feromoni	f e r o m o n i	0
ferrimagnetismi	f e rː i m ɑ ɡ n e t i s m i	0
ferroboori	f e rː o b oː r i	0
ferrokelataasi	f e rː o k e l ɑ t ɑː s i	0
ferromagnetismi	f e rː o m ɑ ɡ n e t i s m i	0
fes	f e s	1
fetofetaalinen	f e t o f e t ɑː l i n e n	0
fibroblasti	f i b r o b l ɑ s t i	0
fibromyalgia	f i b r o m y ɑ l ɡ i ɑ	9
fibrosyytti	f i b r o s yː tː i	0
fidži	f i d ʒ i	0
fife	f i f e	1
fii	f iː	9
fiiberilaikka	f iː b e r i l ɑ i̯ kː ɑ	0
fiilistellä	f iː l i s t e lː æˣ	0
fiilistely	f iː l i s t e l y	1
fikkari	f i kː ɑ r i	0
filariaasi	f i l ɑ r i ɑː s i	0
file	f i l eˣ	86
filee	f i l eː	5
filiaali	f i l i ɑː l i	0
filigraanilasi	f i l i ɡ r ɑː n i l ɑ s i	0
filippiinit	f i l i pː iː n i t	8
fillari	f i lː ɑ r i	0
fillaroida	f i lː ɑ r o i̯ d ɑˣ	0
fillaroiminen	f i lː ɑ r o i̯ m i n e n	0
filmaaminen	f i l m ɑː m i n e n	0
filmatisoida	f i l m ɑ t i s o i̯ d ɑˣ	0
filmatisoiminen	f i l m ɑ t i s o i̯ m i n e n	0
filmi	f i l m i	57
filmiarkisto	f i l m i ɑ r k i s t o	1
filosofia	f i l o s o f i ɑ	239
filovirus	f i l o ʋ i r u s	0
filovirus	f i l o ʋ iː r u s	0
finaali	f i n ɑː l i	49
finnair	f i nː ɑ i̯ r	55
finni	f i nː i	1
finström	f i n s t r ø m	3
fiona	f i o n ɑ	5
firaabelityö	f i r ɑː b e l i t y ø̯	0
firenze	f i r e n t s e	5
firenzeläinen	f i r e n t s e l æ i̯ n e n	3
firma	f i r m ɑ	34
firmware	f i r m ʋ ɑ r e	3
firmware	f ø r m ʋ e r	3
firmware	f øː m ʋ e ø	3
fis	f i s	2
fisis	f i s i s	0
fisu	f i s u	1
fitness	f i t n e sː	13
fiude	f i u̯ d e	0
flaami	f l ɑː m i	1
flagellaatti	f l ɑ ɡ e lː ɑː tː i	0
flageoletti	f l ɑ ɡ e o l e tː i	0
flagrantti	f l ɑ ɡ r ɑ n tː i	0
flambeeraaminen	f l ɑ m b eː r ɑː m i n e n	0
flamenco	f l ɑ m e ŋ k o	13
flamenco	f l ɑ m e ŋ kː o	13
flammukangas	f l ɑ mː u k ɑ ŋː ɑ s	0
flatulenssi	f l ɑ t u l e n sː i	0
flavori	f l ɑ ʋ o r i	0
fleda	f l e d ɑ	0
fleece	f l iː s	3
fleece	f l iː s i	3
fleksio	f l e k s i o	0
flikka	f l i kː ɑ	3
flikki	f l i kː i	0
flinda	f l i n d ɑ	0
flipperipallo	f l i pː e r i p ɑ lː o	0
flirtata	f l i r t ɑ t ɑˣ	0
flirttailla	f l i r tː ɑ i̯ lː ɑˣ	1
flirtti	f l i r tː i	2
floora	f l oː r ɑ	3
floretti	f l o r e tː i	2
florida	f l o r i d ɑ	11
fluktuaatio	f l u k t u ɑː t i o	1
flunssa	f l u n sː ɑ	20
fluoresoiva	f l u o̯ r e s o i̯ ʋ ɑ	2
fluori	f l u o̯ r i	5
fluoriapatiitti	f l u o̯ r i ɑ p ɑ t iː tː i	0
fluorikaasu	f l u o̯ r i k ɑː s u	0
fluorisoida	f l u o̯ r i s o i̯ d ɑˣ	0
fluorittaminen	f l u o̯ r i tː ɑ m i n e n	0
flutteri	f l u tː e r i	0
flyygeli	f l yː ɡ e l i	8
fobia	f o b i ɑ	3
fobofobia	f o b o f o b i ɑ	0
fogeli	f o ɡ e l i	0
fokaalinen	f o k ɑː l i n e n	0
fokus	f o k u s	11
folk	f o l k	10
folkkari	f o l kː ɑ r i	0
follikulaarinen	f o lː i k u l ɑː r i n e n	0
fonaatio	f o n ɑː t i o	1
fondue	f o n d yː	0
foneeminen	f o n eː m i n e n	0
fonemaattinen	f o n e m ɑː tː i n e n	0
foni	f o n i	2
fonisti	f o n i s t i	1
fonoliitti	f o n o l iː tː i	0
fonologi	f o n o l o ɡ i	0
fonometri	f o n o m e t r i	0
fonotaksi	f o n o t ɑ k s i	0
fonotaktinen	f o n o t ɑ k t i n e n	0
fontti	f o n tː i	17
fooni	f oː n i	0
fordismi	f o r d i s m i	0
forensinen	f o r e n s i n e n	0
formaalistaminen	f o r m ɑː l i s t ɑ m i n e n	0
formantti	f o r m ɑ n tː i	0
formatiivi	f o r m ɑ t iː ʋ i	0
formatoiminen	f o r m ɑ t o i̯ m i n e n	0
formikaatio	f o r m i k ɑː t i o	0
forssa	f o r sː ɑ	26
forssalainen	f o r sː ɑ l ɑ i̯ n e n	1
forsteriitti	f o r s t e r iː tː i	0
fosfataasi	f o s f ɑ t ɑː s i	3
fosfofruktokinaasi	f o s f o f r u k t o k i n ɑː s i	0
fosfolipaasi	f o s f o l i p ɑː s i	1
fosforenssi	f o s f o r e n sː i	0
fosforylaasikinaasi	f o s f o r y l ɑː s i k i n ɑː s i	0
fossilisoitua	f o sː i l i s o i̯ t u ɑˣ	0
fossiloitua	f o sː i l o i̯ t u ɑˣ	0
foto	f o t o	6
fotobiologia	f o t o b i o l o ɡ i ɑ	0
fotogrammetria	f o t o ɡ r ɑ mː e t r i ɑ	6
fotogrammi	f o t o ɡ r ɑ mː i	0
fotoni	f o t o n i	1
fotoniikka	f o t o n iː kː ɑ	0
fotoninen	f o t o n i n e n	0
fotoperiodismi	f o t o p e r i o d i s m i	0
fototropismi	f o t o t r o p i s m i	0
fovea	f o ʋ e ɑ	0
fraasi	f r ɑː s i	17
fraasikirja	f r ɑː s i k i r j ɑ	0
fragmentoitua	f r ɑ ɡ m e n t o i̯ t u ɑˣ	0
frakki	f r ɑ kː i	5
framilla	f r ɑ m i lː ɑ	0
framille	f r ɑ m i lː eˣ	0
franchise	e	2
franchise	f r æ n t ʃ ɑ i̯ s	2
franchise	f r æ n t͡ʃ ɑ i s e i s s ɑ	2
franchise	f r æ n t͡ʃ ɑ i s i n	2
franchise	i	2
franciscus	f r ɑ n s i s k u s	7
frankeeraaminen	f r ɑ ŋ k eː r ɑː m i n e n	0
frankofiili	f r ɑ ŋ k o f iː l i	0
frans	f r ɑ n s	45
fransmanni	f r ɑ n s m ɑ nː i	2
franssila	f r ɑ n sː i l ɑ	6
freaattinen	f r e ɑː tː i n e n	0
freelancer	f r iː l æ n s e r	1
freelancer	f r iː l ɑ n s e r	1
freestyle	f r iː s t ɑ i̯ l	12
freestylehiihto	f r iː s t ɑ i̯ l h iː h t o	0
frenologi	f r e n o l o ɡ i	0
friisi	f r iː s i	0
frisbee	f r i s b iː	1
frisbeegolf	f r i s b iː ɡ o l f	0
frisbeehen	f r i s b iː ɦ i n	0
frisbeeksi	f r i s b iː k s i	0
frisbeelle	f r i s b iː lː e̞	0
frisbeellä	f r i s b iː lː æ	0
frisbeeltä	f r i s b iː l t̪ æ	0
frisbeen	f r i s b iː n	4
frisbeenä	f r i s b iː n æ	0
frisbeessä	f r i s b iː sː æ	0
frisbeestä	f r i s b iː s t̪ æ	0
frisbeet	f r i s b iː t̪	1
frisbeettä	f r i s b iː t̪ː æ	0
frisbeetä	f r i s b iː t̪ æ	1
frisbeiden	f r i s b iː d e̞ n	0
frisbeineen	f r i s b iː n e̞ː n	0
frisbeitten	f r i s b iː t̪ː e̞ n	0
frisbeitä	f r i s b iː t̪ æ	0
fritsu	f r i t s u	1
frontespiisi	f r o n t e s p iː s i	0
frontotemporaalinen	f r o n t o t e m p o r ɑː l i n e n	0
fruitie	f r uː t i	0
fruktokinaasi	f r u k t o k i n ɑː s i	0
fruktoosi	f r u k t oː s i	1
fugasiteetti	f u ɡ ɑ s i t eː tː i	0
fuksi	f u k s i	4
fuksiitti	f u k s iː tː i	0
fumaraasi	f u m ɑ r ɑː s i	0
fumaraatti	f u m ɑ r ɑː tː i	0
fumaroli	f u m ɑ r o l i	0
fundamentalismi	f u n d ɑ m e n t ɑ l i s m i	4
fundamentti	f u n d ɑ m e n tː i	0
fundeerata	f u n d eː r ɑ t ɑˣ	1
funktiogeneraattori	f u ŋ k t i o ɡ e n e r ɑː tː o r i	0
funktionaalideterminantti	f u ŋ k t i o n ɑː l i d e t e r m i n ɑ n tː i	0
funktiosarja	f u ŋ k t i o s ɑ r j ɑ	0
funtsiminen	f u n t s i m i n e n	1
furunkuloosi	f u r u ŋ k u l oː s i	2
fusionaalinen	f u s i o n ɑː l i n e n	0
futon	f u t o n	3
futonpatja	f u t o n p ɑ t j ɑ	0
futuurihinta	f u t uː r i h i n t ɑ	0
fuuga	f uː ɡ ɑ	3
fuusioida	f uː s i o i̯ d ɑˣ	2
fuusioiminen	f uː s i o i̯ m i n e n	2
fuusioituminen	f uː s i o i̯ t u m i n e n	2
fuusiovoima	f uː s i o ʋ o i̯ m ɑ	0
fysiikka	f y s iː kː ɑ	139
fysiikkamoottori	f y s iː kː ɑ m oː tː o r i	0
fysiokraatti	f y s i o k r ɑː tː i	0
fysiologia	f y s i o l o ɡ i ɑ	20
fysiologinen	f y s i o l o ɡ i n e n	19
fytaasi	f y t ɑː s i	0
fytaatti	f y t ɑː tː i	0
färsaaret	f æː r s ɑː r e t	3
föglö	f øː ɡ l øː	3
föhntuuli	f ø h n t uː l i	0
föri	f ø r i	0
förskotti	f ø r s k o tː i	0
föönaaminen	f øː n ɑː m i n e n	0
föönata	f øː n ɑ t ɑˣ	0
fööni	f øː n i	1
g	ɡ eː	693
gabriel	ɡ ɑː b r i e l	70
gahniitti	ɡ ɑ h n iː tː i	0
galaksi	ɡ ɑ l ɑ k s i	18
galaktaani	ɡ ɑ l ɑ k t ɑː n i	0
galaktokinaasi	ɡ ɑ l ɑ k t o k i n ɑː s i	0
galaktorrea	ɡ ɑ l ɑ k t o rː e ɑ	1
galaktosemia	ɡ ɑ l ɑ k t o s e m i ɑ	0
galapagosinmerileijona	ɡ ɑ l ɑ p ɑ ɡ o s i n m e r i l e i̯ j o n ɑ	0
gallen	ɡ ɑ lː eː n	2
galleriametsä	ɡ ɑ lː e r i ɑ m e t s æ	0
gallén	ɡ ɑ lː eː n	4
galoppi	ɡ ɑ l o pː i	0
galvanisaatio	ɡ ɑ l ʋ ɑ n i s ɑː t i o	0
galvanismi	ɡ ɑ l ʋ ɑ n i s m i	0
gambia	ɡ ɑ m b i ɑ	0
gametofyyttinen	ɡ ɑ m e t o f yː tː i n e n	0
gametogonia	ɡ ɑ m e t o ɡ o n i ɑ	0
gamma	ɡ ɑ mː ɑ	17
gammahydroksibutyraatti	ɡ ɑ mː ɑ h y d r o k s i b u t y r ɑː tː i	0
gammakorjaus	ɡ ɑ mː ɑ k o r j ɑ u s	0
gammasäde	ɡ ɑ mː ɑ s æ d eˣ	0
gangliosidi	ɡ ɑ ŋ l i o s i d i	0
gargoili	ɡ ɑ r ɡ o i̯ l i	0
garum	ɡ ɑː r u m	0
gastrinen	ɡ ɑ s t r i n e n	0
gastroenterologi	ɡ ɑ s t r o e n t e r o l o ɡ i	0
gastrointestinaalinen	ɡ ɑ s t r o i n t e s t i n ɑː l i n e n	2
gastrulaatio	ɡ ɑ s t r u l ɑː t i o	0
gay	ɡ e̞ i	6
gee	ɡ eː	10
geelikynsi	ɡ eː l i k y n s i	0
geeni	ɡ eː n i	49
geenimanipuloida	ɡ eː n i m ɑ n i p u l o i̯ d ɑˣ	0
geenimanipuloitu	ɡ eː n i m ɑ n i p u l o i̯ t u	0
geenimuunnella	ɡ eː n i m uː nː e lː ɑˣ	0
geenitekniikka	ɡ eː n i t e k n iː kː ɑ	25
geeniteknologi	ɡ eː n i t e k n o l o ɡ i	0
geenivektori	ɡ eː n i ʋ e k t o r i	0
geigermittari	ɡ ɑ i̯ ɡ e r m i tː ɑ r i	0
geisha	ɡ e i̯ s ɑ	2
geisha	ɡ e i̯ ʃ ɑ	2
geiša	ɡ e i̯ ʃ ɑ	0
gemenanumerot	ɡ e m e n ɑ n u m e r o t	0
genaakkeri	ɡ e n ɑː kː e r i	0
generaattorikaasu	ɡ e n e r ɑː tː o r i k ɑː s u	0
generalisti	ɡ e n e r ɑ l i s t i	0
generalistinen	ɡ e n e r ɑ l i s t i n e n	0
generoiminen	ɡ e n e r o i̯ m i n e n	0
genitaali	ɡ e n i t ɑː l i	0
genomitieto	ɡ e n o m i t i e̯ t o	0
genre	ɡ e n r e	6
genua	d ʒ e n u ɑ	1
genua	ɡ e n u ɑ	1
genus	ɡ e n u s	0
geohydrologi	ɡ e o h y d r o l o ɡ i	0
geomorfologi	ɡ e o m o r f o l o ɡ i	0
georgia	d ʒ oː d ʒ i ɑ	9
georgia	ɡ e o r ɡ i ɑ	9
geosentrismi	ɡ e o s e n t r i s m i	0
geotropismi	ɡ e o t r o p i s m i	0
gepardi	ɡ e p ɑ r d i	1
geriatri	ɡ e r i ɑ t r i	0
germaani	ɡ e r m ɑː n i	1
germanismi	ɡ e r m ɑ n i s m i	0
gerundiivi	ɡ e r u n d iː ʋ i	1
ges	ɡ e s	0
geta	j eː t ɑ	1
gettoutuminen	ɡ e tː o u t u m i n e n	0
geysir	ɡ e i̯ s i r	2
ghettoutuminen	ɡ e tː o u t u m i n e n	2
gibitavu	ɡ i b i t ɑ ʋ u	0
gibraltarinsalmi	ɡ i b r ɑ l t ɑ r i n s ɑ l m i	0
gideon	ɡ i d e o n	3
giga	ɡ i ɡ ɑ	3
gigabitti	ɡ i ɡ ɑ b i tː i	0
gigajoule	ɡ i ɡ ɑ j o u̯ l e	0
gimma	ɡ i mː ɑ	2
gingivaalinen	ɡ i ŋː i ʋ ɑː l i n e n	0
gis	ɡ i s	13
glasifluviaalinen	ɡ l ɑ s i f l u ʋ i ɑː l i n e n	0
glasiologi	ɡ l ɑ s i o l o ɡ i	0
gliadiini	ɡ l i ɑ d iː n i	0
glioblastooma	ɡ l i o b l ɑ s t oː m ɑ	1
globalisointi	ɡ l o b ɑ l i s o i̯ n t i	0
glossaalinen	ɡ l o sː ɑː l i n e n	0
glossi	ɡ l o sː i	0
glottaaliklusiili	ɡ l o tː ɑː l i k l u s iː l i	0
glottis	ɡ l o tː i s	0
glukoosi	ɡ l u k oː s i	16
glutamyyli	ɡ l u t ɑ m yː l i	0
glutamyylitransferaasi	ɡ l u t ɑ m yː l i t r ɑ n s f e r ɑː s i	0
glutaraatti	ɡ l u t ɑ r ɑː tː i	0
gluteenijauho	ɡ l u t eː n i j ɑ u̯ h o	0
glykogeenifosforylaasi	ɡ l y k o ɡ eː n i f o s f o r y l ɑː s i	0
glykogeenisyntaasi	ɡ l y k o ɡ eː n i s y n t ɑː s i	0
glykosidaasi	ɡ l y k o s i d ɑː s i	0
glykosidisidos	ɡ l y k o s i d i s i d o s	0
glykosylaasi	ɡ l y k o s y l ɑː s i	0
glyoksaali	ɡ l y o k s ɑː l i	0
glyoksisomi	ɡ l y o k s i s o m i	0
glysyyli	ɡ l y s yː l i	0
glyyfi	ɡ l yː f i	0
glögi	ɡ l ø ɡ i	5
gnoomi	ɡ n oː m i	0
gnosis	ɡ n oː s i s	1
gnu	ɡ n uː	4
gnuu	ɡ n uː	0
go	ɡ oː	36
golf	ɡ o l f	103
golfaaminen	ɡ o l f ɑː m i n e n	1
golfata	ɡ o l fː ɑ t ɑˣ	1
golfkyynärpää	ɡ o l f k yː n æ r p æː	0
goljatti	ɡ o l j ɑ tː i	0
gona	ɡ o n ɑ	0
gondolihissi	ɡ o n d o l i h i sː i	0
gonidio	ɡ o n i d i o	0
gonorrea	ɡ o n o rː e ɑ	0
goodwill	ɡ u d w i l	2
googlata	ɡ uː ɡ l ɑ t ɑˣ	0
goottimetalli	ɡ oː tː i m e t ɑ lː i	0
goottirock	ɡ oː tː i r o kː i	0
gorilla	ɡ o r i lː ɑ	4
gospel	ɡ o s p e l	14
gourmet	ɡ u r m eː	5
graafinen	ɡ r ɑː f i n e n	150
graavaaminen	ɡ r ɑː ʋ ɑː m i n e n	0
graavilohi	ɡ r ɑː ʋ i l o h i	0
gradienttimenetelmä	ɡ r ɑ d i e n tː i m e n e t e l m æ	1
gradu	ɡ r ɑ d u	230
gradualismi	ɡ r ɑ d u ɑ l i s m i	0
grafiikkaprosessori	ɡ r ɑ f iː kː ɑ p r o s e sː o r i	0
grafiikkasuoritin	ɡ r ɑ f iː kː ɑ s u o̯ r i t i n	0
graham	ɡ r ɑː h ɑ m	17
grammaatikko	ɡ r ɑ mː ɑː t i kː o	0
grammapaino	ɡ r ɑ mː ɑ p ɑ i̯ n o	0
grammari	ɡ r ɑ mː ɑ r i	0
grammatiikka	ɡ r ɑ mː ɑ t iː kː ɑ	1
gramnegatiivinen	ɡ r ɑ m n e ɡ ɑ t iː ʋ i n e n	0
gramofoninneula	ɡ r ɑ m o f o n i n n e u̯ l ɑ	0
grampositiivinen	ɡ r ɑ m p o s i t iː ʋ i n e n	0
granaattiomena	ɡ r ɑ n ɑː tː i o m e n ɑ	1
granadilla	ɡ r ɑ n ɑ d i lː ɑ	0
grandioosi	ɡ r ɑ n d i oː s i	0
grandioottinen	ɡ r ɑ n d i oː tː i n e n	0
grandiositeetti	ɡ r ɑ n d i o s i t eː tː i	0
granitoidi	ɡ r ɑ n i t o i̯ d i	0
granofyyri	ɡ r ɑ n o f yː r i	0
granulaarinen	ɡ r ɑ n u l ɑː r i n e n	0
granulosyytti	ɡ r ɑ n u l o s yː tː i	0
grauvakka	ɡ r ɑ u̯ ʋ ɑ kː ɑ	0
graveerata	ɡ r ɑ ʋ eː r ɑ t ɑˣ	0
gravimetri	ɡ r ɑ ʋ i m e t r i	0
gravis	ɡ r ɑː ʋ i s	8
gravitomagnetismi	ɡ r ɑ ʋ i t o m ɑ ɡ n e t i s m i	0
gray	ɡ r e i̯	10
gregorianiikka	ɡ r e ɡ o r i ɑ n iː kː ɑ	1
greippi	ɡ r e i̯ pː i	5
griini	ɡ r iː n i	5
grillaaminen	ɡ r i lː ɑː m i n e n	1
grilli	ɡ r i lː i	22
grindometri	ɡ r i n d o m e t r i	0
grossulaari	ɡ r o sː u l ɑː r i	0
gruusia	ɡ r uː s i ɑ	0
gruuvi	ɡ r uː ʋ i	0
gruyère	ɡ r y j æː r	0
grönlanninhai	ɡ r øː n l ɑ nː i n h ɑ i̯	0
grönlanninlokki	ɡ r ø n l ɑ nː i n l o kː i	0
grönlanti	ɡ r øː n l ɑ n t i	5
guanako	ɡ u ɑ n ɑ k o	0
guassi	ɡ u ɑ sː i	0
guassiväri	ɡ u ɑ sː i ʋ æ r i	0
guatemala	ɡ u ɑ t e m ɑː l ɑ	6
guava	ɡ u ɑː ʋ ɑ	0
gube	ɡ u b e	0
guinea	ɡ i n e ɑ	2
gurmee	ɡ u r m eː	0
gurut	ɡ u r u t	9
gustatorinen	ɡ u s t ɑ t o r i n e n	0
guuglata	ɡ uː ɡ l ɑ t ɑˣ	0
gynandromorfi	ɡ y n ɑ n d r o m o r f i	0
gynandromorfinen	ɡ y n ɑ n d r o m o r f i n e n	0
gynekomastia	ɡ y n e k o m ɑ s t i ɑ	0
gyrobussi	ɡ y r o b u sː i	0
gyrotroni	ɡ y r o t r o n i	0
göteborg	j øː tː e b o r i	8
göteborgilainen	j øː tː e b o r i l ɑ i̯ n e n	3
göötepori	ɡ øː t e p o r i	0
h	h oː	651
ha	h ɑ	314
haahka	h ɑː h k ɑ	1
haahlaorsi	h ɑː h l ɑ o r s i	0
haaksi	h ɑː k s i	0
haalea	h ɑː l e ɑ	2
haaleneminen	h ɑː l e n e m i n e n	0
haali	h ɑː l i	3
haalia	h ɑː l i ɑˣ	8
haam	h ɑː m	1
haamu	h ɑː m u	8
haamunuotti	h ɑː m u n u o̯ tː i	0
haamusärky	h ɑː m u s æ r k y	0
haapa	h ɑː p ɑ	11
haapajärveläinen	h ɑː p ɑ j æ r ʋ e l æ i̯ n e n	1
haapajärvi	h ɑː p ɑ j æ r ʋ i	13
haapajärvinen	h ɑː p ɑ j æ r ʋ i n e n	0
haapala	h ɑː p ɑ l ɑ	40
haapalainen	h ɑː p ɑ l ɑ i̯ n e n	10
haapametsä	h ɑː p ɑ m e t s æ	0
haapaperhonen	h ɑː p ɑ p e r h o n e n	0
haaparanta	h ɑː p ɑ r ɑ n t ɑ	14
haapasalo	h ɑː p ɑ s ɑ l o	37
haapavesi	h ɑː p ɑ ʋ e s i	17
haapaveteläinen	h ɑː p ɑ ʋ e t e l æ i̯ n e n	0
haapavetinen	h ɑː p ɑ ʋ e t i n e n	1
haara	h ɑː r ɑ	36
haarahyppy	h ɑː r ɑ h y pː y	0
haarakas	h ɑː r ɑ k ɑ s	0
haarakaukoputki	h ɑː r ɑ k ɑ u k o p u t k i	0
haarakiila	h ɑː r ɑ k iː l ɑ	1
haaramyymälä	h ɑː r ɑ m yː m æ l æ	0
haarautua	h ɑː r ɑ u t u ɑˣ	2
haarautuminen	h ɑː r ɑ u t u m i n e n	0
haaremi	h ɑː r e m i	0
haarniska	h ɑː r n i s k ɑ	1
haaroittaminen	h ɑː r o i̯ tː ɑ m i n e n	0
haarti	h ɑː r t i	0
haartätäkki	h ɑː r t æ t æ kː i	0
haarukka	h ɑː r u kː ɑ	10
haarukoiminen	h ɑː r u k o i̯ m i n e n	0
haaska	h ɑː s k ɑ	1
haaskaaminen	h ɑː s k ɑː m i n e n	0
haaskansyöjä	h ɑː s k ɑ n s y ø̯ j æ	0
haastaa	h ɑː s t ɑːˣ	90
haastaja	h ɑː s t ɑ j ɑ	8
haastatteleminen	h ɑː s t ɑ tː e l e m i n e n	0
haastattelu	h ɑː s t ɑ tː e l u	132
haastava	h ɑː s t ɑ ʋ ɑ	63
haaste	h ɑː s t eˣ	376
haasteellinen	h ɑː s t eː lː i n e n	47
haava	h ɑː ʋ ɑ	36
haavasolukko	h ɑː ʋ ɑ s o l u kː o	0
haavateippi	h ɑː ʋ ɑ t e i̯ pː i	2
haave	h ɑː ʋ eˣ	34
haaveilu	h ɑː ʋ e i̯ l u	2
haavi	h ɑː ʋ i	8
haavoittaa	h ɑː ʋ o i̯ tː ɑːˣ	4
haavoittua	h ɑː ʋ o i̯ tː u ɑˣ	1
haavoittuvuus	h ɑː ʋ o i̯ tː u ʋ uː s	3
habilitaatio	h ɑ b i l i t ɑː t i o	0
habitaatti	h ɑ b i t ɑː tː i	0
habituaatio	h ɑ b i t u ɑː t i o	0
haes	h ɑ e s	0
haffi	h ɑ fː i	0
haggis	h ɑ ɡː i s	0
hah	h ɑ h	2
hahmo	h ɑ h m o	98
hahmopsykologi	h ɑ h m o p s y k o l o ɡ i	0
hahmottaminen	h ɑ h m o tː ɑ m i n e n	42
hahmotteleminen	h ɑ h m o tː e l e m i n e n	2
hahtuva	h ɑ h t u ʋ ɑ	0
hahtuvamainen	h ɑ h t u ʋ ɑ m ɑ i̯ n e n	0
hai	h ɑ i̯	10
haihdutus	h ɑ i̯ h d u t u s	3
haihdutusastia	h ɑ i̯ h d u t u s ɑ s t i ɑ	0
haihtua	h ɑ i̯ h t u ɑˣ	17
haihtumismittari	h ɑ i̯ h t u m i s m i tː ɑ r i	0
haikara	h ɑ i̯ k ɑ r ɑ	6
haikea	h ɑ i̯ k e ɑ	14
haiku	h ɑ i̯ k u	0
haili	h ɑ i̯ l i	2
hailuoto	h ɑ i̯ l u o̯ t o	10
hailuotolainen	h ɑ i̯ l u o̯ t o l ɑ i̯ n e n	0
haima	h ɑ i̯ m ɑ	6
haimansiirto	h ɑ i̯ m ɑ n s iː r t o	0
haimatulehdus	h ɑ i̯ m ɑ t u l e h d u s	3
hairahduttaa	h ɑ i̯ r ɑ h d u tː ɑːˣ	0
hairahtaa	h ɑ i̯ r ɑ h t ɑːˣ	0
hairahtaminen	h ɑ i̯ r ɑ h t ɑ m i n e n	0
haiseminen	h ɑ i̯ s e m i n e n	0
haista	h ɑ i̯ s t ɑ	5
haista	h ɑ i̯ s t ɑˣ	5
haistaa	h ɑ i̯ s t ɑːˣ	19
haistaen	h ɑ i̯ s t ɑ e n	0
haistattaminen	h ɑ i̯ s t ɑ tː ɑ m i n e n	0
haistatteleminen	h ɑ i̯ s t ɑ tː e l e m i n e n	0
haistattelija	h ɑ i̯ s t ɑ tː e l i j ɑ	0
haisteleminen	h ɑ i̯ s t e l e m i n e n	0
haistella	h ɑ i̯ s t e lː ɑˣ	13
haisuli	h ɑ i̯ s u l i	1
haitake	h ɑ i̯ t ɑ k eˣ	0
haitanteko	h ɑ i̯ t ɑ n t e k o	1
haitari	h ɑ i̯ t ɑ r i	9
haitariliike	h ɑ i̯ t ɑ r i l iː k eˣ	0
haitariovi	h ɑ i̯ t ɑ r i o ʋ i	0
haitariseinä	h ɑ i̯ t ɑ r i s e i̯ n æ	0
haitaritaitto	h ɑ i̯ t ɑ r i t ɑ i̯ tː o	0
haitattomasti	h ɑ i̯ t ɑ tː o m ɑ s t iˣ	2
haitsu	h ɑ i̯ t s u	0
haitta	h ɑ i̯ tː ɑ	102
haittaaminen	h ɑ i̯ tː ɑː m i n e n	0
haittalevy	h ɑ i̯ tː ɑ l e ʋ y	0
haittamikrobi	h ɑ i̯ tː ɑ m i k r o b i	0
haittatekijä	h ɑ i̯ tː ɑ t e k i j æ	2
haittavaikutus	h ɑ i̯ tː ɑ ʋ ɑ i̯ k u t u s	5
haittaviesti	h ɑ i̯ tː ɑ ʋ i e̯ s t i	0
haiven	h ɑ i̯ ʋ e n	0
hajaannustila	h ɑ j ɑː nː u s t i l ɑ	0
hajaesiintymä	h ɑ j ɑ e s iː n t y m æ	0
hajahavainto	h ɑ j ɑ h ɑ ʋ ɑ i̯ n t o	0
hajaheijastus	h ɑ j ɑ h e i̯ j ɑ s t u s	0
hajakenttä	h ɑ j ɑ k e n tː æ	0
hajakeskittää	h ɑ j ɑ k e s k i tː æːˣ	0
hajakeskitys	h ɑ j ɑ k e s k i t y s	0
hajakuormitus	h ɑ j ɑ k u o̯ r m i t u s	11
hajakylvö	h ɑ j ɑ k y l ʋ ø	0
hajakylä	h ɑ j ɑ k y l æ	0
hajallaan	h ɑ j ɑ lː ɑː n	42
hajalle	h ɑ j ɑ lː eˣ	19
hajalleen	h ɑ j ɑ lː eː n	2
hajalöytö	h ɑ j ɑ l ø y̯ t ø	0
hajamielisyys	h ɑ j ɑ m i e̯ l i s yː s	1
hajanaisesti	h ɑ j ɑ n ɑ i̯ s e s t iˣ	7
hajapoiminto	h ɑ j ɑ p o i̯ m i n t o	0
hajarae	h ɑ j ɑ r ɑ eˣ	0
hajarivi	h ɑ j ɑ r i ʋ i	0
hajasaanti	h ɑ j ɑ s ɑː n t i	0
hajasaantimuisti	h ɑ j ɑ s ɑː n t i m u i̯ s t i	0
hajasara	h ɑ j ɑ s ɑ r ɑ	0
hajasijoittaa	h ɑ j ɑ s i j o i̯ tː ɑːˣ	4
hajasijoitus	h ɑ j ɑ s i j o i̯ t u s	1
hajasävel	h ɑ j ɑ s æ ʋ e l	0
hajasäärin	h ɑ j ɑ s æː r i n	0
hajataitteinen	h ɑ j ɑ t ɑ i̯ tː e i̯ n e n	0
hajataitteisuus	h ɑ j ɑ t ɑ i̯ tː e i̯ s uː s	2
hajataitto	h ɑ j ɑ t ɑ i̯ tː o	2
hajataittoinen	h ɑ j ɑ t ɑ i̯ tː o i̯ n e n	0
hajataittoisuus	h ɑ j ɑ t ɑ i̯ tː o i̯ s uː s	2
hajatapaus	h ɑ j ɑ t ɑ p ɑ u s	0
hajatieto	h ɑ j ɑ t i e̯ t o	0
hajauttaminen	h ɑ j ɑ u tː ɑ m i n e n	14
hajavalo	h ɑ j ɑ ʋ ɑ l o	0
hajaääni	h ɑ j ɑ æː n i	0
hajoamisenergia	h ɑ j o ɑ m i s e n e r ɡ i ɑ	0
hajoamistila	h ɑ j o ɑ m i s t i l ɑ	0
hajoamistyyppi	h ɑ j o ɑ m i s t yː pː i	0
hajoavainen	h ɑ j o ɑ ʋ ɑ i̯ n e n	0
hajoilla	h ɑ j o i̯ lː ɑˣ	0
hajonta	h ɑ j o n t ɑ	30
hajontakaavio	h ɑ j o n t ɑ k ɑː ʋ i o	0
hajontaluku	h ɑ j o n t ɑ l u k u	0
hajota	h ɑ j o t ɑˣ	25
hajotella	h ɑ j o t e lː ɑˣ	0
hajotelma	h ɑ j o t e l m ɑ	4
hajottaa	h ɑ j o tː ɑːˣ	45
hajottaja	h ɑ j o tː ɑ j ɑ	1
hajottelu	h ɑ j o tː e l u	0
hajottua	h ɑ j o tː u ɑˣ	12
hajottuminen	h ɑ j o tː u m i n e n	0
hajotusvaalit	h ɑ j o t u s ʋ ɑː l i t	0
hajotuttaa	h ɑ j o t u tː ɑːˣ	0
haju	h ɑ j u	60
hajuaine	h ɑ j u ɑ i̯ n eˣ	0
hajuaisti	h ɑ j u ɑ i̯ s t i	9
hajuaistimus	h ɑ j u ɑ i̯ s t i m u s	0
hajuhaitta	h ɑ j u h ɑ i̯ tː ɑ	2
hajuinen	h ɑ j u i̯ n e n	1
hajurako	h ɑ j u r ɑ k o	3
hajuste	h ɑ j u s t eˣ	1
hajusuolapullo	h ɑ j u s u o̯ l ɑ p u lː o	0
hajuvoide	h ɑ j u ʋ o i̯ d eˣ	0
haka	h ɑ k ɑ	38
hakala	h ɑ k ɑ l ɑ	99
hakaliitos	h ɑ k ɑ l iː t o s	0
hakalukko	h ɑ k ɑ l u kː o	0
hakamaa	h ɑ k ɑ m ɑː	1
hakaneula	h ɑ k ɑ n e u̯ l ɑ	1
hakarasara	h ɑ k ɑ r ɑ s ɑ r ɑ	0
hakarauta	h ɑ k ɑ r ɑ u̯ t ɑ	0
hakaristi	h ɑ k ɑ r i s t i	4
hakasauma	h ɑ k ɑ s ɑ u̯ m ɑ	0
hakasulku	h ɑ k ɑ s u l k u	1
hakata	h ɑ k ɑ t ɑˣ	22
hakaviivain	h ɑ k ɑ ʋ iː ʋ ɑ i̯ n	0
hakaviivoitin	h ɑ k ɑ ʋ iː ʋ o i̯ t i n	0
hakea	h ɑ k e ɑˣ	1318
hakeminen	h ɑ k e m i n e n	143
hakemispäivä	h ɑ k e m i s p æ i̯ ʋ æ	0
hakemisto	h ɑ k e m i s t o	155
hakemistopuu	h ɑ k e m i s t o p uː	0
hakemuslomake	h ɑ k e m u s l o m ɑ k eˣ	16
hakemusnumero	h ɑ k e m u s n u m e r o	1
hakepuu	h ɑ k eˣ p uː	0
hakettaminen	h ɑ k e tː ɑ m i n e n	1
hakijaryhmä	h ɑ k i j ɑ r y h m æ	0
hakkaaminen	h ɑ kː ɑː m i n e n	9
hakkaava	h ɑ kː ɑː ʋ ɑ	1
hakkauttaminen	h ɑ kː ɑ u tː ɑ m i n e n	0
hakkeroiminen	h ɑ kː e r o i̯ m i n e n	0
hakkurimuunnin	h ɑ kː u r i m uː nː i n	0
hakkuriteholähde	h ɑ kː u r i t e h o l æ h d eˣ	0
hakkuuala	h ɑ kː uː ɑ l ɑ	0
hakkuualue	h ɑ kː uː ɑ l u eˣ	0
hakkuuarvo	h ɑ kː uː ɑ r ʋ o	2
hakkuuaukio	h ɑ kː uː ɑ u k i o	0
hakkuuaukko	h ɑ kː uː ɑ u kː o	0
hakkuuikä	h ɑ kː uː i k æ	0
hakkuujäte	h ɑ kː uː j æ t eˣ	1
hakkuukausi	h ɑ kː uː k ɑ u̯ s i	0
hakkuukertymä	h ɑ kː uː k e r t y m æ	1
hakkuukielto	h ɑ kː uː k i e̯ l t o	0
hakkuukone	h ɑ kː uː k o n eˣ	0
hakkuukypsyys	h ɑ kː uː k y p s yː s	0
hakkuukypsä	h ɑ kː uː k y p s æ	1
hakkuulinja	h ɑ kː uː l i n j ɑ	0
hakkuumäärä	h ɑ kː uː m æː r æ	7
hakkuupalsta	h ɑ kː uː p ɑ l s t ɑ	0
hakkuupölkky	h ɑ kː uː p ø l kː y	0
hakkuurauta	h ɑ kː uː r ɑ u̯ t ɑ	0
hakkuusuunnite	h ɑ kː uː s uː nː i t eˣ	3
hakkuutähde	h ɑ kː uː t æ h d eˣ	4
hako	h ɑ k o	1
hakokirves	h ɑ k o k i r ʋ e s	0
hakotarha	h ɑ k o t ɑ r h ɑ	0
hakoteille	h ɑ k o t e i̯ lː eˣ	4
hakoteillä	h ɑ k o t e i̯ lː æ	5
haksahtaminen	h ɑ k s ɑ h t ɑ m i n e n	0
haksahtua	h ɑ k s ɑ h t u ɑˣ	0
haku	h ɑ k u	326
hakuagentti	h ɑ k u ɑ ɡ e n tː i	0
hakuavain	h ɑ k u ɑ ʋ ɑ i̯ n	0
hakujärjestelmä	h ɑ k u j æ r j e s t e l m æ	3
hakukartta	h ɑ k u k ɑ r tː ɑ	0
hakukausi	h ɑ k u k ɑ u̯ s i	0
hakukelpoinen	h ɑ k u k e l p o i̯ n e n	0
hakukenttä	h ɑ k u k e n tː æ	2
hakukielto	h ɑ k u k i e̯ l t o	0
hakulause	h ɑ k u l ɑ u̯ s eˣ	2
hakulauseke	h ɑ k u l ɑ u̯ s e k eˣ	0
hakuohjelma	h ɑ k u o h j e l m ɑ	9
hakupalkka	h ɑ k u p ɑ l kː ɑ	0
hakupalvelu	h ɑ k u p ɑ l ʋ e l u	19
hakupaperit	h ɑ k u p ɑ p e r i t	9
hakuperuste	h ɑ k u p e r u s t eˣ	1
hakuprofiili	h ɑ k u p r o f iː l i	1
hakurahtialus	h ɑ k u r ɑ h t i ɑ l u s	0
hakurahtiliikenne	h ɑ k u r ɑ h t i l iː k e nː eˣ	0
hakusaarto	h ɑ k u s ɑː r t o	0
hakusassa	h ɑ k u s ɑ sː ɑ	1
hakutaulu	h ɑ k u t ɑ u̯ l u	0
hakutaulukko	h ɑ k u t ɑ u̯ l u kː o	0
hakuteos	h ɑ k u t e o s	7
hakuvalo	h ɑ k u ʋ ɑ l o	0
hakuvarsi	h ɑ k u ʋ ɑ r s i	0
hakuvuosi	h ɑ k u ʋ u o̯ s i	0
halaaminen	h ɑ l ɑː m i n e n	1
halata	h ɑ l ɑ t ɑˣ	5
halatti	h ɑ l ɑ tː i	0
halaus	h ɑ l ɑ u s	4
haldeninajokoira	h ɑ l d e n i n ɑ j o k o i̯ r ɑ	0
hali	h ɑ l i	1
haliminen	h ɑ l i m i n e n	0
halinalle	h ɑ l i n ɑ lː e	1
halitoosi	h ɑ l i t oː s i	0
haljeta	h ɑ l j e t ɑˣ	2
halkaisematon	h ɑ l k ɑ i̯ s e m ɑ t o n	0
halkaiseminen	h ɑ l k ɑ i̯ s e m i n e n	0
halkaisija	h ɑ l k ɑ i̯ s i j ɑ	121
halkaisukiila	h ɑ l k ɑ i̯ s u k iː l ɑ	0
halkaisukirves	h ɑ l k ɑ i̯ s u k i r ʋ e s	0
halkeamisreaktio	h ɑ l k e ɑ m i s r e ɑ k t i o	0
halkihuuli	h ɑ l k i h uː l i	0
halko	h ɑ l k o	7
halkokauppias	h ɑ l k o k ɑ u̯ pː i ɑ s	0
halkokuorma	h ɑ l k o k u o̯ r m ɑ	0
halkokuutio	h ɑ l k o k uː t i o	0
halkokuutiometri	h ɑ l k o k uː t i o m e t r i	0
halkomakirves	h ɑ l k o m ɑ k i r ʋ e s	0
halkometsä	h ɑ l k o m e t s æ	0
halkominen	h ɑ l k o m i n e n	4
halkopölkky	h ɑ l k o p ø l kː y	0
halkosaha	h ɑ l k o s ɑ h ɑ	0
halkosyli	h ɑ l k o s y l i	0
halkotarha	h ɑ l k o t ɑ r h ɑ	0
halkovaja	h ɑ l k o ʋ ɑ j ɑ	0
halla	h ɑ lː ɑ	8
hallainen	h ɑ lː ɑ i̯ n e n	0
hallakko	h ɑ lː ɑ kː o	0
hallamittari	h ɑ lː ɑ m i tː ɑ r i	0
hallanarkuus	h ɑ lː ɑ n ɑ r k uː s	0
hallankestävyys	h ɑ lː ɑ n k e s t æ ʋ yː s	0
hallankestävä	h ɑ lː ɑ n k e s t æ ʋ æ	1
hallantorjunta	h ɑ lː ɑ n t o r j u n t ɑ	1
hallanvaara	h ɑ lː ɑ n ʋ ɑː r ɑ	0
hallavahinko	h ɑ lː ɑ ʋ ɑ h i ŋ k o	0
hallavuosi	h ɑ lː ɑ ʋ u o̯ s i	0
halli	h ɑ lː i	69
halliennätys	h ɑ lː i e nː æ t y s	0
hallikauppa	h ɑ lː i k ɑ u̯ pː ɑ	0
hallikauppias	h ɑ lː i k ɑ u̯ pː i ɑ s	0
hallikausi	h ɑ lː i k ɑ u̯ s i	1
hallikilpailu	h ɑ lː i k i l p ɑ i̯ l u	0
hallikirkko	h ɑ lː i k i r kː o	0
hallikisa	h ɑ lː i k i s ɑ	0
hallimestaruus	h ɑ lː i m e s t ɑ r uː s	0
hallimestaruuskilpailu	h ɑ lː i m e s t ɑ r uː s k i l p ɑ i̯ l u	0
hallinnointipalkkio	h ɑ lː i nː o i̯ n t i p ɑ l kː i o	1
hallinnollisesti	h ɑ lː i nː o lː i s e s t iˣ	67
hallinnonala	h ɑ lː i nː o n ɑ l ɑ	2
hallinnonhaara	h ɑ lː i nː o n h ɑː r ɑ	0
hallinnonuudistus	h ɑ lː i nː o n uː d i s t u s	6
hallintalaite	h ɑ lː i n t ɑ l ɑ i̯ t eˣ	1
hallintoalamainen	h ɑ lː i n t o ɑ l ɑ m ɑ i̯ n e n	0
hallintoasia	h ɑ lː i n t o ɑ s i ɑ	1
hallintoedustus	h ɑ lː i n t o e d u s t u s	1
hallintoelin	h ɑ lː i n t o e l i n	12
hallintohistoria	h ɑ lː i n t o h i s t o r i ɑ	1
hallintokaupunki	h ɑ lː i n t o k ɑ u̯ p u ŋ k i	2
hallintokeskus	h ɑ lː i n t o k e s k u s	8
hallintokieli	h ɑ lː i n t o k i e̯ l i	1
hallintokulttuuri	h ɑ lː i n t o k u l tː uː r i	4
hallintokustannus	h ɑ lː i n t o k u s t ɑ nː u s	0
hallintokäytäntö	h ɑ lː i n t o k æ y̯ t æ n t ø	1
hallintolainkäyttö	h ɑ lː i n t o l ɑ i̯ n k æ y̯ tː ø	2
hallintolainkäyttölaki	h ɑ lː i n t o l ɑ i̯ n k æ y̯ tː ø l ɑ k i	2
hallintolupa	h ɑ lː i n t o l u p ɑ	1
hallintomenettely	h ɑ lː i n t o m e n e tː e l y	0
hallintoneuvos	h ɑ lː i n t o n e u̯ ʋ o s	7
hallintopakko	h ɑ lː i n t o p ɑ kː o	0
hallintopalvelu	h ɑ lː i n t o p ɑ l ʋ e l u	0
hallintoperinne	h ɑ lː i n t o p e r i nː eˣ	1
hallintopolitiikka	h ɑ lː i n t o p o l i t iː kː ɑ	0
hallintoporras	h ɑ lː i n t o p o rː ɑ s	0
hallintoprosessi	h ɑ lː i n t o p r o s e sː i	1
hallintopäällikkö	h ɑ lː i n t o p æː lː i kː ø	31
hallintopäätös	h ɑ lː i n t o p æː t ø s	1
hallintosihteeri	h ɑ lː i n t o s i h t eː r i	7
hallintosopimus	h ɑ lː i n t o s o p i m u s	0
hallintoteitse	h ɑ lː i n t o t e i̯ t s eˣ	0
hallintotiede	h ɑ lː i n t o t i e̯ d eˣ	1
hallintotoimi	h ɑ lː i n t o t o i̯ m i	1
hallintotuomioistuin	h ɑ lː i n t o t u o̯ m i o i s t u i̯ n	2
hallintovaliokunta	h ɑ lː i n t o ʋ ɑ l i o k u n t ɑ	5
hallintovalitus	h ɑ lː i n t o ʋ ɑ l i t u s	1
hallintovalta	h ɑ lː i n t o ʋ ɑ l t ɑ	0
hallintoviranomainen	h ɑ lː i n t o ʋ i r ɑ n o m ɑ i̯ n e n	6
hallintovirasto	h ɑ lː i n t o ʋ i r ɑ s t o	12
hallita	h ɑ lː i t ɑˣ	353
hallitseminen	h ɑ lː i t s e m i n e n	48
hallitsevuus	h ɑ lː i t s e ʋ uː s	1
hallitsijahuone	h ɑ lː i t s i j ɑ h u o̯ n eˣ	0
hallitsijanimi	h ɑ lː i t s i j ɑ n i m i	0
hallitsijanvaihdos	h ɑ lː i t s i j ɑ n ʋ ɑ i̯ h d o s	0
hallitsijanvakuutus	h ɑ lː i t s i j ɑ n ʋ ɑ k uː t u s	0
hallitsijasuku	h ɑ lː i t s i j ɑ s u k u	0
hallitsijavalta	h ɑ lː i t s i j ɑ ʋ ɑ l t ɑ	0
hallitsijavaltainen	h ɑ lː i t s i j ɑ ʋ ɑ l t ɑ i̯ n e n	0
hallittavuus	h ɑ lː i tː ɑ ʋ uː s	15
hallituksenvaihdos	h ɑ lː i t u k s e n ʋ ɑ i̯ h d o s	1
hallituksenvastainen	h ɑ lː i t u k s e n ʋ ɑ s t ɑ i̯ n e n	0
hallituksettomuus	h ɑ lː i t u k s e tː o m uː s	0
hallitusherra	h ɑ lː i t u s h e rː ɑ	0
hallitusjärjestelmä	h ɑ lː i t u s j æ r j e s t e l m æ	0
hallituskaupunki	h ɑ lː i t u s k ɑ u̯ p u ŋ k i	1
hallituskokoomus	h ɑ lː i t u s k o k oː m u s	0
hallituskriisi	h ɑ lː i t u s k r iː s i	0
hallituskumppani	h ɑ lː i t u s k u m pː ɑ n i	0
hallituskysymys	h ɑ lː i t u s k y s y m y s	1
hallitusmielinen	h ɑ lː i t u s m i e̯ l i n e n	0
hallitusmielisesti	h ɑ lː i t u s m i e̯ l i s e s t iˣ	0
hallitusmielisyys	h ɑ lː i t u s m i e̯ l i s yː s	0
hallitusmuoto	h ɑ lː i t u s m u o̯ t o	8
hallitusneuvos	h ɑ lː i t u s n e u̯ ʋ o s	14
hallituspaikka	h ɑ lː i t u s p ɑ i̯ kː ɑ	1
hallituspolitiikka	h ɑ lː i t u s p o l i t iː kː ɑ	0
hallitussihteeri	h ɑ lː i t u s s i h t eː r i	7
hallitussuunta	h ɑ lː i t u s s uː n t ɑ	0
hallitustapa	h ɑ lː i t u s t ɑ p ɑ	0
hallitustenvälinen	h ɑ lː i t u s t e n ʋ æ l i n e n	3
hallitustunnustelija	h ɑ lː i t u s t u nː u s t e l i j ɑ	0
hallitustunnustelut	h ɑ lː i t u s t u nː u s t e l u t	0
hallitusvaalit	h ɑ lː i t u s ʋ ɑː l i t	0
hallitusvalta	h ɑ lː i t u s ʋ ɑ l t ɑ	2
hallitusvastuu	h ɑ lː i t u s ʋ ɑ s t uː	1
hallitusyhteistyö	h ɑ lː i t u s y h t e i̯ s t y ø̯	2
halloween	h ɑ lː o w iː n	12
halloweenjuhla	h ɑ lː o w iː n j u h l ɑ	0
hallusinatorinen	h ɑ lː u s i n ɑ t o r i n e n	0
hallusinogeeni	h ɑ lː u s i n o ɡ eː n i	0
hallusinogeeninen	h ɑ lː u s i n o ɡ eː n i n e n	0
hallussapito	h ɑ lː u sː ɑ p i t o	16
hallussapitolupa	h ɑ lː u sː ɑ p i t o l u p ɑ	2
hallussapitorikos	h ɑ lː u sː ɑ p i t o r i k o s	0
halofiili	h ɑ l o f iː l i	0
halofiilinen	h ɑ l o f iː l i n e n	0
halogeeni	h ɑ l o ɡ eː n i	0
halogeenilamppu	h ɑ l o ɡ eː n i l ɑ m pː u	7
halogeenivalo	h ɑ l o ɡ eː n i ʋ ɑ l o	1
haloilmiö	h ɑ l o i l m i ø	2
halokaari	h ɑ l o k ɑː r i	0
halolamppu	h ɑ l o l ɑ m pː u	0
halonen	h ɑ l o n e n	300
halonhakkaaja	h ɑ l o n h ɑ kː ɑː j ɑ	0
halonhakkuu	h ɑ l o n h ɑ kː uː	0
halonta	h ɑ l o n t ɑ	0
halonäytelmä	h ɑ l o n æ y̯ t e l m æ	0
halottaa	h ɑ l o tː ɑːˣ	0
halovalo	h ɑ l o ʋ ɑ l o	0
halpa	h ɑ l p ɑ	74
halpahintainen	h ɑ l p ɑ h i n t ɑ i̯ n e n	0
halpakorkoinen	h ɑ l p ɑ k o r k o i̯ n e n	1
halpalento	h ɑ l p ɑ l e n t o	0
halpalentoyhtiö	h ɑ l p ɑ l e n t o y h t i ø	0
halpamaisesti	h ɑ l p ɑ m ɑ i̯ s e s t iˣ	0
halpamaisuus	h ɑ l p ɑ m ɑ i̯ s uː s	0
halpamielinen	h ɑ l p ɑ m i e̯ l i n e n	0
halpamielisesti	h ɑ l p ɑ m i e̯ l i s e s t iˣ	0
halpamielisyys	h ɑ l p ɑ m i e̯ l i s yː s	0
halpamyynti	h ɑ l p ɑ m yː n t i	0
halpasukuinen	h ɑ l p ɑ s u k u i̯ n e n	0
halpatuonti	h ɑ l p ɑ t u o̯ n t i	1
halpatuote	h ɑ l p ɑ t u o̯ t eˣ	0
halpatyövoima	h ɑ l p ɑ t y ø̯ ʋ o i̯ m ɑ	2
halstraaminen	h ɑ l s t r ɑː m i n e n	0
halsua	h ɑ l s u ɑ	2
halsualainen	h ɑ l s u ɑ l ɑ i̯ n e n	0
haltiakieli	h ɑ l t i ɑ k i e̯ l i	0
haltijakortti	h ɑ l t i j ɑ k o r tː i	0
haltijaosake	h ɑ l t i j ɑ o s ɑ k eˣ	0
haltijapaperi	h ɑ l t i j ɑ p ɑ p e r i	0
haltijatar	h ɑ l t i j ɑ t ɑ r	0
haltioihinsa	h ɑ l t i o i̯ h i n s ɑ	0
haltioissaolo	h ɑ l t i o i̯ sː ɑ o l o	0
haltioittaa	h ɑ l t i o i̯ tː ɑːˣ	0
haltioitua	h ɑ l t i o i̯ t u ɑˣ	0
haltioituminen	h ɑ l t i o i̯ t u m i n e n	1
haltioitunut	h ɑ l t i o i̯ t u n u t	2
haltuunotto	h ɑ l t uː n o tː o	6
haluaminen	h ɑ l u ɑ m i n e n	2
haluinen	h ɑ l u i̯ n e n	2
halukas	h ɑ l u k ɑ s	96
halullinen	h ɑ l u lː i n e n	0
haluta	h ɑ l u t ɑˣ	137
haluttaneen	h ɑ l u tː ɑ n eː n	0
haluttomasti	h ɑ l u tː o m ɑ s t iˣ	0
halutunlainen	h ɑ l u t u n l ɑ i̯ n e n	2
haluutsä	h ɑ l uː t s æ	1
halvasti	h ɑ l ʋ ɑ s t iˣ	0
halvata	h ɑ l ʋ ɑ t ɑˣ	0
halvauskohtaus	h ɑ l ʋ ɑ u s k o h t ɑ u s	0
halveerata	h ɑ l ʋ eː r ɑ t ɑˣ	0
halveksia	h ɑ l ʋ e k s i ɑˣ	8
halveksiminen	h ɑ l ʋ e k s i m i n e n	4
halveksittavasti	h ɑ l ʋ e k s i tː ɑ ʋ ɑ s t iˣ	0
halveksiva	h ɑ l ʋ e k s i ʋ ɑ	6
halveksivasti	h ɑ l ʋ e k s i ʋ ɑ s t iˣ	7
halveksua	h ɑ l ʋ e k s u ɑˣ	0
halveksuminen	h ɑ l ʋ e k s u m i n e n	0
halvemmuus	h ɑ l ʋ e mː uː s	0
halvennus	h ɑ l ʋ e nː u s	0
halventaminen	h ɑ l ʋ e n t ɑ m i n e n	0
halventavasti	h ɑ l ʋ e n t ɑ ʋ ɑ s t iˣ	3
hama	h ɑ m ɑ	0
hamaan	h ɑ m ɑː n	7
hamara	h ɑ m ɑ r ɑ	0
hamassa	h ɑ m ɑ sː ɑ	8
hame	h ɑ m eˣ	15
hameenhelma	h ɑ m eː n h e l m ɑ	0
hameenlieve	h ɑ m eː n l i e̯ ʋ eˣ	0
hamevalta	h ɑ m eˣ ʋ ɑ l t ɑ	0
hamiltoninajokoira	h æ m i l tː o n i n ɑ j o k o i̯ r ɑ	0
hamiltoninajokoira	h ɑ m i l tː o n i n ɑ j o k o i̯ r ɑ	0
hamina	h ɑ m i n ɑ	65
haminalainen	h ɑ m i n ɑ l ɑ i̯ n e n	3
hammarland	h ɑ mː ɑ r l ɑ n d	1
hammas	h ɑ mː ɑ s	24
hammasaihe	h ɑ mː ɑ s ɑ i̯ h eˣ	0
hammasemali	h ɑ mː ɑ s e m ɑ l i	0
hammaseroosio	h ɑ mː ɑ s e r oː s i o	0
hammashoitola	h ɑ mː ɑ s h o i̯ t o l ɑ	18
hammashuoltaja	h ɑ mː ɑ s h u o̯ l t ɑ j ɑ	5
hammashuolto	h ɑ mː ɑ s h u o̯ l t o	29
hammasjako	h ɑ mː ɑ s j ɑ k o	0
hammasjauhe	h ɑ mː ɑ s j ɑ u̯ h eˣ	0
hammaskiille	h ɑ mː ɑ s k iː lː eˣ	2
hammaskirurgi	h ɑ mː ɑ s k i r u r ɡ i	0
hammaskirurgia	h ɑ mː ɑ s k i r u r ɡ i ɑ	0
hammaskirurginen	h ɑ mː ɑ s k i r u r ɡ i n e n	0
hammasklinikka	h ɑ mː ɑ s k l i n i kː ɑ	1
hammaskorsiyökkönen	h ɑ mː ɑ s k o r s i y ø kː ø n e n	0
hammaskoru	h ɑ mː ɑ s k o r u	0
hammaskulta	h ɑ mː ɑ s k u l t ɑ	0
hammaslaborantti	h ɑ mː ɑ s l ɑ b o r ɑ n tː i	0
hammaslaitainen	h ɑ mː ɑ s l ɑ i̯ t ɑ i̯ n e n	0
hammasliitos	h ɑ mː ɑ s l iː t o s	0
hammasluku	h ɑ mː ɑ s l u k u	0
hammaslääketiede	h ɑ mː ɑ s l æː k eˣ t i e̯ d eˣ	0
hammaslääkäri	h ɑ mː ɑ s l æː k æ r i	40
hammasmuki	h ɑ mː ɑ s m u k i	0
hammaspeite	h ɑ mː ɑ s p e i̯ t eˣ	0
hammaspesu	h ɑ mː ɑ s p e s u	1
hammaspihdit	h ɑ mː ɑ s p i h d i t	0
hammaspora	h ɑ mː ɑ s p o r ɑ	0
hammaspuhdiste	h ɑ mː ɑ s p u h d i s t eˣ	0
hammaspulveri	h ɑ mː ɑ s p u l ʋ e r i	0
hammaspyörästö	h ɑ mː ɑ s p y ø̯ r æ s t ø	0
hammasrauta	h ɑ mː ɑ s r ɑ u̯ t ɑ	0
hammasrivi	h ɑ mː ɑ s r i ʋ i	1
hammassairaus	h ɑ mː ɑ s s ɑ i̯ r ɑ u s	0
hammassementti	h ɑ mː ɑ s s e m e n tː i	0
hammassilta	h ɑ mː ɑ s s i l t ɑ	0
hammassuojus	h ɑ mː ɑ s s u o̯ j u s	0
hammassärky	h ɑ mː ɑ s s æ r k y	2
hammastahna	h ɑ mː ɑ s t ɑ h n ɑ	2
hammastahnaputki	h ɑ mː ɑ s t ɑ h n ɑ p u t k i	0
hammastanko	h ɑ mː ɑ s t ɑ ŋ k o	3
hammastankohissi	h ɑ mː ɑ s t ɑ ŋ k o h i sː i	0
hammastauti	h ɑ mː ɑ s t ɑ u̯ t i	0
hammastekniikka	h ɑ mː ɑ s t e k n iː kː ɑ	0
hammasteknikko	h ɑ mː ɑ s t e k n i kː o	1
hammastella	h ɑ mː ɑ s t e lː ɑˣ	0
hammastenkiristys	h ɑ mː ɑ s t e n k i r i s t y s	1
hammastus	h ɑ mː ɑ s t u s	3
hammasvaihde	h ɑ mː ɑ s ʋ ɑ i̯ h d eˣ	0
hammasvalli	h ɑ mː ɑ s ʋ ɑ lː i	0
hammasväli	h ɑ mː ɑ s ʋ æ l i	0
hammasväliharja	h ɑ mː ɑ s ʋ æ l i h ɑ r j ɑ	0
hammasvälitys	h ɑ mː ɑ s ʋ æ l i t y s	0
hammasydin	h ɑ mː ɑ s y d i n	0
hammasäänne	h ɑ mː ɑ s æː nː eˣ	0
hamonen	h ɑ m o n e n	0
hampaanhoito	h ɑ m p ɑː n h o i̯ t o	0
hampaanjuuri	h ɑ m p ɑː n j uː r i	0
hampaanjälki	h ɑ m p ɑː n j æ l k i	0
hampaankaula	h ɑ m p ɑː n k ɑ u̯ l ɑ	0
hampaanoionta	h ɑ m p ɑː n o i̯ o n t ɑ	0
hampaanpaikkaus	h ɑ m p ɑː n p ɑ i̯ kː ɑ u s	0
hampaanpoisto	h ɑ m p ɑː n p o i̯ s t o	0
hampaantäyte	h ɑ m p ɑː n t æ y̯ t eˣ	0
hampaattomuus	h ɑ m p ɑː tː o m uː s	1
hamppari	h ɑ m pː ɑ r i	0
hamppuköysi	h ɑ m pː u k ø y̯ s i	1
hamppupelto	h ɑ m pː u p e l t o	0
hamppuvarpunen	h ɑ m pː u ʋ ɑ r p u n e n	0
hampunsiemen	h ɑ m p u n s i e̯ m e n	0
hampuri	h ɑ m p u r i	5
hampurilainen	h ɑ m p u r i l ɑ i̯ n e n	1
hampurilaisketju	h ɑ m p u r i l ɑ i̯ s k e t j u	1
hampurilaisvalikko	h ɑ m p u r i l ɑ i̯ s ʋ ɑ l i kː o	0
hampuusi	h ɑ m p uː s i	0
hamstraaminen	h ɑ m s t r ɑː m i n e n	0
hamuaminen	h ɑ m u ɑ m i n e n	0
hamuilla	h ɑ m u i̯ lː ɑˣ	0
hamuta	h ɑ m u t ɑˣ	4
hana	h ɑ n ɑ	16
hanakkuus	h ɑ n ɑ kː uː s	1
hanaolut	h ɑ n ɑ o l u t	0
hanasta	h ɑ n ɑ s t ɑ	9
hanavesi	h ɑ n ɑ ʋ e s i	1
handicap	h æ n d i k æ p	2
hangaari	h ɑ ŋː ɑː r i	0
hangas	h ɑ ŋː ɑ s	0
hangoitteleva	h ɑ ŋː o i̯ tː e l e ʋ ɑ	0
hangoittelija	h ɑ ŋː o i̯ tː e l i j ɑ	0
hangoittelu	h ɑ ŋː o i̯ tː e l u	0
hangollinen	h ɑ ŋː o lː i n e n	0
hangonvarsi	h ɑ ŋː o n ʋ ɑ r s i	0
hanhenkynä	h ɑ n h e n k y n æ	0
hanhenmaksa	h ɑ n h e n m ɑ k s ɑ	0
hanhenmaksapasteija	h ɑ n h e n m ɑ k s ɑ p ɑ s t e i̯ j ɑ	0
hanhenmuna	h ɑ n h e n m u n ɑ	0
hanhenpaisti	h ɑ n h e n p ɑ i̯ s t i	0
hanhenpaju	h ɑ n h e n p ɑ j u	1
hanhenpoika	h ɑ n h e n p o i̯ k ɑ	0
hanhenrinta	h ɑ n h e n r i n t ɑ	0
hanhensulka	h ɑ n h e n s u l k ɑ	0
hanhi	h ɑ n h i	8
hanhikko	h ɑ n h i kː o	0
hanhikukko	h ɑ n h i k u kː o	0
hanhilauma	h ɑ n h i l ɑ u̯ m ɑ	0
hanhipaisti	h ɑ n h i p ɑ i̯ s t i	0
hanho	h ɑ n h o	0
hanka	h ɑ ŋ k ɑ	3
hankaaminen	h ɑ ŋ k ɑː m i n e n	2
hankahaarainen	h ɑ ŋ k ɑ h ɑː r ɑ i̯ n e n	0
hankailla	h ɑ ŋ k ɑ i̯ lː ɑˣ	0
hankailu	h ɑ ŋ k ɑ i̯ l u	0
hankajalkainen	h ɑ ŋ k ɑ j ɑ l k ɑ i̯ n e n	0
hankakukka	h ɑ ŋ k ɑ k u kː ɑ	0
hankalakulkuinen	h ɑ ŋ k ɑ l ɑ k u l k u i̯ n e n	0
hankalatöinen	h ɑ ŋ k ɑ l ɑ t ø i̯ n e n	0
hankaloittaminen	h ɑ ŋ k ɑ l o i̯ tː ɑ m i n e n	0
hankapari	h ɑ ŋ k ɑ p ɑ r i	0
hankarauta	h ɑ ŋ k ɑ r ɑ u̯ t ɑ	0
hankasalmelainen	h ɑ ŋ k ɑ s ɑ l m e l ɑ i̯ n e n	0
hankasalmi	h ɑ ŋ k ɑ s ɑ l m i	16
hankasilmu	h ɑ ŋ k ɑ s i l m u	0
hankasipuli	h ɑ ŋ k ɑ s i p u l i	0
hankatappi	h ɑ ŋ k ɑ t ɑ pː i	0
hankatuuli	h ɑ ŋ k ɑ t uː l i	0
hankaus	h ɑ ŋ k ɑ u s	8
hankausjauhe	h ɑ ŋ k ɑ u s j ɑ u̯ h eˣ	0
hankauslujuus	h ɑ ŋ k ɑ u s l u j uː s	0
hankausneste	h ɑ ŋ k ɑ u s n e s t eˣ	0
hankauspinta	h ɑ ŋ k ɑ u s p i n t ɑ	0
hankaussähkö	h ɑ ŋ k ɑ u s s æ h k ø	1
hankautuminen	h ɑ ŋ k ɑ u t u m i n e n	3
hankavastainen	h ɑ ŋ k ɑ ʋ ɑ s t ɑ i̯ n e n	0
hanke	h ɑ ŋ k eˣ	1294
hankehakemus	h ɑ ŋ k eˣ h ɑ k e m u s	8
hankehallinnointi	h ɑ ŋ k eˣ h ɑ lː i nː o i̯ n t i	0
hankekoordinaattori	h ɑ ŋ k eˣ k oː r d i n ɑː tː o r i	1
hankekumppani	h ɑ ŋ k eˣ k u m pː ɑ n i	0
hankesuunnitelma	h ɑ ŋ k eˣ s uː nː i t e l m ɑ	66
hankesuunnittelu	h ɑ ŋ k eˣ s uː nː i tː e l u	8
hankevienti	h ɑ ŋ k eˣ ʋ i e̯ n t i	0
hanki	h ɑ ŋ k i	94
hanki	h ɑ ŋ k iˣ	94
hankikeli	h ɑ ŋ k i k e l i	0
hankikylvö	h ɑ ŋ k i k y l ʋ ø	0
hankinnaisominaisuus	h ɑ ŋ k i nː ɑ i̯ s o m i n ɑ i̯ s uː s	0
hankintahakkuu	h ɑ ŋ k i n t ɑ h ɑ kː uː	0
hankintahinta	h ɑ ŋ k i n t ɑ h i n t ɑ	30
hankintakauppa	h ɑ ŋ k i n t ɑ k ɑ u̯ pː ɑ	0
hankintakulut	h ɑ ŋ k i n t ɑ k u l u t	3
hankintakustannukset	h ɑ ŋ k i n t ɑ k u s t ɑ nː u k s e t	10
hankintakykyinen	h ɑ ŋ k i n t ɑ	0
hankintakykyinen	i n e n	0
hankintakykyinen	k y k y	0
hankintaluettelo	h ɑ ŋ k i n t ɑ l u e tː e l o	1
hankintasopimus	h ɑ ŋ k i n t ɑ s o p i m u s	2
hankintatarjous	h ɑ ŋ k i n t ɑ t ɑ r j o u s	0
hankiskella	h ɑ ŋ k i s k e lː ɑˣ	0
hankittaa	h ɑ ŋ k i tː ɑːˣ	0
hankkia	h ɑ ŋ kː i ɑˣ	940
hankkiminen	h ɑ ŋ kː i m i n e n	195
hankkipaita	h ɑ ŋ kː i p ɑ i̯ t ɑ	0
hankkiutuminen	h ɑ ŋ kː i u t u m i n e n	0
hanko	h ɑ ŋ k o	22
hankoaminen	h ɑ ŋ k o ɑ m i n e n	0
hankolainen	h ɑ ŋ k o l ɑ i̯ n e n	1
hankosarvi	h ɑ ŋ k o s ɑ r ʋ i	0
hanna	h ɑ nː ɑ	325
hanne	h ɑ nː e	20
hannele	h ɑ nː e l e	214
hannes	h ɑ nː e s	54
hannu	h ɑ nː u	1082
hannula	h ɑ nː u l ɑ	51
hansikas	h ɑ n s i k ɑ s	2
hansikaslokero	h ɑ n s i k ɑ s l o k e r o	0
hanska	h ɑ n s k ɑ	5
hantaaki	h ɑ n t ɑː k i	0
hanukka	h ɑ n u kː ɑ	0
hanuri	h ɑ n u r i	11
hapahko	h ɑ p ɑ h k o	0
hapan	h ɑ p ɑ n	24
hapankaali	h ɑ p ɑ n k ɑː l i	1
hapankaalikeitto	h ɑ p ɑ n k ɑː l i k e i̯ tː o	0
hapankala	h ɑ p ɑ n k ɑ l ɑ	0
hapankerma	h ɑ p ɑ n k e r m ɑ	0
hapanlaskeuma	h ɑ p ɑ n l ɑ s k e u m ɑ	0
hapanlohko	h ɑ p ɑ n l o h k o	0
hapanmaitotuote	h ɑ p ɑ n m ɑ i̯ t o t u o̯ t eˣ	0
hapanmaitovalmiste	h ɑ p ɑ n m ɑ i̯ t o ʋ ɑ l m i s t eˣ	1
hapannuttaminen	h ɑ p ɑ nː u tː ɑ m i n e n	0
hapansilakka	h ɑ p ɑ n s i l ɑ kː ɑ	0
hapantua	h ɑ p ɑ n t u ɑˣ	0
hapantuminen	h ɑ p ɑ n t u m i n e n	0
hapanvelli	h ɑ p ɑ n ʋ e lː i	0
haparoida	h ɑ p ɑ r o i̯ d ɑˣ	2
haparoiva	h ɑ p ɑ r o i̯ ʋ ɑ	1
haparoivasti	h ɑ p ɑ r o i̯ ʋ ɑ s t iˣ	1
hapata	h ɑ p ɑ t ɑˣ	1
hapattaa	h ɑ p ɑ tː ɑːˣ	1
hapattaminen	h ɑ p ɑ tː ɑ m i n e n	0
hapatus	h ɑ p ɑ t u s	7
hapekas	h ɑ p e k ɑ s	1
hapenkulutus	h ɑ p e n k u l u t u s	12
hapenotto	h ɑ p e n o tː o	2
hapenottokyky	h ɑ p e n o tː o k y k y	4
hapenpuute	h ɑ p e n p uː t eˣ	3
haperonvieras	h ɑ p e r o n ʋ i e̯ r ɑ s	0
haperrus	h ɑ p e rː u s	0
hapertaa	h ɑ p e r t ɑːˣ	0
haperuus	h ɑ p e r uː s	0
hapetin	h ɑ p e t i n	5
hapettaminen	h ɑ p e tː ɑ m i n e n	3
hapettuma	h ɑ p e tː u m ɑ	0
hapettumaton	h ɑ p e tː u m ɑ t o n	0
hapettuminen	h ɑ p e tː u m i n e n	1
hapettumisenestoaine	h ɑ p e tː u m i s e n e s t o ɑ i̯ n eˣ	2
hapetusaste	h ɑ p e t u s ɑ s t eˣ	0
hapetustila	h ɑ p e t u s t i l ɑ	0
haploidinen	h ɑ p l o i̯ d i n e n	0
haplologia	h ɑ p l o l o ɡ i ɑ	0
haploryhmä	h ɑ p l o r y h m æ	0
haponkestävä	h ɑ p o n k e s t æ ʋ æ	9
haponpuute	h ɑ p o n p uː t eˣ	0
happamahko	h ɑ pː ɑ m ɑ h k o	0
happamanmakea	h ɑ pː ɑ m ɑ n m ɑ k e ɑ	0
happamasti	h ɑ pː ɑ m ɑ s t iˣ	0
happamesti	h ɑ pː ɑ m e s t iˣ	0
happamuudensäätöaine	h ɑ pː ɑ m uː d e n s æː t ø ɑ i̯ n eˣ	1
happaneminen	h ɑ pː ɑ n e m i n e n	0
happi	h ɑ pː i	25
happiatomi	h ɑ pː i ɑ t o m i	1
happihakuinen	h ɑ pː i h ɑ k u i̯ n e n	0
happihappo	h ɑ pː i h ɑ pː o	0
happihoito	h ɑ pː i h o i̯ t o	1
happihyppy	h ɑ pː i h y pː y	0
happikato	h ɑ pː i k ɑ t o	2
happiköyhä	h ɑ pː i k ø y̯ h æ	0
happilaite	h ɑ pː i l ɑ i̯ t eˣ	0
happiletku	h ɑ pː i l e t k u	0
happimyrkytys	h ɑ pː i m y r k y t y s	0
happinen	h ɑ pː i n e n	0
happipakoinen	h ɑ pː i p ɑ k o i̯ n e n	0
happipitoisuus	h ɑ pː i p i t o i̯ s uː s	14
happipoltto	h ɑ pː i p o l tː o	0
happipullo	h ɑ pː i p u lː o	1
happiradikaali	h ɑ pː i r ɑ d i k ɑː l i	0
happirikas	h ɑ pː i r i k ɑ s	0
happisäiliö	h ɑ pː i s æ i̯ l i ø	0
happiteltta	h ɑ pː i t e l tː ɑ	0
happivajaus	h ɑ pː i ʋ ɑ j ɑ u s	0
happivelka	h ɑ pː i ʋ e l k ɑ	0
happivesi	h ɑ pː i ʋ e s i	0
happiyhdiste	h ɑ pː i y h d i s t eˣ	0
happo	h ɑ pː o	16
happoanhydridi	h ɑ pː o ɑ n h y d r i d i	0
happohyökkäys	h ɑ pː o h y ø̯ kː æ y s	1
happoisuus	h ɑ pː o i̯ s uː s	0
happopitoisuus	h ɑ pː o p i t o i̯ s uː s	1
happosade	h ɑ pː o s ɑ d eˣ	1
happoteräs	h ɑ pː o t e r æ s	0
happoveikko	h ɑ pː o ʋ e i̯ kː o	0
hapro	h ɑ p r o	0
hapsi	h ɑ p s i	0
hapsisara	h ɑ p s i s ɑ r ɑ	0
hapsullinen	h ɑ p s u lː i n e n	0
haptinen	h ɑ p t i n e n	0
hapuileva	h ɑ p u i̯ l e ʋ ɑ	2
hapuilevasti	h ɑ p u i̯ l e ʋ ɑ s t iˣ	0
hapuilu	h ɑ p u i̯ l u	1
hara	h ɑ r ɑ	7
harajuuri	h ɑ r ɑ j uː r i	0
harakankeltano	h ɑ r ɑ k ɑ n k e l t ɑ n o	0
harakanpelätin	h ɑ r ɑ k ɑ n p e l æ t i n	0
harakanpesä	h ɑ r ɑ k ɑ n p e s æ	0
harakat	h ɑ r ɑ k ɑ t	4
harakka	h ɑ r ɑ kː ɑ	13
harakkakäki	h ɑ r ɑ kː ɑ k æ k i	1
harakkamylly	h ɑ r ɑ kː ɑ m y lː y	0
haralla	h ɑ r ɑ lː ɑ	2
haralle	h ɑ r ɑ lː eˣ	0
haraus	h ɑ r ɑ u s	2
harava	h ɑ r ɑ ʋ ɑ	2
haravajärjestelmä	h ɑ r ɑ ʋ ɑ j æ r j e s t e l m æ	0
haravakuljetin	h ɑ r ɑ ʋ ɑ k u l j e t i n	0
haravapöyhin	h ɑ r ɑ ʋ ɑ p ø y̯ h i n	0
haravoiminen	h ɑ r ɑ ʋ o i̯ m i n e n	1
haravoitseminen	h ɑ r ɑ ʋ o i̯ t s e m i n e n	0
harha	h ɑ r h ɑ	19
harhaan	h ɑ r h ɑː n	54
harhahavainto	h ɑ r h ɑ h ɑ ʋ ɑ i̯ n t o	0
harhaheitto	h ɑ r h ɑ h e i̯ tː o	2
harhailu	h ɑ r h ɑ i̯ l u	3
harhaisesti	h ɑ r h ɑ i̯ s e s t iˣ	0
harhaisku	h ɑ r h ɑ i s k u	0
harhaisuus	h ɑ r h ɑ i̯ s uː s	0
harhakuva	h ɑ r h ɑ k u ʋ ɑ	5
harhakuvitelma	h ɑ r h ɑ k u ʋ i t e l m ɑ	0
harhakäsitys	h ɑ r h ɑ k æ s i t y s	6
harhalaskelma	h ɑ r h ɑ l ɑ s k e l m ɑ	0
harhalaukaus	h ɑ r h ɑ l ɑ u̯ k ɑ u s	0
harhalopuke	h ɑ r h ɑ l o p u k eˣ	0
harhaluulo	h ɑ r h ɑ l uː l o	9
harhaluuloisuushäiriö	h ɑ r h ɑ l uː l o i̯ s uː s h æ i̯ r i ø	0
harhamielisyys	h ɑ r h ɑ m i e̯ l i s yː s	0
harhaoppi	h ɑ r h ɑ o pː i	8
harhaoppinen	h ɑ r h ɑ o pː i n e n	0
harhaoppisuus	h ɑ r h ɑ o pː i s uː s	0
harhapolku	h ɑ r h ɑ p o l k u	0
harhapäätelmä	h ɑ r h ɑ p æː t e l m æ	0
harharetki	h ɑ r h ɑ r e t k i	0
harhassa	h ɑ r h ɑ sː ɑ	1
harhasyöttö	h ɑ r h ɑ s y ø̯ tː ø	1
harhateille	h ɑ r h ɑ t e i̯ lː eˣ	2
harhateillä	h ɑ r h ɑ t e i̯ lː æ	0
harhateiltä	h ɑ r h ɑ t e i̯ l t æ	0
harhatie	h ɑ r h ɑ t i e̯	0
harhausko	h ɑ r h ɑ u s k o	0
harhautuminen	h ɑ r h ɑ u t u m i n e n	1
harilla	h ɑ r i lː ɑ	0
harillaan	h ɑ r i lː ɑː n	0
harille	h ɑ r i lː e	0
harilleen	h ɑ r i lː eː n	0
haristua	h ɑ r i s t u ɑˣ	0
harittaminen	h ɑ r i tː ɑ m i n e n	0
harittava	h ɑ r i tː ɑ ʋ ɑ	0
haritus	h ɑ r i t u s	0
harja	h ɑ r j ɑ	21
harjaaja	h ɑ r j ɑː j ɑ	0
harjaaminen	h ɑ r j ɑː m i n e n	3
harjaannus	h ɑ r j ɑː nː u s	1
harjaantumaton	h ɑ r j ɑː n t u m ɑ t o n	0
harjaantumattomasti	h ɑ r j ɑː n t u m ɑ tː o m ɑ s t iˣ	0
harjaantumattomuus	h ɑ r j ɑː n t u m ɑ tː o m uː s	0
harjaantuminen	h ɑ r j ɑː n t u m i n e n	7
harjaantumiskoulu	h ɑ r j ɑː n t u m i s k o u̯ l u	2
harjaantumisopetus	h ɑ r j ɑː n t u m i s o p e t u s	4
harjaantuneisuus	h ɑ r j ɑː n t u n e i̯ s uː s	1
harjaantunut	h ɑ r j ɑː n t u n u t	5
harjahirsi	h ɑ r j ɑ h i r s i	0
harjakate	h ɑ r j ɑ k ɑ t eˣ	0
harjakattoinen	h ɑ r j ɑ k ɑ tː o i̯ n e n	4
harjakauppias	h ɑ r j ɑ k ɑ u̯ pː i ɑ s	0
harjakiharrin	h ɑ r j ɑ k i h ɑ rː i n	0
harjakoriste	h ɑ r j ɑ k o r i s t eˣ	0
harjakorkeus	h ɑ r j ɑ k o r k e u s	4
harjakoskelo	h ɑ r j ɑ k o s k e l o	0
harjakotilo	h ɑ r j ɑ k o t i l o	0
harjakotka	h ɑ r j ɑ k o t k ɑ	0
harjakulma	h ɑ r j ɑ k u l m ɑ	0
harjakuusi	h ɑ r j ɑ k uː s i	0
harjalammas	h ɑ r j ɑ l ɑ mː ɑ s	0
harjalauta	h ɑ r j ɑ l ɑ u̯ t ɑ	0
harjalista	h ɑ r j ɑ l i s t ɑ	1
harjallinen	h ɑ r j ɑ lː i n e n	0
harjamaki	h ɑ r j ɑ m ɑ k i	0
harjaneilikka	h ɑ r j ɑ n e i̯ l i kː ɑ	0
harjanteinen	h ɑ r j ɑ n t e i̯ n e n	0
harjantekijä	h ɑ r j ɑ n t e k i j æ	0
harjanvarsi	h ɑ r j ɑ n ʋ ɑ r s i	0
harjaorsi	h ɑ r j ɑ o r s i	0
harjaosa	h ɑ r j ɑ o s ɑ	0
harjapalkki	h ɑ r j ɑ p ɑ l kː i	0
harjapuoli	h ɑ r j ɑ p u o̯ l i	0
harjapuu	h ɑ r j ɑ p uː	0
harjapää	h ɑ r j ɑ p æː	0
harjarotta	h ɑ r j ɑ r o tː ɑ	0
harjaryssä	h ɑ r j ɑ r y sː æ	0
harjasauma	h ɑ r j ɑ s ɑ u̯ m ɑ	0
harjasheinä	h ɑ r j ɑ s h e i̯ n æ	0
harjashäntäkaniinikenguru	h ɑ r j ɑ s h æ n t æ k ɑ n iː n i k e ŋː u r u	0
harjasivellin	h ɑ r j ɑ s i ʋ e lː i n	0
harjastukka	h ɑ r j ɑ s t u kː ɑ	0
harjastukkainen	h ɑ r j ɑ s t u kː ɑ i̯ n e n	0
harjata	h ɑ r j ɑ t ɑˣ	16
harjatalo	h ɑ r j ɑ t ɑ l o	0
harjateltta	h ɑ r j ɑ t e l tː ɑ	0
harjateräs	h ɑ r j ɑ t e r æ s	0
harjautua	h ɑ r j ɑ u t u ɑˣ	0
harjavalta	h ɑ r j ɑ ʋ ɑ l t ɑ	6
harjavaltalainen	h ɑ r j ɑ ʋ ɑ l t ɑ l ɑ i̯ n e n	2
harjaviiva	h ɑ r j ɑ ʋ iː ʋ ɑ	0
harjoittaa	h ɑ r j o i̯ tː ɑːˣ	341
harjoittamaton	h ɑ r j o i̯ tː ɑ m ɑ t o n	0
harjoittaminen	h ɑ r j o i̯ tː ɑ m i n e n	44
harjoittava	h ɑ r j o i̯ tː ɑ ʋ ɑ	38
harjoittelijainvaihto	h ɑ r j o i̯ tː e l i j ɑ i̯ n ʋ ɑ i̯ h t o	0
harjoittelijavaihto	h ɑ r j o i̯ tː e l i j ɑ ʋ ɑ i̯ h t o	3
harjoittelukoulu	h ɑ r j o i̯ tː e l u k o u̯ l u	2
harjoittelupaikka	h ɑ r j o i̯ tː e l u p ɑ i̯ kː ɑ	8
harjoittelutila	h ɑ r j o i̯ tː e l u t i l ɑ	2
harjoitus	h ɑ r j o i̯ t u s	114
harjoitusaine	h ɑ r j o i̯ t u s ɑ i̯ n eˣ	6
harjoitusajo	h ɑ r j o i̯ t u s ɑ j o	0
harjoitusalue	h ɑ r j o i̯ t u s ɑ l u eˣ	1
harjoituskappale	h ɑ r j o i̯ t u s k ɑ pː ɑ l eˣ	0
harjoituskausi	h ɑ r j o i̯ t u s k ɑ u̯ s i	1
harjoituskerta	h ɑ r j o i̯ t u s k e r t ɑ	4
harjoituskirja	h ɑ r j o i̯ t u s k i r j ɑ	9
harjoituskurssi	h ɑ r j o i̯ t u s k u r sː i	3
harjoitusleiri	h ɑ r j o i̯ t u s l e i̯ r i	3
harjoituslenkki	h ɑ r j o i̯ t u s l e ŋ kː i	1
harjoitusmatka	h ɑ r j o i̯ t u s m ɑ t k ɑ	0
harjoitusohjelma	h ɑ r j o i̯ t u s o h j e l m ɑ	19
harjoituspatruuna	h ɑ r j o i̯ t u s p ɑ t r uː n ɑ	0
harjoitustehtävä	h ɑ r j o i̯ t u s t e h t æ ʋ æ	6
harjoitustunti	h ɑ r j o i̯ t u s t u n t i	1
harjoitustyö	h ɑ r j o i̯ t u s t y ø̯	88
harju	h ɑ r j u	68
harjujensuojelu	h ɑ r j u j e n s u o̯ j e l u	0
harjukasvillisuus	h ɑ r j u k ɑ s ʋ i lː i s uː s	0
harjukuoppa	h ɑ r j u k u o̯ pː ɑ	1
harjula	h ɑ r j u l ɑ	19
harjumainen	h ɑ r j u m ɑ i̯ n e n	1
harjus	h ɑ r j u s	19
harjusinisiipi	h ɑ r j u s i n i s iː p i	2
harjuslauta	h ɑ r j u s l ɑ u̯ t ɑ	0
harjusora	h ɑ r j u s o r ɑ	0
harkinnanvarainen	h ɑ r k i nː ɑ n ʋ ɑ r ɑ i̯ n e n	23
harkintavalta	h ɑ r k i n t ɑ ʋ ɑ l t ɑ	5
harkita	h ɑ r k i t ɑˣ	310
harkitsemattomuus	h ɑ r k i t s e m ɑ tː o m uː s	0
harkitseminen	h ɑ r k i t s e m i n e n	1
harkitsevainen	h ɑ r k i t s e ʋ ɑ i̯ n e n	0
harkitsevaisuus	h ɑ r k i t s e ʋ ɑ i̯ s uː s	1
harkitsevasti	h ɑ r k i t s e ʋ ɑ s t iˣ	1
harkitsevuus	h ɑ r k i t s e ʋ uː s	0
harkitusti	h ɑ r k i t u s t iˣ	24
harkki	h ɑ r kː i	1
harkkohytti	h ɑ r kː o h y tː i	3
harkkokivi	h ɑ r kː o k i ʋ i	0
harkkoperustus	h ɑ r kː o p e r u s t u s	0
harkkorauta	h ɑ r kː o r ɑ u̯ t ɑ	0
harkkotalo	h ɑ r kː o t ɑ l o	0
harlekiinikuvioinen	h ɑ r l e k iː n i k u ʋ i o i̯ n e n	0
harmaa	h ɑ r m ɑː	135
harmaafiivi	h ɑ r m ɑː f iː ʋ i	0
harmaahapsinen	h ɑ r m ɑː h ɑ p s i n e n	1
harmaahiuksinen	h ɑ r m ɑː h i u̯ k s i n e n	0
harmaahome	h ɑ r m ɑː h o m eˣ	3
harmaahylje	h ɑ r m ɑː h y l j eˣ	0
harmaakaihi	h ɑ r m ɑː k ɑ i̯ h i	10
harmaakerttu	h ɑ r m ɑː k e r tː u	0
harmaakettu	h ɑ r m ɑː k e tː u	0
harmaakiilto	h ɑ r m ɑː k iː l t o	0
harmaakivi	h ɑ r m ɑː k i ʋ i	0
harmaakivikirkko	h ɑ r m ɑː k i ʋ i k i r kː o	3
harmaakorvayökkö	h ɑ r m ɑː k o r ʋ ɑ y ø kː ø	0
harmaakultarinta	h ɑ r m ɑː k u l t ɑ r i n t ɑ	0
harmaakurkkurastas	h ɑ r m ɑː k u r kː u r ɑ s t ɑ s	0
harmaakuskus	h ɑ r m ɑː k u s k u s	0
harmaakylkimonninen	h ɑ r m ɑː k y l k i m o nː i n e n	0
harmaanieriä	h ɑ r m ɑː n i e̯ r i æ	1
harmaankirjava	h ɑ r m ɑː n k i r j ɑ ʋ ɑ	0
harmaanmusta	h ɑ r m ɑː n m u s t ɑ	0
harmaanorjanhirvikoira	h ɑ r m ɑː n o r j ɑ n h i r ʋ i k o i̯ r ɑ	0
harmaanruskea	h ɑ r m ɑː n r u s k e ɑ	6
harmaansininen	h ɑ r m ɑː n s i n i n e n	0
harmaantuminen	h ɑ r m ɑː n t u m i n e n	0
harmaanvalkoinen	h ɑ r m ɑː n ʋ ɑ l k o i̯ n e n	0
harmaaorvakka	h ɑ r m ɑː o r ʋ ɑ kː ɑ	0
harmaapapukaija	h ɑ r m ɑː p ɑ p u k ɑ i̯ j ɑ	0
harmaaparta	h ɑ r m ɑː p ɑ r t ɑ	0
harmaapartainen	h ɑ r m ɑː p ɑ r t ɑ i̯ n e n	0
harmaapäinen	h ɑ r m ɑː p æ i̯ n e n	1
harmaapää	h ɑ r m ɑː p æː	0
harmaapäälokki	h ɑ r m ɑː p æː l o kː i	0
harmaapääsirkku	h ɑ r m ɑː p æː s i r kː u	0
harmaapäätikka	h ɑ r m ɑː p æː t i kː ɑ	5
harmaapökkelökehrääjä	h ɑ r m ɑː p ø kː e l ø k e h r æː j æ	0
harmaasieppo	h ɑ r m ɑː s i e̯ pː o	0
harmaasilli	h ɑ r m ɑː s i lː i	0
harmaasilmäinen	h ɑ r m ɑː s i l m æ i̯ n e n	0
harmaasirkku	h ɑ r m ɑː s i r kː u	0
harmaasorsa	h ɑ r m ɑː s o r s ɑ	0
harmaasulkukotilo	h ɑ r m ɑː s u l k u k o t i l o	0
harmaasävy	h ɑ r m ɑː s æ ʋ y	2
harmaat	h ɑ r m ɑː t	21
harmaatasapaino	h ɑ r m ɑː t ɑ s ɑ p ɑ i̯ n o	0
harmaatukkainen	h ɑ r m ɑː t u kː ɑ i̯ n e n	1
harmaatuonti	h ɑ r m ɑː t u o̯ n t i	0
harmaavarpunen	h ɑ r m ɑː ʋ ɑ r p u n e n	0
harmahtavanvalkoinen	h ɑ r m ɑ h t ɑ ʋ ɑ n ʋ ɑ l k o i̯ n e n	0
harmi	h ɑ r m i	48
harmillisuus	h ɑ r m i lː i s uː s	0
harminkappale	h ɑ r m i n k ɑ pː ɑ l eˣ	0
harmistuksissaan	h ɑ r m i s t u k s i sː ɑː n	0
harmistuminen	h ɑ r m i s t u m i n e n	0
harmistunut	h ɑ r m i s t u n u t	1
harmittava	h ɑ r m i tː ɑ ʋ ɑ	3
harmittelu	h ɑ r m i tː e l u	0
harmonia	h ɑ r m o n i ɑ	25
harmoniaoppi	h ɑ r m o n i ɑ o pː i	3
harmonikansoittaja	h ɑ r m o n i k ɑ n s o i̯ tː ɑ j ɑ	0
harmonikka	h ɑ r m o n i kː ɑ	10
harmonikkakonsertto	h ɑ r m o n i kː ɑ k o n s e r tː o	0
harmonikkamusiikki	h ɑ r m o n i kː ɑ m u s iː kː i	0
harmonisoiminen	h ɑ r m o n i s o i̯ m i n e n	1
harmonisuus	h ɑ r m o n i s uː s	0
harmosammal	h ɑ r m o s ɑ mː ɑ l	0
harottaminen	h ɑ r o tː ɑ m i n e n	0
harppaaminen	h ɑ r pː ɑː m i n e n	0
harppauskerros	h ɑ r pː ɑ u s k e rː o s	0
harppi	h ɑ r pː i	1
harppominen	h ɑ r pː o m i n e n	0
harppu	h ɑ r pː u	6
harppukonsertto	h ɑ r pː u k o n s e r tː o	0
harppusoitin	h ɑ r pː u s o i̯ t i n	0
harppuuna	h ɑ r pː uː n ɑ	0
harppuunakalastus	h ɑ r pː uː n ɑ k ɑ l ɑ s t u s	0
harpunkieli	h ɑ r p u n k i e̯ l i	0
harpyija	h ɑ r p y i̯ j ɑ	0
harras	h ɑ rː ɑ s	21
harrashenkinen	h ɑ rː ɑ s h e ŋ k i n e n	0
harrastaja	h ɑ rː ɑ s t ɑ j ɑ	41
harrastajakirjoittaja	h ɑ rː ɑ s t ɑ j ɑ k i r j o i̯ tː ɑ j ɑ	0
harrastajanäyttelijä	h ɑ rː ɑ s t ɑ j ɑ n æ y̯ tː e l i j æ	0
harrastajapiiri	h ɑ rː ɑ s t ɑ j ɑ p iː r i	0
harrastajataiteilija	h ɑ rː ɑ s t ɑ j ɑ t ɑ i̯ t e i̯ l i j ɑ	0
harrastajateatteri	h ɑ rː ɑ s t ɑ j ɑ t e ɑ tː e r i	4
harrastaminen	h ɑ rː ɑ s t ɑ m i n e n	45
harrastelehti	h ɑ rː ɑ s t eˣ l e h t i	1
harrastelijamainen	h ɑ rː ɑ s t e l i j ɑ m ɑ i̯ n e n	0
harrastella	h ɑ rː ɑ s t e lː ɑˣ	2
harrastelu	h ɑ rː ɑ s t e l u	0
harrastuneisuus	h ɑ rː ɑ s t u n e i̯ s uː s	7
harrastunnelmainen	h ɑ rː ɑ s t u nː e l m ɑ i̯ n e n	0
harrastus	h ɑ rː ɑ s t u s	197
harrastusmerkki	h ɑ rː ɑ s t u s m e r kː i	1
harrastuspiiri	h ɑ rː ɑ s t u s p iː r i	0
harrastustyö	h ɑ rː ɑ s t u s t y ø̯	0
harri	h ɑ rː i	515
harrikka	h ɑ rː i kː ɑ	8
harsimalanka	h ɑ r s i m ɑ l ɑ ŋ k ɑ	0
harsimapisto	h ɑ r s i m ɑ p i s t o	0
harsinlanka	h ɑ r s i n l ɑ ŋ k ɑ	0
harsinpisto	h ɑ r s i n p i s t o	0
harsintahakkuu	h ɑ r s i n t ɑ h ɑ kː uː	0
harsintametsä	h ɑ r s i n t ɑ m e t s æ	0
harso	h ɑ r s o	5
harsokate	h ɑ r s o k ɑ t eˣ	0
harsokorento	h ɑ r s o k o r e n t o	0
harsokukka	h ɑ r s o k u kː ɑ	1
harsopilvi	h ɑ r s o p i l ʋ i	0
harsosääski	h ɑ r s o s æː s k i	0
harsusara	h ɑ r s u s ɑ r ɑ	0
harsuuntuminen	h ɑ r s uː n t u m i n e n	2
hartaudenharjoitus	h ɑ r t ɑ u d e n h ɑ r j o i̯ t u s	0
hartaus	h ɑ r t ɑ u s	14
hartaushetki	h ɑ r t ɑ u s h e t k i	9
hartauskirja	h ɑ r t ɑ u s k i r j ɑ	0
hartauskirjallisuus	h ɑ r t ɑ u s k i r j ɑ lː i s uː s	1
hartauskokous	h ɑ r t ɑ u s k o k o u s	0
hartauspuhe	h ɑ r t ɑ u s p u h eˣ	0
hartaustilaisuus	h ɑ r t ɑ u s t i l ɑ i̯ s uː s	2
harteikas	h ɑ r t e i̯ k ɑ s	2
hartia	h ɑ r t i ɑ	1
hartiakappale	h ɑ r t i ɑ k ɑ pː ɑ l eˣ	0
hartiakas	h ɑ r t i ɑ k ɑ s	0
hartialiina	h ɑ r t i ɑ l iː n ɑ	0
hartianseutu	h ɑ r t i ɑ n s e u̯ t u	1
hartiapankki	h ɑ r t i ɑ p ɑ ŋ kː i	0
hartiapankkirakentaja	h ɑ r t i ɑ p ɑ ŋ kː i r ɑ k e n t ɑ j ɑ	2
hartiasuojus	h ɑ r t i ɑ s u o̯ j u s	1
hartiavaippa	h ɑ r t i ɑ ʋ ɑ i̯ pː ɑ	0
hartiushame	h ɑ r t i u s h ɑ m eˣ	0
hartola	h ɑ r t o l ɑ	14
hartolalainen	h ɑ r t o l ɑ l ɑ i̯ n e n	0
hartsiliima	h ɑ r t s i l iː m ɑ	0
hartsimainen	h ɑ r t s i m ɑ i̯ n e n	1
hartsinen	h ɑ r t s i n e n	0
hartsisaippua	h ɑ r t s i s ɑ i̯ pː u ɑ	0
hartsiöljy	h ɑ r t s i ø l j y	0
harus	h ɑ r u s	0
harusköysi	h ɑ r u s k ø y̯ s i	0
harva	h ɑ r ʋ ɑ	191
harvahammas	h ɑ r ʋ ɑ h ɑ mː ɑ s	1
harvahampainen	h ɑ r ʋ ɑ h ɑ m p ɑ i̯ n e n	0
harvahko	h ɑ r ʋ ɑ h k o	2
harvainvalta	h ɑ r ʋ ɑ i̯ n ʋ ɑ l t ɑ	2
harvainvaltainen	h ɑ r ʋ ɑ i̯ n ʋ ɑ l t ɑ i̯ n e n	2
harvainvaltaisesti	h ɑ r ʋ ɑ i̯ n ʋ ɑ l t ɑ i̯ s e s t iˣ	0
harvainvaltaisuus	h ɑ r ʋ ɑ i̯ n ʋ ɑ l t ɑ i̯ s uː s	0
harvajalkainen	h ɑ r ʋ ɑ j ɑ l k ɑ i̯ n e n	0
harvalukuinen	h ɑ r ʋ ɑ l u k u i̯ n e n	4
harvalukuisesti	h ɑ r ʋ ɑ l u k u i̯ s e s t iˣ	0
harvalukuisuus	h ɑ r ʋ ɑ l u k u i̯ s uː s	0
harvaoksainen	h ɑ r ʋ ɑ o k s ɑ i̯ n e n	0
harvapartainen	h ɑ r ʋ ɑ p ɑ r t ɑ i̯ n e n	0
harvapuheinen	h ɑ r ʋ ɑ p u h e i̯ n e n	1
harvapuheisesti	h ɑ r ʋ ɑ p u h e i̯ s e s t iˣ	0
harvapuheisuus	h ɑ r ʋ ɑ p u h e i̯ s uː s	0
harvasanainen	h ɑ r ʋ ɑ s ɑ n ɑ i̯ n e n	1
harvasanaisesti	h ɑ r ʋ ɑ s ɑ n ɑ i̯ s e s t iˣ	0
harvasanaisuus	h ɑ r ʋ ɑ s ɑ n ɑ i̯ s uː s	0
harvasyinen	h ɑ r ʋ ɑ s y i̯ n e n	0
harvempaan	h ɑ r ʋ e m p ɑː n	1
harveneminen	h ɑ r ʋ e n e m i n e n	3
harvennusleikkaus	h ɑ r ʋ e nː u s l e i̯ kː ɑ u s	0
harvennuspuu	h ɑ r ʋ e nː u s p uː	1
harventaa	h ɑ r ʋ e n t ɑːˣ	9
harventamaton	h ɑ r ʋ e n t ɑ m ɑ t o n	0
harventaminen	h ɑ r ʋ e n t ɑ m i n e n	5
harventuminen	h ɑ r ʋ e n t u m i n e n	1
harvinaiskirja	h ɑ r ʋ i n ɑ i̯ s k i r j ɑ	0
harvinaislaatuinen	h ɑ r ʋ i n ɑ i̯ s l ɑː t u i̯ n e n	4
harvuinen	h ɑ r ʋ u i̯ n e n	0
harvuus	h ɑ r ʋ uː s	1
hasardimaantiede	h ɑ s ɑ r d i m ɑː n t i e̯ d eˣ	0
hasidilaisuus	h ɑ s i d i l ɑ i̯ s uː s	0
hasidismi	h ɑ s i d i s m i	0
haspelikela	h ɑ s p e l i k e l ɑ	0
hassahtaa	h ɑ sː ɑ h t ɑːˣ	0
hassata	h ɑ sː ɑ t ɑˣ	0
hassaus	h ɑ sː ɑ u s	0
hasselpähkinä	h ɑ sː e l p æ h k i n æ	0
hasselpähkinävoi	h ɑ sː e l p æ h k i n æ ʋ o i̯	0
hassunkurisuus	h ɑ sː u n k u r i s uː s	0
hassuttaminen	h ɑ sː u tː ɑ m i n e n	0
hassutteleminen	h ɑ sː u tː e l e m i n e n	0
hassuttelu	h ɑ sː u tː e l u	0
hassutus	h ɑ sː u t u s	0
hassuus	h ɑ sː uː s	0
hatara	h ɑ t ɑ r ɑ	6
hataruus	h ɑ t ɑ r uː s	2
hattara	h ɑ tː ɑ r ɑ	3
hattu	h ɑ tː u	27
hattuhylly	h ɑ tː u h y lː y	0
hattukauppa	h ɑ tː u k ɑ u̯ pː ɑ	0
hattula	h ɑ tː u l ɑ	6
hattulainen	h ɑ tː u l ɑ i̯ n e n	0
hattulalainen	h ɑ tː u l ɑ l ɑ i̯ n e n	0
hattuneula	h ɑ tː u n e u̯ l ɑ	0
hattupäinen	h ɑ tː u p æ i̯ n e n	0
hatturasia	h ɑ tː u r ɑ s i ɑ	1
hattureuhka	h ɑ tː u r e u̯ h k ɑ	0
hattuteline	h ɑ tː u t e l i n eˣ	0
hattutukki	h ɑ tː u t u kː i	0
hattuuntua	h ɑ tː uː n t u ɑˣ	0
hattuuntuminen	h ɑ tː uː n t u m i n e n	0
hatunlieri	h ɑ t u n l i e̯ r i	0
hatunnosto	h ɑ t u n n o s t o	3
hatunreuhka	h ɑ t u n r e u̯ h k ɑ	0
hatuntekijä	h ɑ t u n t e k i j æ	0
hatuttaminen	h ɑ t u tː ɑ m i n e n	0
haudanhiljaisuus	h ɑ u̯ d ɑ n h i l j ɑ i̯ s uː s	0
haudankaivuu	h ɑ u̯ d ɑ n k ɑ i̯ ʋ uː	0
haudantakainen	h ɑ u̯ d ɑ n t ɑ k ɑ i̯ n e n	0
haudanvakavasti	h ɑ u̯ d ɑ n ʋ ɑ k ɑ ʋ ɑ s t iˣ	0
haudanvakavuus	h ɑ u̯ d ɑ n ʋ ɑ k ɑ ʋ uː s	0
haudata	h ɑ u̯ d ɑ t ɑˣ	26
haudehoito	h ɑ u̯ d eˣ h o i̯ t o	0
haudekattila	h ɑ u̯ d eˣ k ɑ tː i l ɑ	0
haudella	h ɑ u̯ d e lː ɑˣ	0
haudeneste	h ɑ u̯ d eˣ n e s t eˣ	0
hauderehu	h ɑ u̯ d eˣ r e h u	0
haudesidos	h ɑ u̯ d eˣ s i d o s	0
haudevesi	h ɑ u̯ d eˣ ʋ e s i	0
haudottaa	h ɑ u̯ d o tː ɑːˣ	0
hauduttaminen	h ɑ u̯ d u tː ɑ m i n e n	1
haudutus	h ɑ u̯ d u t u s	0
hauenkoukku	h ɑ u̯ e n k o u̯ kː u	1
hauenkutu	h ɑ u̯ e n k u t u	0
hauenpyynti	h ɑ u̯ e n p yː n t i	0
hauiksi	h ɑ u i̯ k s i	0
hauiksi	h ɑ u̯ i k s i	0
hauilla	h ɑ u i̯ lː ɑ	0
hauilla	h ɑ u̯ i lː ɑ	0
hauille	h ɑ u i̯ lː eˣ	0
hauille	h ɑ u̯ i lː eˣ	0
hauilta	h ɑ u i̯ l t ɑ	0
hauilta	h ɑ u̯ i l t ɑ	0
hauin	h ɑ u i̯ n	1
hauin	h ɑ u̯ i n	1
hauis	h ɑ u̯ i̯ s	0
hauislihas	h ɑ u̯ i̯ s l i h ɑ s	0
hauissa	h ɑ u i̯ sː ɑ	7
hauissa	h ɑ u̯ i sː ɑ	7
hauista	h ɑ u i̯ s t ɑ	9
hauista	h ɑ u̯ i s t ɑ	9
hauista	h ɑ u̯ i̯ s t ɑ	9
hauitta	h ɑ u i̯ tː ɑ	0
hauitta	h ɑ u̯ i tː ɑ	0
haukahdella	h ɑ u̯ k ɑ h d e lː ɑˣ	0
haukahdus	h ɑ u̯ k ɑ h d u s	0
haukahtaa	h ɑ u̯ k ɑ h t ɑːˣ	2
haukahtaminen	h ɑ u̯ k ɑ h t ɑ m i n e n	0
haukahteleminen	h ɑ u̯ k ɑ h t e l e m i n e n	0
haukahtelu	h ɑ u̯ k ɑ h t e l u	0
haukankatse	h ɑ u̯ k ɑ n k ɑ t s eˣ	1
hauki	h ɑ u̯ k i	73
haukikala	h ɑ u̯ k i k ɑ l ɑ	0
haukikoukku	h ɑ u̯ k i k o u̯ kː u	0
haukiverkko	h ɑ u̯ k i ʋ e r kː o	0
haukka	h ɑ u̯ kː ɑ	10
haukkaaminen	h ɑ u̯ kː ɑː m i n e n	0
haukkaista	h ɑ u̯ kː ɑ i̯ s t ɑˣ	0
haukkaisu	h ɑ u̯ kː ɑ i̯ s u	0
haukkametsästys	h ɑ u̯ kː ɑ m e t s æ s t y s	0
haukkametsästäjä	h ɑ u̯ kː ɑ m e t s æ s t æ j æ	0
haukkapala	h ɑ u̯ kː ɑ p ɑ l ɑ	0
haukkaus	h ɑ u̯ kː ɑ u s	0
haukkua	h ɑ u̯ kː u ɑˣ	17
haukkumakirje	h ɑ u̯ kː u m ɑ k i r j eˣ	0
haukkumanimi	h ɑ u̯ kː u m ɑ n i m i	0
haukkuminen	h ɑ u̯ kː u m i n e n	8
haukkupanta	h ɑ u̯ kː u p ɑ n t ɑ	0
haukotella	h ɑ u̯ k o t e lː ɑˣ	0
haukotteleminen	h ɑ u̯ k o tː e l e m i n e n	0
haukottelu	h ɑ u̯ k o tː e l u	0
haukotus	h ɑ u̯ k o t u s	0
haukunestopanta	h ɑ u̯ k u n e s t o p ɑ n t ɑ	0
haukuskella	h ɑ u̯ k u s k e lː ɑˣ	0
hauli	h ɑ u̯ l i	2
haulikkokilpailu	h ɑ u̯ l i kː o k i l p ɑ i̯ l u	0
haulikkorihla	h ɑ u̯ l i kː o r i h l ɑ	0
haulipanos	h ɑ u̯ l i p ɑ n o s	0
haulipatruuna	h ɑ u̯ l i p ɑ t r uː n ɑ	0
haulipiippu	h ɑ u̯ l i p iː pː u	0
haulipyssy	h ɑ u̯ l i p y sː y	0
haulitorni	h ɑ u̯ l i t o r n i	0
haupitsi	h ɑ u̯ p i t s i	0
hauraasti	h ɑ u̯ r ɑː s t iˣ	0
hauras	h ɑ u̯ r ɑ s	6
haurasrakenteinen	h ɑ u̯ r ɑ s r ɑ k e n t e i̯ n e n	0
hauraus	h ɑ u̯ r ɑ u s	2
haureellinen	h ɑ u̯ r eː lː i n e n	0
haureellisuus	h ɑ u̯ r eː lː i s uː s	0
hausjärveläinen	h ɑ u̯ s j æ r ʋ e l æ i̯ n e n	0
hausjärvi	h ɑ u̯ s j æ r ʋ i	8
hauskutella	h ɑ u̯ s k u t e lː ɑˣ	0
hauskuttaminen	h ɑ u̯ s k u tː ɑ m i n e n	0
hauskuttelu	h ɑ u̯ s k u tː e l u	0
hauskutus	h ɑ u̯ s k u t u s	0
hauskuus	h ɑ u̯ s k uː s	11
hauskuuttaminen	h ɑ u̯ s k uː tː ɑ m i n e n	0
hauskuutus	h ɑ u̯ s k uː t u s	0
hauta	h ɑ u̯ t ɑ	36
hautaamaton	h ɑ u̯ t ɑː m ɑ t o n	0
hautaholvi	h ɑ u̯ t ɑ h o l ʋ i	0
hautajaiset	h ɑ u̯ t ɑ j ɑ i̯ s e t	25
hautajaispuhe	h ɑ u̯ t ɑ j ɑ i̯ s p u h eˣ	0
hautajaispäivä	h ɑ u̯ t ɑ j ɑ i̯ s p æ i̯ ʋ æ	0
hautajaistunnelma	h ɑ u̯ t ɑ j ɑ i̯ s t u nː e l m ɑ	1
hautajaisvaakuna	h ɑ u̯ t ɑ j ɑ i̯ s ʋ ɑː k u n ɑ	0
hautajaisväki	h ɑ u̯ t ɑ j ɑ i̯ s ʋ æ k i	0
hautakalusto	h ɑ u̯ t ɑ k ɑ l u s t o	0
hautakappeli	h ɑ u̯ t ɑ k ɑ pː e l i	1
hautakuoppa	h ɑ u̯ t ɑ k u o̯ pː ɑ	0
hautakynttilä	h ɑ u̯ t ɑ k y n tː i l æ	0
hautala	h ɑ u̯ t ɑ l ɑ	81
hautalaatta	h ɑ u̯ t ɑ l ɑː tː ɑ	0
hautalöydös	h ɑ u̯ t ɑ l ø y̯ d ø s	0
hautalöytö	h ɑ u̯ t ɑ l ø y̯ t ø	0
hautamerkki	h ɑ u̯ t ɑ m e r kː i	0
hautamuistomerkki	h ɑ u̯ t ɑ m u i̯ s t o m e r kː i	5
hautapaikka	h ɑ u̯ t ɑ p ɑ i̯ kː ɑ	6
hautapatsas	h ɑ u̯ t ɑ p ɑ t s ɑ s	0
hautaristi	h ɑ u̯ t ɑ r i s t i	0
hautaröykkiö	h ɑ u̯ t ɑ r ø y̯ kː i ø	1
hautaterva	h ɑ u̯ t ɑ t e r ʋ ɑ	0
hautausapu	h ɑ u̯ t ɑ u s ɑ p u	0
hautausapukassa	h ɑ u̯ t ɑ u s ɑ p u k ɑ sː ɑ	0
hautausavustus	h ɑ u̯ t ɑ u s ɑ ʋ u s t u s	1
hautauskustannus	h ɑ u̯ t ɑ u s k u s t ɑ nː u s	0
hautausmenot	h ɑ u̯ t ɑ u s m e n o t	0
hautauspaikka	h ɑ u̯ t ɑ u s p ɑ i̯ kː ɑ	0
hautauspalvelu	h ɑ u̯ t ɑ u s p ɑ l ʋ e l u	3
hautauspuhe	h ɑ u̯ t ɑ u s p u h eˣ	0
hautausrituaali	h ɑ u̯ t ɑ u s r i t u ɑː l i	0
hautaustapa	h ɑ u̯ t ɑ u s t ɑ p ɑ	0
hautaustoimisto	h ɑ u̯ t ɑ u s t o i̯ m i s t o	0
hautautuminen	h ɑ u̯ t ɑ u t u m i n e n	2
hautaveistos	h ɑ u̯ t ɑ ʋ e i̯ s t o s	0
hautoa	h ɑ u̯ t o ɑˣ	2
hautuva	h ɑ u̯ t u ʋ ɑ	0
hauva	h ɑ u̯ ʋ ɑ	0
hauveli	h ɑ u̯ ʋ e l i	0
havahtuminen	h ɑ ʋ ɑ h t u m i n e n	2
havaiji	h ɑ ʋ ɑ i̯ j i	5
havaijisaaret	h ɑ ʋ ɑ i̯ j i s ɑː r e t	0
havainnoiminen	h ɑ ʋ ɑ i̯ nː o i̯ m i n e n	4
havainto	h ɑ ʋ ɑ i̯ n t o	108
havaintojakso	h ɑ ʋ ɑ i̯ n t o j ɑ k s o	0
havaintomatriisi	h ɑ ʋ ɑ i̯ n t o m ɑ t r iː s i	0
havaintopallo	h ɑ ʋ ɑ i̯ n t o p ɑ lː o	0
havaintopsykologi	h ɑ ʋ ɑ i̯ n t o p s y k o l o ɡ i	0
havaintosuure	h ɑ ʋ ɑ i̯ n t o s uː r eˣ	0
havaintoyksikkö	h ɑ ʋ ɑ i̯ n t o y k s i kː ø	4
havaita	h ɑ ʋ ɑ i̯ t ɑˣ	332
havaitsemme	h ɑ ʋ ɑ i̯ t s e mː e	19
havas	h ɑ ʋ ɑ s	6
haveri	h ɑ ʋ e r i	5
havukirves	h ɑ ʋ u k i r ʋ e s	0
havumetsä	h ɑ ʋ u m e t s æ	4
havumetsävyöhyke	h ɑ ʋ u m e t s æ ʋ y ø̯ h y k eˣ	0
havununna	h ɑ ʋ u n u nː ɑ	1
havupuu	h ɑ ʋ u p uː	3
havupuumetsä	h ɑ ʋ u p uː m e t s æ	0
havuttaminen	h ɑ ʋ u tː ɑ m i n e n	0
he	h e	6403
heavyrock	h e ʋ i r o kː i	0
hebrea	h e b r e ɑ	1
hede	h e d eˣ	5
hedekasvi	h e d eˣ k ɑ s ʋ i	0
hedekukka	h e d eˣ k u kː ɑ	2
hedekäpy	h e d eˣ k æ p y	0
hedelehti	h e d eˣ l e h t i	0
hedelmistö	h e d e l m i s t ø	0
hedelmys	h e d e l m y s	0
hedelmä	h e d e l m æ	38
hedelmäkaramelli	h e d e l m æ k ɑ r ɑ m e lː i	0
hedelmäkarkki	h e d e l m æ k ɑ r kː i	0
hedelmäkasvi	h e d e l m æ k ɑ s ʋ i	0
hedelmäkauppa	h e d e l m æ k ɑ u̯ pː ɑ	1
hedelmäkehto	h e d e l m æ k e h t o	0
hedelmäkeitto	h e d e l m æ k e i̯ tː o	0
hedelmälaji	h e d e l m æ l ɑ j i	0
hedelmällinen	h e d e l m æ lː i n e n	15
hedelmällisyys	h e d e l m æ lː i s yː s	11
hedelmällisyysikä	h e d e l m æ lː i s yː s i k æ	0
hedelmämalto	h e d e l m æ m ɑ l t o	0
hedelmämehu	h e d e l m æ m e h u	0
hedelmänkorjuu	h e d e l m æ n k o r j uː	0
hedelmänpuristin	h e d e l m æ n p u r i s t i n	0
hedelmänraakile	h e d e l m æ n r ɑː k i l eˣ	0
hedelmänviljely	h e d e l m æ n ʋ i l j e l y	0
hedelmäpuutarha	h e d e l m æ p uː t ɑ r h ɑ	0
hedelmäsalaatti	h e d e l m æ s ɑ l ɑː tː i	0
hedelmäsato	h e d e l m æ s ɑ t o	0
hedelmäsokeri	h e d e l m æ s o k e r i	1
hedelmäsuola	h e d e l m æ s u o̯ l ɑ	1
hedelmäsäilyke	h e d e l m æ s æ i̯ l y k eˣ	0
hedelmät	h e d e l m æ t	80
hedelmätee	h e d e l m æ t eː	0
hedelmäveitsi	h e d e l m æ ʋ e i̯ t s i	0
hedelmäviljelmä	h e d e l m æ ʋ i l j e l m æ	0
hedelmäviljelys	h e d e l m æ ʋ i l j e l y s	0
hedelmöiminen	h e d e l m ø i̯ m i n e n	0
hedelmöittyä	h e d e l m ø i̯ tː y æˣ	1
hedelmöittäminen	h e d e l m ø i̯ tː æ m i n e n	0
hedelmöittävä	h e d e l m ø i̯ tː æ ʋ æ	0
hedelmöittää	h e d e l m ø i̯ tː æːˣ	0
hedelmöityminen	h e d e l m ø i̯ t y m i n e n	0
hedelmöityskykyinen	h e d e l m ø i̯ t y s k y k y i̯ n e n	0
hedelmöityä	h e d e l m ø i̯ t y æˣ	0
hedelmöivä	h e d e l m ø i̯ ʋ æ	0
hedenorkko	h e d eˣ n o r kː o	0
hedetähkä	h e d eˣ t æ h k æ	0
heh	h e h	16
hehkeys	h e h k e y s	0
hehkeästi	h e h k e æ s t iˣ	0
hehku	h e h k u	4
hehkua	h e h k u ɑ	4
hehkua	h e h k u ɑˣ	4
hehkulamppu	h e h k u l ɑ m pː u	15
hehkulanka	h e h k u l ɑ ŋ k ɑ	4
hehkuseppä	h e h k u s e pː æ	0
hehkusytytys	h e h k u s y t y t y s	0
hehkutella	h e h k u t e lː ɑˣ	0
hehkuttaminen	h e h k u tː ɑ m i n e n	0
hehtaari	h e h t ɑː r i	11
hehtaarisato	h e h t ɑː r i s ɑ t o	2
hei	h e i̯	145
heidi	h e i̯ d i	230
heidän	h e i̯ d æ n	4711
heidänlaisensa	h e i̯ d æ n l ɑ i̯ s e n s ɑˣ	0
heihin	h e i̯ h i n	113
heijastaminen	h e i̯ j ɑ s t ɑ m i n e n	2
heijastava	h e i̯ j ɑ s t ɑ ʋ ɑ	8
heijaste	h e i̯ j ɑ s t eˣ	1
heijasteinen	h e i̯ j ɑ s t e i̯ n e n	0
heijastekipu	h e i̯ j ɑ s t eˣ k i p u	0
heijastella	h e i̯ j ɑ s t e lː ɑˣ	7
heijastelu	h e i̯ j ɑ s t e l u	0
heijastinkalvo	h e i̯ j ɑ s t i n k ɑ l ʋ o	0
heijastinliivi	h e i̯ j ɑ s t i n l iː ʋ i	0
heijastinnauha	h e i̯ j ɑ s t i n n ɑ u̯ h ɑ	0
heijastintarra	h e i̯ j ɑ s t i n t ɑ rː ɑ	0
heijastinteippi	h e i̯ j ɑ s t i n t e i̯ pː i	0
heijastusefekti	h e i̯ j ɑ s t u s e f e k t i	0
heijastusilmiö	h e i̯ j ɑ s t u s i l m i ø	0
heijastuskoje	h e i̯ j ɑ s t u s k o j eˣ	0
heijastuskulma	h e i̯ j ɑ s t u s k u l m ɑ	1
heijastuskyky	h e i̯ j ɑ s t u s k y k y	0
heijastusliike	h e i̯ j ɑ s t u s l iː k eˣ	0
heijastusnäyttö	h e i̯ j ɑ s t u s n æ y̯ tː ø	0
heijastuspinta	h e i̯ j ɑ s t u s p i n t ɑ	4
heijastusvaikutus	h e i̯ j ɑ s t u s ʋ ɑ i̯ k u t u s	1
heijastuva	h e i̯ j ɑ s t u ʋ ɑ	4
heikennellä	h e i̯ k e nː e lː æˣ	0
heikennys	h e i̯ k e nː y s	1
heikentyminen	h e i̯ k e n t y m i n e n	28
heikentyä	h e i̯ k e n t y æˣ	25
heikentäminen	h e i̯ k e n t æ m i n e n	8
heikentävä	h e i̯ k e n t æ ʋ æ	8
heikentävästi	h e i̯ k e n t æ ʋ æ s t iˣ	10
heiketä	h e i̯ k e t æˣ	15
heikkenevästi	h e i̯ kː e n e ʋ æ s t iˣ	0
heikki	h e i̯ kː i	1252
heikkilä	h e i̯ kː i l æ	211
heikkinen	h e i̯ kː i n e n	170
heikko	h e i̯ kː o	333
heikkohermoinen	h e i̯ kː o h e r m o i̯ n e n	1
heikkokasvuinen	h e i̯ kː o k ɑ s ʋ u i̯ n e n	0
heikkokuuloinen	h e i̯ kː o k uː l o i̯ n e n	0
heikkolaatuisuus	h e i̯ kː o l ɑː t u i̯ s uː s	0
heikkolahjainen	h e i̯ kː o l ɑ h j ɑ i̯ n e n	0
heikkolahjaisuus	h e i̯ kː o l ɑ h j ɑ i̯ s uː s	1
heikkoluonteinen	h e i̯ kː o l u o̯ n t e i̯ n e n	1
heikkomielisesti	h e i̯ kː o m i e̯ l i s e s t iˣ	0
heikkomielisyys	h e i̯ kː o m i e̯ l i s yː s	0
heikkorakenteinen	h e i̯ kː o r ɑ k e n t e i̯ n e n	0
heikkotasoinen	h e i̯ kː o t ɑ s o i̯ n e n	1
heikkoudentila	h e i̯ kː o u d e n t i l ɑ	0
heikkouskoinen	h e i̯ kː o u s k o i̯ n e n	0
heikkovaloinen	h e i̯ kː o ʋ ɑ l o i̯ n e n	0
heikkovirtatekniikka	h e i̯ kː o ʋ i r t ɑ t e k n iː kː ɑ	0
heikkovoima	h e i̯ kː o ʋ o i̯ m ɑ	0
heikkovoimainen	h e i̯ kː o ʋ o i̯ m ɑ i̯ n e n	0
heikohko	h e i̯ k o h k o	9
heikommuus	h e i̯ k o mː uː s	0
heikonnus	h e i̯ k o nː u s	0
heikontaminen	h e i̯ k o n t ɑ m i n e n	0
heikottaa	h e i̯ k o tː ɑːˣ	0
heikotus	h e i̯ k o t u s	0
heikotuskohtaus	h e i̯ k o t u s k o h t ɑ u s	0
heiksi	h e i̯ k s i	0
heila	h e i̯ l ɑ	0
heilahdus	h e i̯ l ɑ h d u s	1
heilahduskulma	h e i̯ l ɑ h d u s k u l m ɑ	0
heilahduslaajuus	h e i̯ l ɑ h d u s l ɑː j uː s	0
heilahduslyönti	h e i̯ l ɑ h d u s l y ø̯ n t i	0
heilahtaminen	h e i̯ l ɑ h t ɑ m i n e n	0
heilahtelu	h e i̯ l ɑ h t e l u	3
heilakka	h e i̯ l ɑ kː ɑ	0
heilastaa	h e i̯ l ɑ s t ɑːˣ	0
heilasteleminen	h e i̯ l ɑ s t e l e m i n e n	0
heilastella	h e i̯ l ɑ s t e lː ɑˣ	0
heilaus	h e i̯ l ɑ u s	0
heilautella	h e i̯ l ɑ u t e lː ɑˣ	0
heilauttaminen	h e i̯ l ɑ u tː ɑ m i n e n	0
heilautus	h e i̯ l ɑ u t u s	0
heilimöiminen	h e i̯ l i m ø i̯ m i n e n	0
heilimöinti	h e i̯ l i m ø i̯ n t i	0
heilimöitseminen	h e i̯ l i m ø i̯ t s e m i n e n	0
heille	h e i̯ lː eˣ	1172
heillä	h e i̯ lː æ	758
heiltä	h e i̯ l t æ	178
heilua	h e i̯ l u ɑˣ	8
heilurikello	h e i̯ l u r i k e lː o	2
heiluriliike	h e i̯ l u r i l iː k eˣ	0
heiluriliikenne	h e i̯ l u r i l iː k e nː eˣ	0
heiluriovi	h e i̯ l u r i o ʋ i	0
heiluttaminen	h e i̯ l u tː ɑ m i n e n	1
heiluvasti	h e i̯ l u ʋ ɑ s t iˣ	0
heimo	h e i̯ m o	85
heimoaate	h e i̯ m o ɑː t eˣ	0
heimohenki	h e i̯ m o h e ŋ k i	0
heimojuhla	h e i̯ m o j u h l ɑ	0
heimokieli	h e i̯ m o k i e̯ l i	0
heimokuntaisuus	h e i̯ m o k u n t ɑ i̯ s uː s	0
heimolaisuus	h e i̯ m o l ɑ i̯ s uː s	0
heimopäällikkö	h e i̯ m o p æː lː i kː ø	0
heimoside	h e i̯ m o s i d eˣ	0
heimosoturi	h e i̯ m o s o t u r i	0
heimous	h e i̯ m o u s	0
heimoushenki	h e i̯ m o u s h e ŋ k i	0
heimouskonto	h e i̯ m o u s k o n t o	0
heimoveli	h e i̯ m o ʋ e l i	0
heini	h e i̯ n i	37
heinikkoinen	h e i̯ n i kː o i̯ n e n	1
heino	h e i̯ n o	114
heinola	h e i̯ n o l ɑ	24
heinolainen	h e i̯ n o l ɑ i̯ n e n	0
heinolalainen	h e i̯ n o l ɑ l ɑ i̯ n e n	3
heinonen	h e i̯ n o n e n	328
heinä	h e i̯ n æ	29
heinäaro	h e i̯ n æ ɑ r o	1
heinähanko	h e i̯ n æ h ɑ ŋ k o	0
heinäharava	h e i̯ n æ h ɑ r ɑ ʋ ɑ	0
heinähiipijä	h e i̯ n æ h iː p i j æ	0
heinähäkki	h e i̯ n æ h æ kː i	0
heinähäntä	h e i̯ n æ h æ n t æ	0
heinäinen	h e i̯ n æ i̯ n e n	0
heinäkasa	h e i̯ n æ k ɑ s ɑ	0
heinäkasvi	h e i̯ n æ k ɑ s ʋ i	1
heinäkoukku	h e i̯ n æ k o u̯ kː u	0
heinäkuorma	h e i̯ n æ k u o̯ r m ɑ	1
heinäkuu	h e i̯ n æ k uː	33
heinälaji	h e i̯ n æ l ɑ j i	0
heinälato	h e i̯ n æ l ɑ t o	3
heinämaa	h e i̯ n æ m ɑː	14
heinämies	h e i̯ n æ m i e̯ s	5
heinäniitty	h e i̯ n æ n iː tː y	0
heinänkasvu	h e i̯ n æ n k ɑ s ʋ u	0
heinänkorjuu	h e i̯ n æ n k o r j uː	0
heinänkorjuukone	h e i̯ n æ n k o r j uː k o n eˣ	0
heinänkorsi	h e i̯ n æ n k o r s i	0
heinänpaalain	h e i̯ n æ n p ɑː l ɑ i̯ n	0
heinänpöyhin	h e i̯ n æ n p ø y̯ h i n	0
heinänsiemen	h e i̯ n æ n s i e̯ m e n	0
heinäntekijä	h e i̯ n æ n t e k i j æ	0
heinäntekoaika	h e i̯ n æ n t e k o ɑ i̯ k ɑ	0
heinänuha	h e i̯ n æ n u h ɑ	3
heinänviljely	h e i̯ n æ n ʋ i l j e l y	0
heinäpelto	h e i̯ n æ p e l t o	1
heinäpouta	h e i̯ n æ p o u̯ t ɑ	0
heinäruko	h e i̯ n æ r u k o	0
heinäsato	h e i̯ n æ s ɑ t o	0
heinäseiväs	h e i̯ n æ s e i̯ ʋ æ s	0
heinäsuova	h e i̯ n æ s u o̯ ʋ ɑ	0
heinäsäkki	h e i̯ n æ s æ kː i	0
heinätavi	h e i̯ n æ t ɑ ʋ i	1
heinätyö	h e i̯ n æ t y ø̯	1
heinävero	h e i̯ n æ ʋ e r o	0
heinävesi	h e i̯ n æ ʋ e s i	3
heinäveteläinen	h e i̯ n æ ʋ e t e l æ i̯ n e n	0
heinävetinen	h e i̯ n æ ʋ e t i n e n	0
heinävuosi	h e i̯ n æ ʋ u o̯ s i	0
heinäväki	h e i̯ n æ ʋ æ k i	0
heippa	h e i̯ pː ɑ	3
heippalaputtaminen	h e i̯ pː ɑ l ɑ p u tː ɑ m i n e n	0
heisimato	h e i̯ s i m ɑ t o	1
heiskanen	h e i̯ s k ɑ n e n	84
heissä	h e i̯ sː æ	28
heistä	h e i̯ s t æ	808
heitin	h e i̯ t i n	11
heitteillejättö	h e i̯ tː e i̯ lː eˣ j æ tː ø	0
heitteillepano	h e i̯ tː e i̯ lː eˣ p ɑ n o	0
heitteiltä	h e i̯ tː e i̯ l t æ	0
heittele	h e i̯ tː e l eˣ	0
heittely	h e i̯ tː e l y	5
heittoase	h e i̯ tː o ɑ s eˣ	0
heittokalastus	h e i̯ tː o k ɑ l ɑ s t u s	3
heittokehä	h e i̯ tː o k e h æ	0
heittokeihäs	h e i̯ tː o k e i̯ h æ s	0
heittokirves	h e i̯ tː o k i r ʋ e s	0
heittokuutio	h e i̯ tː o k uː t i o	0
heittokuutiometri	h e i̯ tː o k uː t i o m e t r i	0
heittokäsi	h e i̯ tː o k æ s i	0
heittolaji	h e i̯ tː o l ɑ j i	0
heittolaukaus	h e i̯ tː o l ɑ u̯ k ɑ u s	0
heittomerkki	h e i̯ tː o m e r kː i	0
heittonuotta	h e i̯ tː o n u o̯ tː ɑ	0
heittopeli	h e i̯ tː o p e l i	1
heittouistelu	h e i̯ tː o u i̯ s t e l u	0
heittouistin	h e i̯ tː o u i̯ s t i n	2
heittovaihto	h e i̯ tː o ʋ ɑ i̯ h t o	0
heittovaihtotiedosto	h e i̯ tː o ʋ ɑ i̯ h t o t i e̯ d o s t o	0
heittovapa	h e i̯ tː o ʋ ɑ p ɑ	0
heittoverkko	h e i̯ tː o ʋ e r kː o	0
heittovuoro	h e i̯ tː o ʋ u o̯ r o	1
heittoympyrä	h e i̯ tː o y m p y r æ	0
heittä	h e i̯ tː æ	0
heittäminen	h e i̯ tː æ m i n e n	8
heittää	h e i̯ tː æːˣ	206
heitukka	h e i̯ t u kː ɑ	0
heitä	h e i̯ t æ	1201
heitä	h e i̯ t æˣ	1201
heivaaminen	h e i̯ ʋ ɑː m i n e n	0
heivata	h e i̯ ʋ ɑ t ɑˣ	1
heiveröisesti	h e i̯ ʋ e r ø i̯ s e s t iˣ	1
hekotella	h e k o t e lː ɑˣ	0
hekottaminen	h e k o tː ɑ m i n e n	0
hekotus	h e k o t u s	0
heksakordi	h e k s ɑ k o r d i	0
heksokinaasi	h e k s o k i n ɑː s i	0
hektisesti	h e k t i s e s t iˣ	0
hekumaa	h e k u m ɑː	0
hekumointi	h e k u m o i̯ n t i	0
hekumoitsija	h e k u m o i̯ t s i j ɑ	0
hela	h e l ɑ	6
helahoito	h e l ɑ h o i̯ t o	0
helajuhla	h e l ɑ j u h l ɑ	0
helakanpunainen	h e l ɑ k ɑ n p u n ɑ i̯ n e n	0
helakansininen	h e l ɑ k ɑ n s i n i n e n	0
helakasti	h e l ɑ k ɑ s t iˣ	0
helakkuus	h e l ɑ kː uː s	0
helapäinen	h e l ɑ p æ i̯ n e n	0
helapää	h e l ɑ p æː	0
helari	h e l ɑ r i	0
helatorstai	h e l ɑ t o r s t ɑ i̯	7
helavyö	h e l ɑ ʋ y ø̯	0
hele	h e l eˣ	1
heleena	h e l eː n ɑ	5
helena	h e l e n ɑ	349
heleys	h e l e y s	0
heleäihoinen	h e l e æ i̯ h o i̯ n e n	0
heleänkeltainen	h e l e æ n k e l t ɑ i̯ n e n	0
heleänpunainen	h e l e æ n p u n ɑ i̯ n e n	0
heleänvärinen	h e l e æ n ʋ æ r i n e n	0
heleäsointinen	h e l e æ s o i̯ n t i n e n	0
heleästi	h e l e æ s t iˣ	1
heli	h e l i	217
helikopteriasema	h e l i k o p t e r i ɑ s e m ɑ	0
helikopterikenttä	h e l i k o p t e r i k e n tː æ	1
helikopterikuljetus	h e l i k o p t e r i k u l j e t u s	0
helikopterionnettomuus	h e l i k o p t e r i o nː e tː o m uː s	0
helinä	h e l i n æ	19
heliosentrismi	h e l i o s e n t r i s m i	0
heliotrooppinen	h e l i o t r oː pː i n e n	0
heliseminen	h e l i s e m i n e n	0
helisiteetti	h e l i s i t eː tː i	0
helistellä	h e l i s t e lː æˣ	0
helistää	h e l i s t æːˣ	0
heljä	h e l j æ	24
helka	h e l k ɑ	23
helkatuli	h e l k ɑ t u l i	0
helkavalkea	h e l k ɑ ʋ ɑ l k e ɑ	0
helkkarinmoinen	h e l kː ɑ r i n m o i̯ n e n	0
helkkaristi	h e l kː ɑ r i s t iˣ	0
helkytellä	h e l k y t e lː æˣ	0
helkyttäminen	h e l k y tː æ m i n e n	0
helkytys	h e l k y t y s	0
helkähtää	h e l k æ h t æːˣ	0
hella	h e lː ɑ	24
hellahuone	h e lː ɑ h u o̯ n eˣ	0
hellakoukku	h e lː ɑ k o u̯ kː u	0
hellanlettas	h e lː ɑ n l e tː ɑ s	0
hellanrengas	h e lː ɑ n r e ŋː ɑ s	0
hellanrinki	h e lː ɑ n r i ŋ k i	0
hellapuu	h e lː ɑ p uː	0
hellari	h e lː ɑ r i	0
helle	h e lː eˣ	72
helleasu	h e lː eˣ ɑ s u	0
hellehattu	h e lː eˣ h ɑ tː u	0
hellelukema	h e lː eˣ l u k e m ɑ	1
hellemekko	h e lː eˣ m e kː o	0
hellepäivä	h e lː eˣ p æ i̯ ʋ æ	3
helleraja	h e lː eˣ r ɑ j ɑ	0
hellesää	h e lː eˣ s æː	1
hellevaate	h e lː eˣ ʋ ɑː t eˣ	0
hellevi	h e lː e ʋ i	7
helli	h e lː i	10
hellin	h e lː i n	4
hellitellä	h e lː i t e lː æˣ	2
hellittelynimi	h e lː i tː e l y n i m i	0
hellittelysana	h e lː i tː e l y s ɑ n ɑ	0
hellittäminen	h e lː i tː æ m i n e n	2
hellittämättömästi	h e lː i tː æ m æ tː ø m æ s t iˣ	0
hellitä	h e lː i t æˣ	12
helluntai	h e lː u n t ɑ i̯	7
helluntaiherätys	h e lː u n t ɑ i̯ h e r æ t y s	1
helluntaipäivä	h e lː u n t ɑ i̯ p æ i̯ ʋ æ	0
helluntaiseurakunta	h e lː u n t ɑ i̯ s e u̯ r ɑ k u n t ɑ	5
helluntaiystävä	h e lː u n t ɑ i̯ y s t æ ʋ æ	0
helluntalainen	h e lː u n t ɑ l ɑ i̯ n e n	0
hellyydenkaipuu	h e lː yː d e n k ɑ i̯ p uː	0
hellyydenkipeä	h e lː yː d e n k i p e æ	0
hellyydenosoitus	h e lː yː d e n o s o i̯ t u s	1
hellyydentarve	h e lː yː d e n t ɑ r ʋ eˣ	0
hellyys	h e lː yː s	6
hellä	h e lː æ	13
helläkätinen	h e lː æ k æ t i n e n	0
helläkätisesti	h e lː æ k æ t i s e s t iˣ	1
helläkätisyys	h e lː æ k æ t i s yː s	0
helläluonteinen	h e lː æ l u o̯ n t e i̯ n e n	0
hellämielinen	h e lː æ m i e̯ l i n e n	0
helläsydäminen	h e lː æ s y d æ m i n e n	0
helläsydämisesti	h e lː æ s y d æ m i s e s t iˣ	0
helläsydämisyys	h e lː æ s y d æ m i s yː s	0
hellätunteinen	h e lː æ t u n t e i̯ n e n	0
hellätunteisesti	h e lː æ t u n t e i̯ s e s t iˣ	0
hellätunteisuus	h e lː æ t u n t e i̯ s uː s	0
hellävaroin	h e lː æ ʋ ɑ r o i̯ n	0
helma	h e l m ɑ	5
helmeillä	h e l m e i̯ lː æˣ	0
helmenharmaa	h e l m e n h ɑ r m ɑː	0
helmenkalastaja	h e l m e n k ɑ l ɑ s t ɑ j ɑ	0
helmenkalastus	h e l m e n k ɑ l ɑ s t u s	0
helmenpyynti	h e l m e n p yː n t i	0
helmenpyytäjä	h e l m e n p yː t æ j æ	0
helmenviljely	h e l m e n ʋ i l j e l y	0
helmestys	h e l m e s t y s	0
helmestäminen	h e l m e s t æ m i n e n	0
helmi	h e l m i	100
helmihirssi	h e l m i h i r sː i	0
helmihopeatäplä	h e l m i h o p e ɑ t æ p l æ	0
helmihyasintti	h e l m i h y ɑ s i n tː i	0
helmiina	h e l m iː n ɑ	0
helmikirjailu	h e l m i k i r j ɑ i̯ l u	0
helmikirjoahven	h e l m i k i r j o ɑ h ʋ e n	0
helmikirjonta	h e l m i k i r j o n t ɑ	0
helmikoriste	h e l m i k o r i s t eˣ	0
helmikoristeinen	h e l m i k o r i s t e i̯ n e n	0
helmikuu	h e l m i k uː	27
helmilanka	h e l m i l ɑ ŋ k ɑ	0
helmililja	h e l m i l i l j ɑ	0
helminen	h e l m i n e n	38
helmineule	h e l m i n e u̯ l eˣ	0
helmiompelu	h e l m i o m p e l u	0
helmipartamonni	h e l m i p ɑ r t ɑ m o nː i	0
helmipeite	h e l m i p e i̯ t eˣ	0
helmipensas	h e l m i p e n s ɑ s	0
helmipisto	h e l m i p i s t o	0
helmipuuro	h e l m i p uː r o	0
helmipöllö	h e l m i p ø lː ø	1
helmirihmakala	h e l m i r i h m ɑ k ɑ l ɑ	0
helmisimpukka	h e l m i s i m p u kː ɑ	0
helmistä	h e l m i s t æ	10
helmisuurimo	h e l m i s uː r i m o	0
helmisuurimot	h e l m i s uː r i m o t	0
helmitaulu	h e l m i t ɑ u̯ l u	2
helmitinami	h e l m i t i n ɑ m i	0
helmivalkosipuli	h e l m i ʋ ɑ l k o s i p u l i	0
helmivyö	h e l m i ʋ y ø̯	0
helmiäishohto	h e l m i æ i̯ s h o h t o	0
helmiäishohtoinen	h e l m i æ i̯ s h o h t o i̯ n e n	0
helmiäishuulipuna	h e l m i æ i̯ s h uː l i p u n ɑ	0
helmiäiskiilto	h e l m i æ i̯ s k iː l t o	0
helmiäiskiiltoinen	h e l m i æ i̯ s k iː l t o i̯ n e n	0
helmiäisnappi	h e l m i æ i̯ s n ɑ pː i	0
helmiäistonkija	h e l m i æ i̯ s t o ŋ k i j ɑ	0
helmus	h e l m u s	1
helmusta	h e l m u s t ɑ	0
heloittaminen	h e l o i̯ tː ɑ m i n e n	0
heloitus	h e l o i̯ t u s	1
helokka	h e l o kː ɑ	0
helokkiöljy	h e l o kː i ø l j y	13
helokkiöljykapseli	h e l o kː i ø l j y k ɑ p s e l i	0
helottaminen	h e l o tː ɑ m i n e n	0
helotus	h e l o t u s	0
helpoiten	h e l p o i̯ t e n	45
helposti	h e l p o s t iˣ	2695
helpottaminen	h e l p o tː ɑ m i n e n	15
helpottava	h e l p o tː ɑ ʋ ɑ	25
helpottua	h e l p o tː u ɑˣ	9
helpottuminen	h e l p o tː u m i n e n	9
helpottuneesti	h e l p o tː u n eː s t iˣ	0
helppo	h e l pː o	1679
helppoheikki	h e l pː o h e i̯ kː i	0
helppohintainen	h e l pː o h i n t ɑ i̯ n e n	1
helppohoitoinen	h e l pː o h o i̯ t o i̯ n e n	22
helppohoitoisuus	h e l pː o h o i̯ t o i̯ s uː s	2
helppokulkuinen	h e l pː o k u l k u i̯ n e n	9
helppokäyttöinen	h e l pː o k æ y̯ tː ø i̯ n e n	165
helppokäyttöisyys	h e l pː o k æ y̯ tː ø i̯ s yː s	44
helppoliukoinen	h e l pː o l i u̯ k o i̯ n e n	0
helppolukuisesti	h e l pː o l u k u i̯ s e s t iˣ	1
helppolukuisuus	h e l pː o l u k u i̯ s uː s	1
helppopääsyinen	h e l pː o p æː s y i̯ n e n	0
helpposivelteinen	h e l pː o s i ʋ e l t e i̯ n e n	1
helppotajuisesti	h e l pː o t ɑ j u i̯ s e s t iˣ	5
helppotajuisuus	h e l pː o t ɑ j u i̯ s uː s	0
helppotöinen	h e l pː o t ø i̯ n e n	0
helppotöisyys	h e l pː o t ø i̯ s yː s	0
helppous	h e l pː o u s	45
helppoymmärteinen	h e l pː o y mː æ r t e i̯ n e n	0
helppoymmärteisyys	h e l pː o y mː æ r t e i̯ s yː s	0
helsingin	h e l s i ŋː i n	6301
helsingör	h e l s i ŋː øː r	0
helsinki	h e l s i ŋ k i	2400
helsinkiitti	h e l s i ŋ k iː tː i	0
helsinkiläistyä	h e l s i ŋ k i l æ i̯ s t y æˣ	0
helsinkiläistää	h e l s i ŋ k i l æ i̯ s t æːˣ	0
helskytellä	h e l s k y t e lː æˣ	0
helskyttäminen	h e l s k y tː æ m i n e n	0
helskytys	h e l s k y t y s	0
helteisesti	h e l t e i̯ s e s t iˣ	0
helteisyys	h e l t e i̯ s yː s	0
heltiäminen	h e l t i æ m i n e n	0
helttakurki	h e l tː ɑ k u r k i	0
helttasieni	h e l tː ɑ s i e̯ n i	0
heltymättömyys	h e l t y m æ tː ø m yː s	0
heltymättömästi	h e l t y m æ tː ø m æ s t iˣ	0
helve	h e l ʋ eˣ	5
helvi	h e l ʋ i	20
hely	h e l y	11
helykruunu	h e l y k r uː n u	0
helähdys	h e l æ h d y s	0
helähtäminen	h e l æ h t æ m i n e n	0
helähtää	h e l æ h t æːˣ	1
hemaisevasti	h e m ɑ i̯ s e ʋ ɑ s t iˣ	0
hemangiooma	h e m ɑ ŋː i oː m ɑ	0
hematiini	h e m ɑ t iː n i	0
hematologi	h e m ɑ t o l o ɡ i	0
hematooma	h e m ɑ t oː m ɑ	0
hemiini	h e m iː n i	0
hemiola	h e m i o l ɑ	0
hemiselluloosa	h e m i s e lː u l oː s ɑ	1
hemmetinmoinen	h e mː e t i n m o i̯ n e n	0
hemmetisti	h e mː e t i s t iˣ	1
hemminki	h e mː i ŋ k i	11
hemmo	h e mː o	16
hemmottelu	h e mː o tː e l u	1
hempeillä	h e m p e i̯ lː æˣ	0
hempeily	h e m p e i̯ l y	0
hempeys	h e m p e y s	0
hempeämielinen	h e m p e æ m i e̯ l i n e n	0
hempeämielisesti	h e m p e æ m i e̯ l i s e s t iˣ	0
hempeämielisyys	h e m p e æ m i e̯ l i s yː s	1
hempeästi	h e m p e æ s t iˣ	0
hempukka	h e m p u kː ɑ	0
hengaaminen	h e ŋː ɑː m i n e n	0
hengari	h e ŋː ɑ r i	0
hengata	h e ŋː ɑ t ɑˣ	1
hengenahdistus	h e ŋː e n ɑ h d i s t u s	9
hengenelämä	h e ŋː e n e l æ m æ	0
hengenheimolaisuus	h e ŋː e n h e i̯ m o l ɑ i̯ s uː s	0
hengenhätä	h e ŋː e n h æ t æ	0
hengenlaatu	h e ŋː e n l ɑː t u	0
hengenlahjat	h e ŋː e n l ɑ h j ɑ t	0
hengenlähtö	h e ŋː e n l æ h t ø	2
hengenmeno	h e ŋː e n m e n o	0
hengenmies	h e ŋː e n m i e̯ s	1
hengenpelastaja	h e ŋː e n p e l ɑ s t ɑ j ɑ	1
hengenpelastus	h e ŋː e n p e l ɑ s t u s	1
hengenpelastusmitali	h e ŋː e n p e l ɑ s t u s m i t ɑ l i	2
hengenpelastusväline	h e ŋː e n p e l ɑ s t u s ʋ æ l i n eˣ	0
hengenpidin	h e ŋː e n p i d i n	0
hengenravinto	h e ŋː e n r ɑ ʋ i n t o	0
hengentuote	h e ŋː e n t u o̯ t eˣ	1
hengenvaara	h e ŋː e n ʋ ɑː r ɑ	0
hengenvaarallisuus	h e ŋː e n ʋ ɑː r ɑ lː i s uː s	0
hengenviljely	h e ŋː e n ʋ i l j e l y	1
hengenvoima	h e ŋː e n ʋ o i̯ m ɑ	0
hengettömyys	h e ŋː e tː ø m yː s	0
hengettömästi	h e ŋː e tː ø m æ s t iˣ	1
hengiltäotto	h e ŋː i l t æ o tː o	0
hengittäminen	h e ŋː i tː æ m i n e n	17
hengittää	h e ŋː i tː æːˣ	61
hengityksensuojain	h e ŋː i t y k s e n s u o̯ j ɑ i̯ n	5
hengitys	h e ŋː i t y s	52
hengityshalvaus	h e ŋː i t y s h ɑ l ʋ ɑ u s	1
hengitysharjoitus	h e ŋː i t y s h ɑ r j o i̯ t u s	1
hengitysilma	h e ŋː i t y s i l m ɑ	4
hengityskatkos	h e ŋː i t y s k ɑ t k o s	1
hengityskeskus	h e ŋː i t y s k e s k u s	0
hengityskone	h e ŋː i t y s k o n eˣ	1
hengityslaite	h e ŋː i t y s l ɑ i̯ t eˣ	1
hengityslihas	h e ŋː i t y s l i h ɑ s	0
hengitysliike	h e ŋː i t y s l iː k eˣ	0
hengitysmerkki	h e ŋː i t y s m e r kː i	0
hengityssuojain	h e ŋː i t y s s u o̯ j ɑ i̯ n	2
hengitystaajuus	h e ŋː i t y s t ɑː j uː s	0
hengitysteitse	h e ŋː i t y s t e i̯ t s eˣ	7
hengitystie	h e ŋː i t y s t i e̯	2
hengitystieallergia	h e ŋː i t y s t i e̯ ɑ lː e r ɡ i ɑ	0
hengitysääni	h e ŋː i t y s æː n i	0
hengähdys	h e ŋː æ h d y s	1
hengähdystauko	h e ŋː æ h d y s t ɑ u̯ k o	7
hengähtäminen	h e ŋː æ h t æ m i n e n	0
hengästyminen	h e ŋː æ s t y m i n e n	1
hengästys	h e ŋː æ s t y s	1
hengästyttävä	h e ŋː æ s t y tː æ ʋ æ	3
hengästyttävästi	h e ŋː æ s t y tː æ ʋ æ s t iˣ	0
henkari	h e ŋ k ɑ r i	3
henkeen	h e ŋ k eː n	87
henkevyys	h e ŋ k e ʋ yː s	1
henkevästi	h e ŋ k e ʋ æ s t iˣ	0
henki	h e ŋ k i	571
henkihieveriin	h e ŋ k i h i e̯ ʋ e r iː n	1
henkihieverissä	h e ŋ k i h i e̯ ʋ e r i sː æ	0
henkiinherättäminen	h e ŋ k iː n h e r æ tː æ m i n e n	1
henkiinherätys	h e ŋ k iː n h e r æ t y s	0
henkiinjääminen	h e ŋ k iː n j æː m i n e n	1
henkiinjäänyt	h e ŋ k iː n j æː n y t	0
henkikaarti	h e ŋ k i k ɑː r t i	0
henkikaste	h e ŋ k i k ɑ s t eˣ	1
henkikirja	h e ŋ k i k i r j ɑ	6
henkikirjoittaja	h e ŋ k i k i r j o i̯ tː ɑ j ɑ	5
henkikirjoitus	h e ŋ k i k i r j o i̯ t u s	1
henkikulta	h e ŋ k i k u l t ɑ	0
henkilääkäri	h e ŋ k i l æː k æ r i	1
henkilö	h e ŋ k i l ø	1541
henkilöapu	h e ŋ k i l ø ɑ p u	0
henkilöarviointi	h e ŋ k i l ø ɑ r ʋ i o i̯ n t i	3
henkilöautoliikenne	h e ŋ k i l ø ɑ u t o l iː k e nː eˣ	4
henkilöbibliografia	h e ŋ k i l ø b i b l i o ɡ r ɑ f i ɑ	0
henkilöhahmo	h e ŋ k i l ø h ɑ h m o	0
henkilöhakemisto	h e ŋ k i l ø h ɑ k e m i s t o	19
henkilöhaku	h e ŋ k i l ø h ɑ k u	3
henkilöhakujärjestelmä	h e ŋ k i l ø h ɑ k u j æ r j e s t e l m æ	0
henkilöhakulaite	h e ŋ k i l ø h ɑ k u l ɑ i̯ t eˣ	0
henkilöhakuvastaanotin	h e ŋ k i l ø h ɑ k u ʋ ɑ s t ɑː n o t i n	0
henkilöhissi	h e ŋ k i l ø h i sː i	0
henkilöhistoriallinen	h e ŋ k i l ø h i s t o r i ɑ lː i n e n	5
henkilöjuna	h e ŋ k i l ø j u n ɑ	1
henkilöjäsen	h e ŋ k i l ø j æ s e n	6
henkilökemia	h e ŋ k i l ø k e m i ɑ	1
henkilökierto	h e ŋ k i l ø k i e̯ r t o	0
henkilökuljetin	h e ŋ k i l ø k u l j e t i n	0
henkilökuljetus	h e ŋ k i l ø k u l j e t u s	0
henkilökunta	h e ŋ k i l ø k u n t ɑ	636
henkilökuntaetu	h e ŋ k i l ø k u n t ɑ e t u	0
henkilökuntakerho	h e ŋ k i l ø k u n t ɑ k e r h o	0
henkilökuntalehti	h e ŋ k i l ø k u n t ɑ l e h t i	3
henkilökuntayhdistys	h e ŋ k i l ø k u n t ɑ y h d i s t y s	5
henkilökuvaus	h e ŋ k i l ø k u ʋ ɑ u s	4
henkilökysymys	h e ŋ k i l ø k y s y m y s	0
henkilöliikenne	h e ŋ k i l ø l iː k e nː eˣ	9
henkilöllinen	h e ŋ k i l ø lː i n e n	0
henkilöllisyystodistus	h e ŋ k i l ø lː i s yː s t o d i s t u s	17
henkilöluotto	h e ŋ k i l ø l u o̯ tː o	0
henkilömaalaus	h e ŋ k i l ø m ɑː l ɑ u s	0
henkilömitali	h e ŋ k i l ø m i t ɑ l i	0
henkilönimi	h e ŋ k i l ø n i m i	0
henkilönkatsastus	h e ŋ k i l ø n k ɑ t s ɑ s t u s	1
henkilönpalvonta	h e ŋ k i l ø n p ɑ l ʋ o n t ɑ	1
henkilönsuojain	h e ŋ k i l ø n s u o̯ j ɑ i̯ n	0
henkilörooli	h e ŋ k i l ø r oː l i	0
henkilöstöneuvosto	h e ŋ k i l ø s t ø n e u̯ ʋ o s t o	0
henkilöstöyrittäjä	h e ŋ k i l ø s t ø y r i tː æ j æ	0
henkilöstöyritys	h e ŋ k i l ø s t ø y r i t y s	0
henkilösuunnitelma	h e ŋ k i l ø s uː nː i t e l m ɑ	0
henkilötakaus	h e ŋ k i l ø t ɑ k ɑ u s	0
henkilötili	h e ŋ k i l ø t i l i	0
henkilötunnus	h e ŋ k i l ø t u nː u s	31
henkilötyyppi	h e ŋ k i l ø t yː pː i	1
henkilövaihdos	h e ŋ k i l ø ʋ ɑ i̯ h d o s	1
henkilövakuus	h e ŋ k i l ø ʋ ɑ k uː s	0
henkilövalinta	h e ŋ k i l ø ʋ ɑ l i n t ɑ	0
henkiminen	h e ŋ k i m i n e n	0
henkireikä	h e ŋ k i r e i̯ k æ	5
henkiriepu	h e ŋ k i r i e̯ p u	5
henkirikollinen	h e ŋ k i r i k o lː i n e n	0
henkisavut	h e ŋ k i s ɑ ʋ u t	0
henkisyys	h e ŋ k i s yː s	9
henkitiede	h e ŋ k i t i e̯ d eˣ	0
henkitoreihin	h e ŋ k i t o r e i̯ h i n	0
henkitoreihinsa	h e ŋ k i t o r e i̯ h i n s ɑ	0
henkitoreisiin	h e ŋ k i t o r e i̯ s iː n	0
henkitoreisiinsa	h e ŋ k i t o r e i̯ s iː n s ɑ	0
henkitoreissa	h e ŋ k i t o r e i̯ sː ɑ	1
henkitoreissaan	h e ŋ k i t o r e i̯ sː ɑː n	4
henkivakuuttaa	h e ŋ k i ʋ ɑ k uː tː ɑːˣ	0
henkivakuutuskirja	h e ŋ k i ʋ ɑ k uː t u s k i r j ɑ	0
henkivakuutusmaksu	h e ŋ k i ʋ ɑ k uː t u s m ɑ k s u	0
henkivakuutusyhtiö	h e ŋ k i ʋ ɑ k uː t u s y h t i ø	5
henkivartija	h e ŋ k i ʋ ɑ r t i j ɑ	4
henkivartiokaarti	h e ŋ k i ʋ ɑ r t i o k ɑː r t i	0
henkivartiosto	h e ŋ k i ʋ ɑ r t i o s t o	0
henkiystävä	h e ŋ k i y s t æ ʋ æ	0
henkiä	h e ŋ k i æ	21
henkiä	h e ŋ k i æˣ	21
henkonen	h e ŋ k o n e n	2
henkäisy	h e ŋ k æ i̯ s y	0
henkäys	h e ŋ k æ y s	11
henkää	h e ŋ k æːˣ	0
henna	h e nː ɑ	70
hennominen	h e nː o m i n e n	0
henri	h e n r i	103
henriikka	h e n r iː kː ɑ	3
henrik	h e n r i k	206
henrik	h e n r i kː i	206
henrikki	h e n r i kː i	7
hento	h e n t o	14
hentoilla	h e n t o i̯ lː ɑˣ	0
hentoilu	h e n t o i̯ l u	0
hentoinen	h e n t o i̯ n e n	1
hentokasvuinen	h e n t o k ɑ s ʋ u i̯ n e n	0
hentomielinen	h e n t o m i e̯ l i n e n	0
hentomielisyys	h e n t o m i e̯ l i s yː s	0
hentorakenteinen	h e n t o r ɑ k e n t e i̯ n e n	2
hentosara	h e n t o s ɑ r ɑ	1
hentosudenkorento	h e n t o s u d e n k o r e n t o	0
hentous	h e n t o u s	1
hep	h e p	2
hepaattinen	h e p ɑː tː i n e n	0
hepatiittivirus	h e p ɑ t iː tː i ʋ iː r u s	0
hepatologia	h e p ɑ t o l o ɡ i ɑ	0
hepatooma	h e p ɑ t oː m ɑ	1
hepatoosi	h e p ɑ t oː s i	0
hepatopulmonaarinen	h e p ɑ t o p u l m o n ɑː r i n e n	0
hepatorenaalinen	h e p ɑ t o r e n ɑː l i n e n	0
hepatosellulaarinen	h e p ɑ t o s e lː u l ɑː r i n e n	0
hepatospleeninen	h e p ɑ t o s p l eː n i n e n	0
hepo	h e p o	5
heppa	h e pː ɑ	3
heppi	h e pː i	0
heppoinen	h e pː o i̯ n e n	2
heppoisesti	h e pː o i̯ s e s t iˣ	1
heppoisuus	h e pː o i̯ s uː s	0
heppu	h e pː u	12
heppuli	h e pː u l i	1
heprea	h e p r e ɑ	2
heprealainen	h e p r e ɑ l ɑ i̯ n e n	7
heprealaiskirje	h e p r e ɑ l ɑ i̯ s k i r j eˣ	3
hepsakka	h e p s ɑ kː ɑ	0
hepsankeikka	h e p s ɑ n k e i̯ kː ɑ	2
heptametri	h e p t ɑ m e t r i	0
hepulikohtaus	h e p u l i k o h t ɑ u s	0
herahdella	h e r ɑ h d e lː ɑˣ	0
herainen	h e r ɑ i̯ n e n	0
herajuusto	h e r ɑ j uː s t o	0
herastuomari	h e r ɑ s t u o̯ m ɑ r i	1
herbartilaisuus	h e r b ɑ r t i l ɑ i̯ s uː s	0
herefordrotu	h e r e f o r d r o t u	0
herefordrotu	h e r i f ø d r o t u	0
heresia	h e r e s i ɑ	2
hereys	h e r e y s	0
hereästi	h e r e æ s t iˣ	1
herhiläinen	h e r h i l æ i̯ n e n	0
herhiläispesä	h e r h i l æ i̯ s p e s æ	0
heristellä	h e r i s t e lː æˣ	0
heristys	h e r i s t y s	0
heristäminen	h e r i s t æ m i n e n	0
herjaaminen	h e r j ɑː m i n e n	1
herjaava	h e r j ɑː ʋ ɑ	1
herjaavasti	h e r j ɑː ʋ ɑ s t iˣ	0
herjakirjoitus	h e r j ɑ k i r j o i̯ t u s	0
herjanheitto	h e r j ɑ n h e i̯ tː o	0
herjasana	h e r j ɑ s ɑ n ɑ	0
herjata	h e r j ɑ t ɑˣ	2
herjauskirjoitus	h e r j ɑ u s k i r j o i̯ t u s	0
herjauspuhe	h e r j ɑ u s p u h eˣ	0
herjaussana	h e r j ɑ u s s ɑ n ɑ	0
herjetä	h e r j e t æˣ	0
herkeäminen	h e r k e æ m i n e n	0
herkeämättömyys	h e r k e æ m æ tː ø m yː s	0
herkeämättömästi	h e r k e æ m æ tː ø m æ s t iˣ	0
herkeämätön	h e r k e æ m æ t ø n	0
herkistellä	h e r k i s t e lː æˣ	1
herkistely	h e r k i s t e l y	1
herkistyminen	h e r k i s t y m i n e n	4
herkistävä	h e r k i s t æ ʋ æ	1
herkistävästi	h e r k i s t æ ʋ æ s t iˣ	0
herkko	h e r kː o	4
herkku	h e r kː u	17
herkkuperse	h e r kː u p e r s eˣ	0
herkkuperuna	h e r kː u p e r u n ɑ	0
herkkuruoka	h e r kː u r u o̯ k ɑ	1
herkkusieni	h e r kː u s i e̯ n i	4
herkkusienikastike	h e r kː u s i e̯ n i k ɑ s t i k eˣ	0
herkkusienikeitto	h e r kː u s i e̯ n i k e i̯ tː o	0
herkkusilava	h e r kː u s i l ɑ ʋ ɑ	0
herkkutatti	h e r kː u t ɑ tː i	3
herkkä	h e r kː æ	132
herkkähermoisuus	h e r kː æ h e r m o i̯ s uː s	0
herkkähipiäinen	h e r kː æ h i p i æ i̯ n e n	0
herkkäilmeinen	h e r kː æ i̯ l m e i̯ n e n	0
herkkäitkuinen	h e r kː æ i̯ t k u i̯ n e n	0
herkkäkuuloinen	h e r kː æ k uː l o i̯ n e n	0
herkkäliikkeinen	h e r kː æ l iː kː e i̯ n e n	1
herkkänahkaisuus	h e r kː æ n ɑ h k ɑ i̯ s uː s	0
herkkätunteisesti	h e r kː æ t u n t e i̯ s e s t iˣ	0
herkkätuntoinen	h e r kː æ t u n t o i̯ n e n	0
herkkäuninen	h e r kː æ u n i n e n	0
herkkäunisuus	h e r kː æ u n i s uː s	0
herkkävireinen	h e r kː æ ʋ i r e i̯ n e n	0
herkules	h e r k u l e s	1
herkutteleminen	h e r k u tː e l e m i n e n	0
herman	h e r m ɑ n	37
hermanni	h e r m ɑ nː i	12
hermeettisyys	h e r m eː tː i s yː s	0
hermeneutikko	h e r m e n e u t i kː o	1
hermeneuttinen	h e r m e n e u tː i n e n	4
hermetismi	h e r m e t i s m i	0
hermiittinen	h e r m iː tː i n e n	2
hermiittisyys	h e r m iː tː i s yː s	0
hermo	h e r m o	5
hermoheikko	h e r m o h e i̯ kː o	2
hermoherkkä	h e r m o h e r kː æ	0
hermoimpulssi	h e r m o i m p u l sː i	0
hermojuuri	h e r m o j uː r i	0
hermojännitys	h e r m o j æ nː i t y s	0
hermokanava	h e r m o k ɑ n ɑ ʋ ɑ	0
hermokimppu	h e r m o k i m pː u	1
hermokoe	h e r m o k o eˣ	0
hermolepo	h e r m o l e p o	0
hermoliitos	h e r m o l iː t o s	0
hermopaine	h e r m o p ɑ i̯ n eˣ	0
hermopinne	h e r m o p i nː eˣ	4
hermopunos	h e r m o p u n o s	0
hermorasitus	h e r m o r ɑ s i t u s	0
hermoratahieronta	h e r m o r ɑ t ɑ h i e̯ r o n t ɑ	0
hermoraunio	h e r m o r ɑ u̯ n i o	0
hermosairas	h e r m o s ɑ i̯ r ɑ s	0
hermosavut	h e r m o s ɑ ʋ u t	1
hermosto	h e r m o s t o	10
hermostojärjestelmä	h e r m o s t o j æ r j e s t e l m æ	1
hermostopiena	h e r m o s t o p i e̯ n ɑ	0
hermostoputki	h e r m o s t o p u t k i	0
hermostosairaus	h e r m o s t o s ɑ i̯ r ɑ u s	0
hermostuksissaan	h e r m o s t u k s i sː ɑː n	2
hermostuminen	h e r m o s t u m i n e n	0
hermostus	h e r m o s t u s	1
hermostuttava	h e r m o s t u tː ɑ ʋ ɑ	0
hermostuttavasti	h e r m o s t u tː ɑ ʋ ɑ s t iˣ	0
hermosyy	h e r m o s yː	0
hermosäie	h e r m o s æ i̯ eˣ	1
hermosärky	h e r m o s æ r k y	2
hermotauti	h e r m o t ɑ u̯ t i	0
hermoton	h e r m o t o n	0
hermotukikudoskasvain	h e r m o t u k i k u d o s k ɑ s ʋ ɑ i̯ n	1
hermotukisolu	h e r m o t u k i s o l u	0
hermotuppi	h e r m o t u pː i	0
hermoverkkotietokone	h e r m o ʋ e r kː o t i e̯ t o k o n eˣ	0
hermovälittäjäaine	h e r m o ʋ æ l i tː æ j æ ɑ i̯ n eˣ	0
hermoväre	h e r m o ʋ æ r eˣ	0
hermoärsyke	h e r m o æ r s y k eˣ	0
herne	h e r n eˣ	15
herneenpalko	h e r n eː n p ɑ l k o	0
herneenvarsi	h e r n eː n ʋ ɑ r s i	0
herneenviljely	h e r n eː n ʋ i l j e l y	0
herneinen	h e r n e i̯ n e n	0
hernekasvi	h e r n eˣ k ɑ s ʋ i	0
hernekeitto	h e r n eˣ k e i̯ tː o	1
hernekeppi	h e r n eˣ k e pː i	0
hernekerttu	h e r n eˣ k e r tː u	0
hernepelto	h e r n eˣ p e l t o	0
hernepenkki	h e r n eˣ p e ŋ kː i	0
hernepensas	h e r n eˣ p e n s ɑ s	1
hernepuuro	h e r n eˣ p uː r o	0
hernesara	h e r n eˣ s ɑ r ɑ	0
hernesimpukka	h e r n eˣ s i m p u kː ɑ	0
herneviljelmä	h e r n eˣ ʋ i l j e l m æ	0
heroiiniriippuvainen	h e r o i̯ː n i r iː pː u ʋ ɑ i̯ n e n	0
heroiiniriippuvuus	h e r o i̯ː n i r iː pː u ʋ uː s	0
heroiiniyliannostus	h e r o i̯ː n i y l i ɑ nː o s t u s	1
herooisuus	h e r oː i s uː s	0
herpaannus	h e r p ɑː nː u s	0
herpaantua	h e r p ɑː n t u ɑˣ	3
herpaantumaton	h e r p ɑː n t u m ɑ t o n	0
herpaista	h e r p ɑ i̯ s t ɑˣ	0
herpetologi	h e r p e t o l o ɡ i	0
herppi	h e r pː i	0
herra	h e rː ɑ	1040
herrahissi	h e rː ɑ h i sː i	0
herrainhuone	h e rː ɑ i̯ n h u o̯ n eˣ	0
herrainkaulus	h e rː ɑ i̯ n k ɑ u̯ l u s	0
herrainkerho	h e rː ɑ i̯ n k e r h o	0
herrainvaate	h e rː ɑ i̯ n ʋ ɑː t eˣ	0
herrainvaatehtimo	h e rː ɑ i̯ n ʋ ɑː t e h t i m o	0
herrajesta	h e rː ɑ j e s t ɑ	0
herrajestas	h e rː ɑ j e s t ɑ s	1
herrakutsut	h e rː ɑ k u t s u t	0
herran	h e rː ɑ n	537
herrani	h e rː ɑ n i	11
herranjesta	h e rː ɑ n j e s t ɑ	0
herranterttu	h e rː ɑ n t e r tː u	0
herraonni	h e rː ɑ o nː i	0
herraseura	h e rː ɑ s e u̯ r ɑ	0
herraskainen	h e rː ɑ s k ɑ i̯ n e n	0
herraskaisesti	h e rː ɑ s k ɑ i̯ s e s t iˣ	0
herraskartano	h e rː ɑ s k ɑ r t ɑ n o	2
herrasnainen	h e rː ɑ s n ɑ i̯ n e n	0
herraspoika	h e rː ɑ s p o i̯ k ɑ	0
herrastelu	h e rː ɑ s t e l u	0
herrasväki	h e rː ɑ s ʋ æ k i	3
herraus	h e rː ɑ u s	0
herrnhutilaisuus	h e rː n h u t i l ɑ i̯ s uː s	0
herroitella	h e rː o i̯ t e lː ɑˣ	0
herroittelu	h e rː o i̯ tː e l u	0
herruus	h e rː uː s	4
hersyvästi	h e r s y ʋ æ s t iˣ	2
hertta	h e r tː ɑ	5
herttaisesti	h e r tː ɑ i̯ s e s t iˣ	0
herttaisuus	h e r tː ɑ i̯ s uː s	0
herttakortti	h e r tː ɑ k o r tː i	0
herttaköynnös	h e r tː ɑ k ø y̯ nː ø s	0
herttua	h e r tː u ɑ	16
herttuallinen	h e r tː u ɑ lː i n e n	0
herua	h e r u ɑˣ	2
herukanviljely	h e r u k ɑ n ʋ i l j e l y	0
herukka	h e r u kː ɑ	1
herukkapensas	h e r u kː ɑ p e n s ɑ s	0
herukkaperhonen	h e r u kː ɑ p e r h o n e n	0
herukkasato	h e r u kː ɑ s ɑ t o	1
heruttaminen	h e r u tː ɑ m i n e n	0
herutus	h e r u t u s	0
hervota	h e r ʋ o t ɑˣ	0
hervoton	h e r ʋ o t o n	3
hervottomasti	h e r ʋ o tː o m ɑ s t iˣ	0
hervottomuus	h e r ʋ o tː o m uː s	0
heräillä	h e r æ i̯ lː æˣ	2
herännäispappi	h e r æ nː æ i̯ s p ɑ pː i	0
herännäisseurat	h e r æ nː æ i̯ s s e u̯ r ɑ t	0
herätellä	h e r æ t e lː æˣ	14
herätemiina	h e r æ t eˣ m iː n ɑ	0
heräteosto	h e r æ t eˣ o s t o	0
heräteostos	h e r æ t eˣ o s t o s	1
heräteraivaaja	h e r æ t eˣ r ɑ i̯ ʋ ɑː j ɑ	0
herättäjäjuhlat	h e r æ tː æ j æ j u h l ɑ t	2
herättäminen	h e r æ tː æ m i n e n	17
herätyskello	h e r æ t y s k e lː o	9
herätyssaarnaaja	h e r æ t y s s ɑː r n ɑː j ɑ	2
herätystyö	h e r æ t y s t y ø̯	0
herätä	h e r æ t æˣ	64
heses	h e s e s	0
hessoniitti	h e sː o n iː tː i	0
hessu	h e sː u	22
hesykasmi	h e s y k ɑ s m i	0
het	h e t	0
heta	h e t ɑ	21
hetale	h e t ɑ l eˣ	0
heteka	h e t e k ɑ	1
hetekaali	h e t eˣ k ɑː l i	0
heterodoksia	h e t e r o d o k s i ɑ	0
heterogeenisuus	h e t e r o ɡ eː n i s uː s	2
heterokromia	h e t e r o k r o m i ɑ	0
heteromies	h e t e r o m i e̯ s	1
heteronainen	h e t e r o n ɑ i̯ n e n	0
heteroseksuaali	h e t e r o s e k s u ɑː l i	0
heteroskedastinen	h e t e r o s k e d ɑ s t i n e n	0
hetesara	h e t eˣ s ɑ r ɑ	0
heti	h e t i	3044
heti	h e t iˣ	3044
hetimiten	h e t i m i t e n	4
hetiö	h e t i ø	0
hetkellinen	h e t k e lː i n e n	28
hetkellisarvo	h e t k e lː i s ɑ r ʋ o	0
hetki	h e t k i	323
hetkipalvelus	h e t k i p ɑ l ʋ e l u s	0
hetkittäin	h e t k i tː æ i̯ n	59
hetkittäinen	h e t k i tː æ i̯ n e n	1
hetkuttaminen	h e t k u tː ɑ m i n e n	0
hetkutus	h e t k u t u s	0
hetteikköinen	h e tː e i̯ kː ø i̯ n e n	0
hetteinen	h e tː e i̯ n e n	0
hetula	h e t u l ɑ	0
hevi	h e ʋ i	4
hevibändi	h e ʋ i b æ n d i	0
hevikitaristi	h e ʋ i k i t ɑ r i s t i	0
hevilaulaja	h e ʋ i l ɑ u̯ l ɑ j ɑ	0
heviletti	h e ʋ i l e tː i	0
hevimetalli	h e ʋ i m e t ɑ lː i	0
hevimies	h e ʋ i m i e̯ s	0
hevimusa	h e ʋ i m u s ɑ	0
hevimusiikki	h e ʋ i m u s iː kː i	0
hevirock	h e ʋ i r o c k	0
hevonen	h e ʋ o n e n	143
hevosajoneuvo	h e ʋ o s ɑ j o n e u̯ ʋ o	0
hevosenharja	h e ʋ o s e n h ɑ r j ɑ	0
hevosenhoitaja	h e ʋ o s e n h o i̯ t ɑ j ɑ	0
hevosenhoito	h e ʋ o s e n h o i̯ t o	0
hevosenkenkäkaari	h e ʋ o s e n k e ŋ k æ k ɑː r i	0
hevosenkenkäsolki	h e ʋ o s e n k e ŋ k æ s o l k i	1
hevosenlanta	h e ʋ o s e n l ɑ n t ɑ	0
hevosenmitta	h e ʋ o s e n m i tː ɑ	0
hevosenvaljaat	h e ʋ o s e n ʋ ɑ l j ɑː t	0
hevosharava	h e ʋ o s h ɑ r ɑ ʋ ɑ	0
hevoshoitaja	h e ʋ o s h o i̯ t ɑ j ɑ	0
hevoshoito	h e ʋ o s h o i̯ t o	0
hevoshuijari	h e ʋ o s h u i̯ j ɑ r i	0
hevoshullu	h e ʋ o s h u lː u	3
hevosjalostus	h e ʋ o s j ɑ l o s t u s	0
hevoskaakki	h e ʋ o s k ɑː kː i	0
hevoskantakirja	h e ʋ o s k ɑ n t ɑ k i r j ɑ	0
hevoskasvatus	h e ʋ o s k ɑ s ʋ ɑ t u s	4
hevoskauppias	h e ʋ o s k ɑ u̯ pː i ɑ s	0
hevoskierto	h e ʋ o s k i e̯ r t o	3
hevoskilpailu	h e ʋ o s k i l p ɑ i̯ l u	0
hevoskirja	h e ʋ o s k i r j ɑ	0
hevoskuljetus	h e ʋ o s k u l j e t u s	0
hevoskuorma	h e ʋ o s k u o̯ r m ɑ	0
hevoskuormallinen	h e ʋ o s k u o̯ r m ɑ lː i n e n	0
hevoskuormittain	h e ʋ o s k u o̯ r m i tː ɑ i̯ n	0
hevoskyyti	h e ʋ o s k yː t i	0
hevosliike	h e ʋ o s l iː k eˣ	0
hevosmuurahainen	h e ʋ o s m uː r ɑ h ɑ i̯ n e n	0
hevosnaamainen	h e ʋ o s n ɑː m ɑ i̯ n e n	0
hevosnäyttely	h e ʋ o s n æ y̯ tː e l y	0
hevospaarma	h e ʋ o s p ɑː r m ɑ	0
hevospaimen	h e ʋ o s p ɑ i̯ m e n	1
hevospuomi	h e ʋ o s p u o̯ m i	0
hevosrotu	h e ʋ o s r o t u	1
hevossiittola	h e ʋ o s s iː tː o l ɑ	0
hevossuka	h e ʋ o s s u k ɑ	0
hevostalous	h e ʋ o s t ɑ l o u s	4
hevosteleminen	h e ʋ o s t e l e m i n e n	0
hevostella	h e ʋ o s t e lː ɑˣ	0
hevostenhoitaja	h e ʋ o s t e n h o i̯ t ɑ j ɑ	1
hevostenvalmentaja	h e ʋ o s t e n ʋ ɑ l m e n t ɑ j ɑ	3
hevostila	h e ʋ o s t i l ɑ	1
hevosurheilu	h e ʋ o s u r h e i̯ l u	1
hevosvaljaat	h e ʋ o s ʋ ɑ l j ɑː t	0
hevosyskä	h e ʋ o s y s k æ	0
hiaisin	h i ɑ i̯ s i n	0
hiatus	h i ɑ t u s	0
hibernaatio	h i b e r n ɑː t i o	0
hidas	h i d ɑ s	138
hidasjuoksuinen	h i d ɑ s j u o̯ k s u i̯ n e n	0
hidaskulkuinen	h i d ɑ s k u l k u i̯ n e n	0
hidaskäyntinen	h i d ɑ s k æ y̯ n t i n e n	0
hidasliikkeinen	h i d ɑ s l iː kː e i̯ n e n	2
hidaslukuinen	h i d ɑ s l u k u i̯ n e n	0
hidasluontoinen	h i d ɑ s l u o̯ n t o i̯ n e n	0
hidastaminen	h i d ɑ s t ɑ m i n e n	7
hidasteinen	h i d ɑ s t e i̯ n e n	0
hidasteleminen	h i d ɑ s t e l e m i n e n	0
hidastelija	h i d ɑ s t e l i j ɑ	0
hidastelu	h i d ɑ s t e l u	2
hidastinaine	h i d ɑ s t i n ɑ i̯ n eˣ	0
hidastuminen	h i d ɑ s t u m i n e n	29
hidastuskaista	h i d ɑ s t u s k ɑ i̯ s t ɑ	0
hidastuslakko	h i d ɑ s t u s l ɑ kː o	0
hidastutus	h i d ɑ s t u t u s	0
hidžra	h i d ʒ r ɑ	0
hieho	h i e̯ h o	5
hiekanajo	h i e̯ k ɑ n ɑ j o	0
hiekankeltainen	h i e̯ k ɑ n k e l t ɑ i̯ n e n	0
hiekanotto	h i e̯ k ɑ n o tː o	0
hiekansekainen	h i e̯ k ɑ n s e k ɑ i̯ n e n	0
hiekanvärinen	h i e̯ k ɑ n ʋ æ r i n e n	0
hiekka	h i e̯ kː ɑ	66
hiekkaerämaa	h i e̯ kː ɑ e r æ m ɑː	0
hiekkajyvänen	h i e̯ kː ɑ j y ʋ æ n e n	1
hiekkakakku	h i e̯ kː ɑ k ɑ kː u	0
hiekkakannas	h i e̯ kː ɑ k ɑ nː ɑ s	1
hiekkakenttä	h i e̯ kː ɑ k e n tː æ	5
hiekkakerros	h i e̯ kː ɑ k e rː o s	1
hiekkakerrostuma	h i e̯ kː ɑ k e rː o s t u m ɑ	0
hiekkakettu	h i e̯ kː ɑ k e tː u	0
hiekkakinos	h i e̯ kː ɑ k i n o s	0
hiekkakuoppa	h i e̯ kː ɑ k u o̯ pː ɑ	0
hiekkakäytävä	h i e̯ kː ɑ k æ y̯ t æ ʋ æ	0
hiekkalaatikkopeli	h i e̯ kː ɑ l ɑː t i kː o p e l i	0
hiekkalapio	h i e̯ kː ɑ l ɑ p i o	0
hiekkaleikki	h i e̯ kː ɑ l e i̯ kː i	0
hiekkamaa	h i e̯ kː ɑ m ɑː	0
hiekkamulta	h i e̯ kː ɑ m u l t ɑ	0
hiekkanummi	h i e̯ kː ɑ n u mː i	0
hiekkaperäinen	h i e̯ kː ɑ p e r æ i̯ n e n	0
hiekkapesu	h i e̯ kː ɑ p e s u	1
hiekkapiirros	h i e̯ kː ɑ p iː rː o s	0
hiekkapillu	h i e̯ kː ɑ p i lː u	0
hiekkapilvi	h i e̯ kː ɑ p i l ʋ i	0
hiekkapitoinen	h i e̯ kː ɑ p i t o i̯ n e n	2
hiekkapohja	h i e̯ kː ɑ p o h j ɑ	1
hiekkapohjainen	h i e̯ kː ɑ p o h j ɑ i̯ n e n	7
hiekkapuhallin	h i e̯ kː ɑ p u h ɑ lː i n	0
hiekkapussi	h i e̯ kː ɑ p u sː i	0
hiekkarae	h i e̯ kː ɑ r ɑ eˣ	0
hiekkaranta	h i e̯ kː ɑ r ɑ n t ɑ	27
hiekkarantainen	h i e̯ kː ɑ r ɑ n t ɑ i̯ n e n	0
hiekkasammal	h i e̯ kː ɑ s ɑ mː ɑ l	0
hiekkasäkki	h i e̯ kː ɑ s æ kː i	1
hiekkatörmä	h i e̯ kː ɑ t ø r m æ	0
hiekoitin	h i e̯ k o i̯ t i n	0
hiekoittaminen	h i e̯ k o i̯ tː ɑ m i n e n	0
hiekoitus	h i e̯ k o i̯ t u s	1
hieneritys	h i e̯ n e r i t y s	0
hienhajuinen	h i e̯ n h ɑ j u i̯ n e n	0
hieno	h i e̯ n o	355
hienohampainen	h i e̯ n o h ɑ m p ɑ i̯ n e n	0
hienohipiäinen	h i e̯ n o h i p i æ i̯ n e n	0
hienoisesti	h i e̯ n o i̯ s e s t iˣ	7
hienojakoinen	h i e̯ n o j ɑ k o i̯ n e n	4
hienojyväinen	h i e̯ n o j y ʋ æ i̯ n e n	0
hienokseltaan	h i e̯ n o k s e l t ɑː n	16
hienokuituinen	h i e̯ n o k u i̯ t u i̯ n e n	0
hienokäytöksinen	h i e̯ n o k æ y̯ t ø k s i n e n	0
hienolaatuinen	h i e̯ n o l ɑː t u i̯ n e n	1
hienoluonteinen	h i e̯ n o l u o̯ n t e i̯ n e n	0
hienomakuinen	h i e̯ n o m ɑ k u i̯ n e n	0
hienomekaanikko	h i e̯ n o m e k ɑː n i kː o	1
hienomekaaninen	h i e̯ n o m e k ɑː n i n e n	0
hienomekaniikka	h i e̯ n o m e k ɑ n iː kː ɑ	0
hienomotoriikka	h i e̯ n o m o t o r iː kː ɑ	2
hienonnella	h i e̯ n o nː e lː ɑˣ	0
hienonnus	h i e̯ n o nː u s	1
hienonnuttaa	h i e̯ n o nː u tː ɑːˣ	0
hienontaa	h i e̯ n o n t ɑː	3
hienontaa	h i e̯ n o n t ɑːˣ	3
hienontaminen	h i e̯ n o n t ɑ m i n e n	1
hienontua	h i e̯ n o n t u ɑˣ	0
hienontuminen	h i e̯ n o n t u m i n e n	0
hienopaperi	h i e̯ n o p ɑ p e r i	0
hienopaperiyksikkö	h i e̯ n o p ɑ p e r i y k s i kː ø	0
hienopesu	h i e̯ n o p e s u	2
hienopesuaine	h i e̯ n o p e s u ɑ i̯ n eˣ	1
hienopiirteinen	h i e̯ n o p iː r t e i̯ n e n	0
hienopyykki	h i e̯ n o p yː kː i	0
hienorakeinen	h i e̯ n o r ɑ k e i̯ n e n	0
hienorakennevakio	h i e̯ n o r ɑ k e nː eˣ ʋ ɑ k i o	0
hienorakenteinen	h i e̯ n o r ɑ k e n t e i̯ n e n	1
hienosahaus	h i e̯ n o s ɑ h ɑ u s	0
hienosaippua	h i e̯ n o s ɑ i̯ pː u ɑ	0
hienosedimentti	h i e̯ n o s e d i m e n tː i	0
hienostaa	h i e̯ n o s t ɑːˣ	0
hienostella	h i e̯ n o s t e lː ɑˣ	0
hienostelu	h i e̯ n o s t e l u	1
hienosto	h i e̯ n o s t o	2
hienostonainen	h i e̯ n o s t o n ɑ i̯ n e n	0
hienostuneesti	h i e̯ n o s t u n eː s t iˣ	2
hienosyinen	h i e̯ n o s y i̯ n e n	1
hienosäikeinen	h i e̯ n o s æ i̯ k e i̯ n e n	0
hienosäädin	h i e̯ n o s æː d i n	0
hienosäätää	h i e̯ n o s æː t æːˣ	8
hienotae	h i e̯ n o t ɑ eˣ	0
hienotekoinen	h i e̯ n o t e k o i̯ n e n	0
hienotunteisuus	h i e̯ n o t u n t e i̯ s uː s	1
hienotunteisuussyy	h i e̯ n o t u n t e i̯ s uː s s yː	0
hienouurresulkukotilo	h i e̯ n o uː rː eˣ s u l k u k o t i l o	0
hienovireinen	h i e̯ n o ʋ i r e i̯ n e n	3
hienoviritteinen	h i e̯ n o ʋ i r i tː e i̯ n e n	0
hiera	h i e̯ r ɑ	0
hierarkia	h i e̯ r ɑ r kː i ɑ	17
hierarkisoida	h i e̯ r ɑ r k i s o i̯ d ɑˣ	0
hierarkkisuus	h i e̯ r ɑ r kː i s uː s	2
hierin	h i e̯ r i n	0
hieroa	h i e̯ r o ɑˣ	14
hieroglyfi	h i e̯ r o ɡ l y f i	0
hieromakone	h i e̯ r o m ɑ k o n eˣ	0
hieromalaite	h i e̯ r o m ɑ l ɑ i̯ t eˣ	0
hieromalaitos	h i e̯ r o m ɑ l ɑ i̯ t o s	0
hieronta	h i e̯ r o n t ɑ	28
hierontahoito	h i e̯ r o n t ɑ h o i̯ t o	0
hierontapalvelu	h i e̯ r o n t ɑ p ɑ l ʋ e l u	1
hieroskella	h i e̯ r o s k e lː ɑˣ	0
hieroskelu	h i e̯ r o s k e l u	0
hieroutuminen	h i e̯ r o u t u m i n e n	0
hiertyminen	h i e̯ r t y m i n e n	0
hiertymä	h i e̯ r t y m æ	0
hiertyä	h i e̯ r t y æˣ	1
hiertäminen	h i e̯ r t æ m i n e n	1
hiertämö	h i e̯ r t æ m ø	0
hiertää	h i e̯ r t æːˣ	8
hiesu	h i e̯ s u	0
hiesumaa	h i e̯ s u m ɑː	0
hiesusavi	h i e̯ s u s ɑ ʋ i	0
hieta	h i e̯ t ɑ	4
hietahai	h i e̯ t ɑ h ɑ i̯	0
hietaheinäperhonen	h i e̯ t ɑ h e i̯ n æ p e r h o n e n	0
hietainen	h i e̯ t ɑ i̯ n e n	0
hietakampela	h i e̯ t ɑ k ɑ m p e l ɑ	0
hietakurki	h i e̯ t ɑ k u r k i	0
hietakäärme	h i e̯ t ɑ k æː r m eˣ	0
hietala	h i e̯ t ɑ l ɑ	51
hietamaa	h i e̯ t ɑ m ɑː	0
hietamato	h i e̯ t ɑ m ɑ t o	0
hietamonninen	h i e̯ t ɑ m o nː i n e n	0
hietamoreenimaa	h i e̯ t ɑ m o r eː n i m ɑː	0
hietapistiäinen	h i e̯ t ɑ p i s t i æ i̯ n e n	0
hietasavi	h i e̯ t ɑ s ɑ ʋ i	0
hietatiira	h i e̯ t ɑ t iː r ɑ	0
hietatokko	h i e̯ t ɑ t o kː o	1
hietikkoinen	h i e̯ t i kː o i̯ n e n	0
hietikkopyy	h i e̯ t i kː o p yː	0
hievahdus	h i e̯ ʋ ɑ h d u s	0
hievahtaa	h i e̯ ʋ ɑ h t ɑːˣ	0
hievahtamatta	h i e̯ ʋ ɑ h t ɑ m ɑ tː ɑ	3
hievahtaminen	h i e̯ ʋ ɑ h t ɑ m i n e n	0
hievautus	h i e̯ ʋ ɑ u t u s	0
hiffaaminen	h i fː ɑː m i n e n	0
hifilaite	h i f i l ɑ i̯ t eˣ	0
hifk	h i f k i	69
hifk	h o̞ːˑ iːˑ æ fˑ k o̞ː	69
hiha	h i h ɑ	2
hihalauta	h i h ɑ l ɑ u̯ t ɑ	0
hihalyönti	h i h ɑ l y ø̯ n t i	1
hihamerkki	h i h ɑ m e r kː i	3
hihankäänne	h i h ɑ n k æː nː eˣ	0
hihanpidike	h i h ɑ n p i d i k eˣ	0
hihansuu	h i h ɑ n s uː	0
hihhuli	h i hː u l i	0
hihhulikokous	h i hː u l i k o k o u s	0
hihitellä	h i h i t e lː æˣ	0
hihitteleminen	h i h i tː e l e m i n e n	0
hihittäminen	h i h i tː æ m i n e n	0
hihittää	h i h i tː æːˣ	0
hihkaisu	h i h k ɑ i̯ s u	0
hihna	h i h n ɑ	8
hihnakenkä	h i h n ɑ k e ŋ k æ	0
hihnakuljetin	h i h n ɑ k u l j e t i n	0
hihnakäyttöinen	h i h n ɑ k æ y̯ tː ø i̯ n e n	0
hihnanjakaja	h i h n ɑ n j ɑ k ɑ j ɑ	0
hihnapyörä	h i h n ɑ p y ø̯ r æ	2
hihnavälitys	h i h n ɑ ʋ æ l i t y s	0
hihnoitus	h i h n o i̯ t u s	0
hiihdonopettaja	h iː h d o n o p e tː ɑ j ɑ	0
hiihdonopetus	h iː h d o n o p e t u s	0
hiihtarit	h iː h t ɑ r i t	0
hiihtely	h iː h t e l y	0
hiihtoaika	h iː h t o ɑ i̯ k ɑ	0
hiihtoakrobatia	h iː h t o ɑ k r o b ɑ t i ɑ	0
hiihtoareena	h iː h t o ɑ r eː n ɑ	0
hiihtoasu	h iː h t o ɑ s u	0
hiihtoeliitti	h iː h t o e l iː tː i	0
hiihtoesteratsastus	h iː h t o e s t eˣ r ɑ t s ɑ s t u s	0
hiihtohissi	h iː h t o h i sː i	0
hiihtojohtaja	h iː h t o j o h t ɑ j ɑ	0
hiihtojoukko	h iː h t o j o u̯ kː o	0
hiihtojoukkue	h iː h t o j o u̯ kː u eˣ	0
hiihtojoukot	h iː h t o j o u̯ k o t	0
hiihtojuhla	h iː h t o j u h l ɑ	0
hiihtokausi	h iː h t o k ɑ u̯ s i	5
hiihtokeli	h iː h t o k e l i	1
hiihtokilpailu	h iː h t o k i l p ɑ i̯ l u	0
hiihtokisa	h iː h t o k i s ɑ	0
hiihtokuningas	h iː h t o k u n i ŋː ɑ s	0
hiihtokäsine	h iː h t o k æ s i n eˣ	0
hiihtolaji	h iː h t o l ɑ j i	0
hiihtolatu	h iː h t o l ɑ t u	14
hiihtoleiri	h iː h t o l e i̯ r i	0
hiihtolenkki	h iː h t o l e ŋ kː i	1
hiihtoloma	h iː h t o l o m ɑ	3
hiihtolukio	h iː h t o l u k i o	0
hiihtomaajoukkue	h iː h t o m ɑː j o u̯ kː u eˣ	0
hiihtomaasto	h iː h t o m ɑː s t o	0
hiihtomaja	h iː h t o m ɑ j ɑ	5
hiihtomatka	h iː h t o m ɑ t k ɑ	2
hiihtomäki	h iː h t o m æ k i	0
hiihtopartio	h iː h t o p ɑ r t i o	0
hiihtopuku	h iː h t o p u k u	0
hiihtopäivä	h iː h t o p æ i̯ ʋ æ	3
hiihtoretki	h iː h t o r e t k i	4
hiihtoseura	h iː h t o s e u̯ r ɑ	29
hiihtosirkus	h iː h t o s i r k u s	0
hiihtostadion	h iː h t o s t ɑ d i o n	1
hiihtosuunnistus	h iː h t o s uː nː i s t u s	1
hiihtotapa	h iː h t o t ɑ p ɑ	1
hiihtotekniikka	h iː h t o t e k n iː kː ɑ	0
hiihtoura	h iː h t o u r ɑ	1
hiihtourheilu	h iː h t o u r h e i̯ l u	1
hiihtovaellus	h iː h t o ʋ ɑ e lː u s	0
hiihtovaruste	h iː h t o ʋ ɑ r u s t eˣ	0
hiihtovauhti	h iː h t o ʋ ɑ u̯ h t i	0
hiihtoyleisö	h iː h t o y l e i̯ s ø	0
hiihtää	h iː h t æːˣ	33
hiilari	h iː l ɑ r i	0
hiilenmusta	h iː l e n m u s t ɑ	0
hiilenpolttaja	h iː l e n p o l tː ɑ j ɑ	0
hiilenpoltto	h iː l e n p o l tː o	0
hiilensidonta	h iː l e n s i d o n t ɑ	0
hiilentuotanto	h iː l e n t u o̯ t ɑ n t o	1
hiilestää	h iː l e s t æːˣ	0
hiilettäminen	h iː l e tː æ m i n e n	0
hiiletys	h iː l e t y s	0
hiiletyskarkaisu	h iː l e t y s k ɑ r k ɑ i̯ s u	0
hiili	h iː l i	36
hiiliatomi	h iː l i ɑ t o m i	0
hiilidioksidi	h iː l i d i o k s i d i	30
hiilidioksidiekvivalentti	h iː l i d i o k s i d i e k ʋ i ʋ ɑ l e n tː i	0
hiilidioksidikupla	h iː l i d i o k s i d i k u p l ɑ	0
hiilidioksidinielu	h iː l i d i o k s i d i n i e̯ l u	0
hiilidioksidipitoisuus	h iː l i d i o k s i d i p i t o i̯ s uː s	3
hiilidioksidipäästö	h iː l i d i o k s i d i p æː s t ø	2
hiilidioksidituotanto	h iː l i d i o k s i d i t u o̯ t ɑ n t o	0
hiiligrilli	h iː l i ɡ r i lː i	1
hiilihappoinen	h iː l i h ɑ pː o i̯ n e n	0
hiilihappolannoitus	h iː l i h ɑ pː o l ɑ nː o i̯ t u s	0
hiilihapposammutin	h iː l i h ɑ pː o s ɑ mː u t i n	1
hiilihappovesi	h iː l i h ɑ pː o ʋ e s i	0
hiiliharja	h iː l i h ɑ r j ɑ	0
hiilikaasu	h iː l i k ɑː s u	0
hiilikala	h iː l i k ɑ l ɑ	0
hiilikerros	h iː l i k e rː o s	0
hiiliketju	h iː l i k e t j u	0
hiilikoukku	h iː l i k o u̯ kː u	0
hiilikuituinen	h iː l i k u i̯ t u i̯ n e n	0
hiilikuitumaila	h iː l i k u i̯ t u m ɑ i̯ l ɑ	0
hiilikuituvahvisteinen	h iː l i k u i̯ t u ʋ ɑ h ʋ i s t e i̯ n e n	0
hiilikuituvapa	h iː l i k u i̯ t u ʋ ɑ p ɑ	0
hiilikuljetus	h iː l i k u l j e t u s	0
hiililaiva	h iː l i l ɑ i̯ ʋ ɑ	0
hiililapio	h iː l i l ɑ p i o	0
hiililasti	h iː l i l ɑ s t i	0
hiililämmitys	h iː l i l æ mː i t y s	0
hiilimiilu	h iː l i m iː l u	1
hiilimurska	h iː l i m u r s k ɑ	0
hiilimurskarata	h iː l i m u r s k ɑ r ɑ t ɑ	0
hiilinanoputki	h iː l i n ɑ n o p u t k i	0
hiilineutraali	h iː l i n e u̯ t r ɑː l i	0
hiilinielu	h iː l i n i e̯ l u	0
hiilipihdit	h iː l i p i h d i t	0
hiilipiirros	h iː l i p iː rː o s	1
hiilipiirustus	h iː l i p iː r u s t u s	1
hiilipitoisuus	h iː l i p i t o i̯ s uː s	1
hiilipöly	h iː l i p ø l y	2
hiilisatama	h iː l i s ɑ t ɑ m ɑ	0
hiilisilakka	h iː l i s i l ɑ kː ɑ	0
hiilisäiliö	h iː l i s æ i̯ l i ø	0
hiilitabletti	h iː l i t ɑ b l e tː i	0
hiilitase	h iː l i t ɑ s eˣ	0
hiilityö	h iː l i t y ø̯	0
hiilivalkea	h iː l i ʋ ɑ l k e ɑ	0
hiilivarasto	h iː l i ʋ ɑ r ɑ s t o	2
hiilivarat	h iː l i ʋ ɑ r ɑ t	1
hiilivety	h iː l i ʋ e t y	3
hiilivirta	h iː l i ʋ i r t ɑ	2
hiiliyhdiste	h iː l i y h d i s t eˣ	1
hiilloskala	h iː lː o s k ɑ l ɑ	0
hiillostaminen	h iː lː o s t ɑ m i n e n	0
hiillytys	h iː lː y t y s	0
hiilto	h iː l t o	0
hiiltyminen	h iː l t y m i n e n	0
hiiltä	h iː l t æ	34
hiilusta	h iː l u s t ɑ	0
hiiop	h iː o p	0
hiipiminen	h iː p i m i n e n	0
hiipivästi	h iː p i ʋ æ s t iˣ	0
hiipiä	h iː p i æˣ	10
hiippaileminen	h iː pː ɑ i̯ l e m i n e n	0
hiippailu	h iː pː ɑ i̯ l u	0
hiippakuntakokous	h iː pː ɑ k u n t ɑ k o k o u s	0
hiippakuntakuoro	h iː pː ɑ k u n t ɑ k u o̯ r o	0
hiippakuntasihteeri	h iː pː ɑ k u n t ɑ s i h t eː r i	1
hiippakuntavaltuusto	h iː pː ɑ k u n t ɑ ʋ ɑ l t uː s t o	1
hiippalakki	h iː pː ɑ l ɑ kː i	1
hiipuminen	h iː p u m i n e n	12
hiirenharmaa	h iː r e n h ɑ r m ɑː	0
hiirenherne	h iː r e n h e r n eˣ	0
hiirenhiljaa	h iː r e n h i l j ɑː	0
hiirenhiljainen	h iː r e n h i l j ɑ i̯ n e n	0
hiirenhiljaisuus	h iː r e n h i l j ɑ i̯ s uː s	1
hiirenhäntä	h iː r e n h æ n t æ	1
hiirenkolo	h iː r e n k o l o	0
hiirenpyydys	h iː r e n p yː d y s	0
hiirenvirna	h iː r e n ʋ i r n ɑ	0
hiiri	h iː r i	90
hiiribaari	h iː r i b ɑː r i	0
hiirihamsteri	h iː r i h ɑ m s t e r i	0
hiirikäsi	h iː r i k æ s i	1
hiirilavantauti	h iː r i l ɑ ʋ ɑ n t ɑ u̯ t i	0
hiirilintu	h iː r i l i n t u	0
hiiriopossumi	h iː r i o p o sː u m i	0
hiisi	h iː s i	14
hiiskumaton	h iː s k u m ɑ t o n	0
hiiskumatta	h iː s k u m ɑ tː ɑ	2
hiiskuminen	h iː s k u m i n e n	0
hiissata	h iː sː ɑ t ɑˣ	0
hiittä	h iː tː æ	0
hiiva	h iː ʋ ɑ	22
hiivakäyminen	h iː ʋ ɑ k æ y̯ m i n e n	0
hiivaleipä	h iː ʋ ɑ l e i̯ p æ	0
hiivaleipäjauho	h iː ʋ ɑ l e i̯ p æ j ɑ u̯ h o	0
hiivasienitauti	h iː ʋ ɑ s i e̯ n i t ɑ u t i	0
hiivasyndrooma	h iː ʋ ɑ s y n d r oː m ɑ	0
hiivatauti	h iː ʋ ɑ t ɑ u̯ t i	0
hiivatehdas	h iː ʋ ɑ t e h d ɑ s	1
hiivatinmoinen	h iː ʋ ɑ t i n m o i̯ n e n	0
hiivatisti	h iː ʋ ɑ t i s t iˣ	0
hiivatulehdus	h iː ʋ ɑ t u l e h d u s	1
hiivauute	h iː ʋ ɑ uː t eˣ	0
hiiviskely	h iː ʋ i s k e l y	0
hiivittää	h iː ʋ i tː æːˣ	0
hikata	h i k ɑ t ɑˣ	0
hikeentyminen	h i k eː n t y m i n e n	0
hikevyys	h i k e ʋ yː s	1
hiki	h i k i	42
hikihelmi	h i k i h e l m i	0
hikihihna	h i k i h i h n ɑ	0
hikijumppa	h i k i j u m pː ɑ	1
hikikarpalo	h i k i k ɑ r p ɑ l o	0
hikilappu	h i k i l ɑ pː u	0
hikilaudat	h i k i l ɑ u̯ d ɑ t	0
hikiliina	h i k i l iː n ɑ	0
hikipaja	h i k i p ɑ j ɑ	0
hikipisara	h i k i p i s ɑ r ɑ	0
hikipäissä	h i k i p æ i̯ sː æ	0
hikipäissään	h i k i p æ i̯ sː æː n	0
hikirauhanen	h i k i r ɑ u̯ h ɑ n e n	1
hikirätti	h i k i r æ tː i	0
hikisesti	h i k i s e s t iˣ	1
hikisyys	h i k i s yː s	0
hikitahra	h i k i t ɑ h r ɑ	0
hikka	h i kː ɑ	3
hikke	h i kː e	0
hikkori	h i kː o r i	0
hikkoripuu	h i kː o r i p uː	0
hikoilevainen	h i k o i̯ l e ʋ ɑ i̯ n e n	0
hikoilla	h i k o i̯ lː ɑˣ	7
hikotella	h i k o t e lː ɑˣ	0
hikottaa	h i k o tː ɑːˣ	0
hikottelu	h i k o tː e l u	0
hikotus	h i k o t u s	0
hila	h i l ɑ	1
hilaenergia	h i l ɑ e n e r ɡ i ɑ	0
hilapiste	h i l ɑ p i s t eˣ	0
hilarakenne	h i l ɑ r ɑ k e nː eˣ	0
hilaus	h i l ɑ u s	0
hilda	h i l d ɑ	17
hilja	h i l j ɑ	20
hiljaa	h i l j ɑː	284
hiljainen	h i l j ɑ i̯ n e n	146
hiljaiselo	h i l j ɑ i̯ s e l o	4
hiljaisuus	h i l j ɑ i̯ s uː s	84
hiljakkoin	h i l j ɑ kː o i̯ n	9
hiljan	h i l j ɑ n	15
hiljemmalla	h i l j e mː ɑ lː ɑ	0
hiljemmalle	h i l j e mː ɑ lː eˣ	0
hiljemmin	h i l j e mː i n	0
hiljemmälle	h i l j e mː æ lː eˣ	0
hiljemmällä	h i l j e mː æ lː æ	0
hiljeneminen	h i l j e n e m i n e n	2
hiljennys	h i l j e nː y s	0
hiljentyminen	h i l j e n t y m i n e n	5
hiljentymätön	h i l j e n t y m æ t ø n	0
hilkka	h i l kː ɑ	118
hilkulla	h i l k u lː ɑ	3
hilla	h i lː ɑ	8
hille	h i lː e	6
hilleri	h i lː e r i	1
hillevi	h i lː e ʋ i	6
hillike	h i lː i k eˣ	0
hillitsemishäiriö	h i lː i t s e m i s h æ i̯ r i ø	0
hillitä	h i lː i t æˣ	40
hillo	h i lː o	3
hillomarja	h i lː o m ɑ r j ɑ	1
hillottaa	h i lː o tː ɑːˣ	0
hillotäytteinen	h i lː o t æ y̯ tː e i̯ n e n	0
hillotölkki	h i lː o t ø l kː i	0
hillovoileipä	h i lː o ʋ o i̯ l e i̯ p æ	0
hilluminen	h i lː u m i n e n	0
hilma	h i l m ɑ	15
hilpari	h i l p ɑ r i	0
hilpi	h i l p i	0
hilppa	h i l pː ɑ	6
hilse	h i l s eˣ	2
hilseillä	h i l s e i̯ lː æ	0
hilseillä	h i l s e i̯ lː æˣ	0
hilseinen	h i l s e i̯ n e n	0
hilsesampoo	h i l s eˣ s ɑ m pː oː	0
hilsesampoo	h i l s eˣ ʃ ɑ m pː oː	0
hilsetys	h i l s e t y s	0
hilsetystauti	h i l s e t y s t ɑ u̯ t i	1
hiltunen	h i l t u n e n	144
himmennys	h i mː e nː y s	2
himmentyminen	h i mː e n t y m i n e n	0
himmentymätön	h i mː e n t y m æ t ø n	1
himmentäminen	h i mː e n t æ m i n e n	0
himmeys	h i mː e y s	0
himmeä	h i mː e æ	17
himmeäkiiltoinen	h i mː e æ k iː l t o i̯ n e n	0
himmeäpintainen	h i mː e æ p i n t ɑ i̯ n e n	0
himo	h i m o	11
himoita	h i m o i̯ t ɑˣ	1
himoitseminen	h i m o i̯ t s e m i n e n	0
himokas	h i m o k ɑ s	0
himomurha	h i m o m u r h ɑ	0
himomurhaaja	h i m o m u r h ɑː j ɑ	0
himopelaaja	h i m o p e l ɑː j ɑ	0
himopolttaja	h i m o p o l tː ɑ j ɑ	0
himoruoka	h i m o r u o̯ k ɑ	0
himottaa	h i m o tː ɑːˣ	0
himourheilija	h i m o u r h e i̯ l i j ɑ	1
himppu	h i m pː u	0
himpun	h i m p u n	8
hina	h i n ɑ	0
hinaaminen	h i n ɑː m i n e n	2
hinailla	h i n ɑ i̯ lː ɑˣ	0
hinailu	h i n ɑ i̯ l u	1
hinaus	h i n ɑ u s	2
hinausköysi	h i n ɑ u s k ø y̯ s i	3
hinausvaijeri	h i n ɑ u s ʋ ɑ i̯ j e r i	1
hinauttaminen	h i n ɑ u tː ɑ m i n e n	0
hinautus	h i n ɑ u t u s	0
hindinkielinen	h i n d i n k i e̯ l i n e n	0
hinkalo	h i ŋ k ɑ l o	0
hinkuminen	h i ŋ k u m i n e n	0
hinkuyskä	h i ŋ k u y s k æ	3
hinnakas	h i nː ɑ k ɑ s	0
hinnanalennus	h i nː ɑ n ɑ l e nː u s	5
hinnanalennuskorvaus	h i nː ɑ n ɑ l e nː u s k o r ʋ ɑ u s	1
hinnanero	h i nː ɑ n e r o	0
hinnankorotus	h i nː ɑ n k o r o t u s	4
hinnanlasku	h i nː ɑ n l ɑ s k u	1
hinnanmuodostus	h i nː ɑ n m u o̯ d o s t u s	1
hinnanmuutos	h i nː ɑ n m uː t o s	2
hinnannousu	h i nː ɑ n n o u̯ s u	8
hinnantasaus	h i nː ɑ n t ɑ s ɑ u s	0
hinnanvaihtelu	h i nː ɑ n ʋ ɑ i̯ h t e l u	0
hinnaton	h i nː ɑ t o n	0
hinnoittaja	h i nː o i̯ tː ɑ j ɑ	0
hinnoittaminen	h i nː o i̯ tː ɑ m i n e n	0
hinnoitteleminen	h i nː o i̯ tː e l e m i n e n	0
hinnoitus	h i nː o i̯ t u s	0
hinta	h i n t ɑ	2391
hintaero	h i n t ɑ e r o	16
hintahaarukka	h i n t ɑ h ɑː r u kː ɑ	7
hintahaitari	h i n t ɑ h ɑ i̯ t ɑ r i	7
hintailmoittelu	h i n t ɑ i l m o i̯ tː e l u	0
hintailmoitus	h i n t ɑ i l m o i̯ t u s	0
hintajousto	h i n t ɑ j o u̯ s t o	1
hintakehitys	h i n t ɑ k e h i t y s	16
hintakilpailu	h i n t ɑ k i l p ɑ i̯ l u	7
hintakilpailukyky	h i n t ɑ k i l p ɑ i̯ l u k y k y	6
hintakilpailukykyinen	h i n t ɑ k i l p ɑ i̯ l u k y k y i̯ n e n	0
hintaluettelo	h i n t ɑ l u e tː e l o	1
hintaluokka	h i n t ɑ l u o̯ kː ɑ	5
hintapolitiikka	h i n t ɑ p o l i t iː kː ɑ	2
hintapyyntö	h i n t ɑ p yː n t ø	6
hintasota	h i n t ɑ s o t ɑ	0
hintasulku	h i n t ɑ s u l k u	1
hintasäännöstely	h i n t ɑ s æː nː ø s t e l y	0
hintatakuu	h i n t ɑ t ɑ k uː	0
hintatarjous	h i n t ɑ t ɑ r j o u s	1
hintatarkastaja	h i n t ɑ t ɑ r k ɑ s t ɑ j ɑ	0
hintatieto	h i n t ɑ t i e̯ t o	0
hintatietoinen	h i n t ɑ t i e̯ t o i̯ n e n	0
hintatietoisuus	h i n t ɑ t i e̯ t o i̯ s uː s	1
hintatuki	h i n t ɑ t u k i	2
hintavaihtelu	h i n t ɑ ʋ ɑ i̯ h t e l u	1
hintavalvonta	h i n t ɑ ʋ ɑ l ʋ o n t ɑ	0
hintavertailu	h i n t ɑ ʋ e r t ɑ i̯ l u	10
hintaviranomainen	h i n t ɑ ʋ i r ɑ n o m ɑ i̯ n e n	0
hintavyöry	h i n t ɑ ʋ y ø̯ r y	0
hintelyys	h i n t e l yː s	0
hinteläkasvuinen	h i n t e l æ k ɑ s ʋ u i̯ n e n	0
hintti	h i n tː i	1
hinttiys	h i n tː i y s	0
hinuri	h i n u r i	0
hioa	h i o ɑˣ	44
hioin	h i o i̯ n	0
hioja	h i o j ɑ	0
hiokepitoinen	h i o k eˣ p i t o i̯ n e n	1
hiokkeeton	h i o kː eː t o n	0
hiomahihna	h i o m ɑ h i h n ɑ	0
hiomalaikka	h i o m ɑ l ɑ i̯ kː ɑ	0
hiomanauha	h i o m ɑ n ɑ u̯ h ɑ	0
hiomapinta	h i o m ɑ p i n t ɑ	0
hiomapyörö	h i o m ɑ p y ø̯ r ø	0
hiomattomuus	h i o m ɑ tː o m uː s	1
hiomaverkko	h i o m ɑ ʋ e r kː o	0
hiominen	h i o m i n e n	11
hiontamuoto	h i o n t ɑ m u o̯ t o	0
hios	h i o s	0
hiostaa	h i o s t ɑːˣ	0
hiostaminen	h i o s t ɑ m i n e n	0
hiostuminen	h i o s t u m i n e n	0
hiostus	h i o s t u s	0
hiota	h i o t ɑˣ	1
hiottu	h i o tː u	35
hioutuminen	h i o u t u m i n e n	1
hioutuneisuus	h i o u t u n e i̯ s uː s	0
hipaiseminen	h i p ɑ i̯ s e m i n e n	0
hipaisukytkin	h i p ɑ i̯ s u k y t k i n	0
hipaisunäppäin	h i p ɑ i̯ s u n æ pː æ i̯ n	0
hipat	h i p ɑ t	0
hipelöiminen	h i p e l ø i̯ m i n e n	1
hipelöinti	h i p e l ø i̯ n t i	2
hiphoppari	h i p h o pː ɑ r i	0
hipiä	h i p i æ	3
hiplailla	h i p l ɑ i̯ lː ɑ	0
hiplailu	h i p l ɑ i̯ l u	0
hiplata	h i p l ɑ t ɑˣ	0
hiplaus	h i p l ɑ u s	0
hipoa	h i p o ɑˣ	0
hipoen	h i p o e n	11
hipoilla	h i p o i̯ lː ɑ	0
hipoilla	h i p o i̯ lː ɑˣ	0
hippaleikki	h i pː ɑ l e i̯ kː i	0
hippalot	h i pː ɑ l o t	0
hippasilla	h i pː ɑ s i lː ɑ	1
hippasille	h i pː ɑ s i lː eˣ	0
hippiaate	h i pː i ɑː t eˣ	0
hippikulttuuri	h i pː i k u l tː uː r i	0
hippiliike	h i pː i l iː k eˣ	1
hippimuoti	h i pː i m u o̯ t i	0
hippimusiikki	h i pː i m u s iː kː i	0
hippokraattinen	h i pː o k r ɑː tː i n e n	0
hippoterapia	h i pː o t e r ɑ p i ɑ	0
hippulat	h i pː u l ɑ t	0
hipsu	h i p s u	2
hipsutella	h i p s u t e lː ɑˣ	0
hipsuttaminen	h i p s u tː ɑ m i n e n	0
hipsuttelu	h i p s u tː e l u	0
hipsutus	h i p s u t u s	0
hirmu	h i r m u	9
hirmuhallinto	h i r m u h ɑ lː i n t o	0
hirmuhallitus	h i r m u h ɑ lː i t u s	0
hirmuhauska	h i r m u h ɑ u̯ s k ɑ	0
hirmuhelle	h i r m u h e lː eˣ	0
hirmuisuus	h i r m u i̯ s uː s	0
hirmukunto	h i r m u k u n t o	0
hirmulisko	h i r m u l i s k o	0
hirmusuuri	h i r m u s uː r i	0
hirmuteko	h i r m u t e k o	1
hirmutulos	h i r m u t u l o s	0
hirmutyö	h i r m u t y ø̯	0
hirmuvalta	h i r m u ʋ ɑ l t ɑ	0
hirmuvaltainen	h i r m u ʋ ɑ l t ɑ i̯ n e n	0
hirnahdus	h i r n ɑ h d u s	0
hirnua	h i r n u ɑˣ	0
hirnuminen	h i r n u m i n e n	0
hirnunta	h i r n u n t ɑ	0
hirsi	h i r s i	11
hirsiaita	h i r s i ɑ i̯ t ɑ	1
hirsiaitta	h i r s i ɑ i̯ tː ɑ	0
hirsihuvila	h i r s i h u ʋ i l ɑ	2
hirsikehikko	h i r s i k e h i kː o	1
hirsikerros	h i r s i k e rː o s	0
hirsikerta	h i r s i k e r t ɑ	2
hirsikota	h i r s i k o t ɑ	2
hirsikoulu	h i r s i k o u̯ l u	1
hirsimaja	h i r s i m ɑ j ɑ	0
hirsipaneeli	h i r s i p ɑ n eː l i	1
hirsirakenne	h i r s i r ɑ k e nː eˣ	2
hirsirakennus	h i r s i r ɑ k e nː u s	7
hirsisalvos	h i r s i s ɑ l ʋ o s	0
hirsiseinä	h i r s i s e i̯ n æ	3
hirssi	ç̞ i r sː i	4
hirssiryyni	h i r sː i r yː n i	0
hirssisara	h i r sː i s ɑ r ɑ	0
hirssisuurimo	h i r sː i s uː r i m o	0
hirsutismi	h i r s u t i s m i	4
hirtehinen	h i r t e h i n e n	0
hirtehishuumori	h i r t e h i s h uː m o r i	0
hirttonaru	h i r tː o n ɑ r u	0
hirttonuora	h i r tː o n u o̯ r ɑ	0
hirttopaikka	h i r tː o p ɑ i̯ kː ɑ	2
hirttopuu	h i r tː o p uː	0
hirttäjä	h i r tː æ j æ	0
hirttäjäiset	h i r tː æ j æ i̯ s e t	0
hirttäminen	h i r tː æ m i n e n	1
hirttämätön	h i r tː æ m æ t ø n	0
hirttäytyä	h i r tː æ y t y æˣ	2
hirttää	h i r tː æːˣ	1
hirudiini	h i r u d iː n i	0
hirvas	h i r ʋ ɑ s	2
hirvenajo	h i r ʋ e n ɑ j o	0
hirvenjuuri	h i r ʋ e n j uː r i	0
hirvenjäkälä	h i r ʋ e n j æ k æ l æ	0
hirvenkaato	h i r ʋ e n k ɑː t o	0
hirvenkaatolupa	h i r ʋ e n k ɑː t o l u p ɑ	0
hirvenmetsästys	h i r ʋ e n m e t s æ s t y s	4
hirvenmetsästäjä	h i r ʋ e n m e t s æ s t æ j æ	1
hirvennahka	h i r ʋ e n n ɑ h k ɑ	1
hirvenpyynti	h i r ʋ e n p yː n t i	1
hirvenpää	h i r ʋ e n p æː	1
hirvensalmelainen	h i r ʋ e n s ɑ l m e l ɑ i̯ n e n	0
hirvensalmi	h i r ʋ e n s ɑ l m i	9
hirvensarvensuola	h i r ʋ e n s ɑ r ʋ e n s u o̯ l ɑ	0
hirvensarvenöljy	h i r ʋ e n s ɑ r ʋ e n ø l j y	0
hirvensarvi	h i r ʋ e n s ɑ r ʋ i	0
hirvensarvisuola	h i r ʋ e n s ɑ r ʋ i s u o̯ l ɑ	0
hirvenvasikka	h i r ʋ e n ʋ ɑ s i kː ɑ	0
hirvestys	h i r ʋ e s t y s	0
hirvestyskausi	h i r ʋ e s t y s k ɑ u̯ s i	0
hirvestäminen	h i r ʋ e s t æ m i n e n	0
hirvetä	h i r ʋ e t æˣ	0
hirveys	h i r ʋ e y s	0
hirveä	h i r ʋ e æ	59
hirveä	h i r ʋ e æˣ	59
hirvi	h i r ʋ i	77
hirviantilooppi	h i r ʋ i ɑ n t i l oː pː i	0
hirvikanta	h i r ʋ i k ɑ n t ɑ	8
hirvikeitto	h i r ʋ i k e i̯ tː o	0
hirvikivääri	h i r ʋ i k i ʋ æː r i	0
hirvikolari	h i r ʋ i k o l ɑ r i	1
hirvikärpänen	h i r ʋ i k æ r p æ n e n	1
hirvilupa	h i r ʋ i l u p ɑ	0
hirvipaisti	h i r ʋ i p ɑ i̯ s t i	0
hirvipeili	h i r ʋ i p e i̯ l i	0
hirviporukka	h i r ʋ i p o r u kː ɑ	0
hirvittäminen	h i r ʋ i tː æ m i n e n	0
hirvittävyys	h i r ʋ i tː æ ʋ yː s	0
hirvittävästi	h i r ʋ i tː æ ʋ æ s t iˣ	7
hirvituho	h i r ʋ i t u h o	1
hirvivahinko	h i r ʋ i ʋ ɑ h i ŋ k o	0
hirvivahinkovakuutus	h i r ʋ i ʋ ɑ h i ŋ k o ʋ ɑ k uː t u s	0
hirvonen	h i r ʋ o n e n	111
his	h i s	7
hisahdus	h i s ɑ h d u s	0
hisahtaminen	h i s ɑ h t ɑ m i n e n	0
hisaus	h i s ɑ u s	0
hissa	h i sː ɑ	3
hissiaukko	h i sː i ɑ u kː o	0
hissikoneisto	h i sː i k o n e i̯ s t o	0
hissikori	h i sː i k o r i	1
hissikortti	h i sː i k o r tː i	0
hissikuilu	h i sː i k u i̯ l u	1
hissinkuljettaja	h i sː i n k u l j e tː ɑ j ɑ	0
hissiteollisuus	h i sː i t e o lː i s uː s	0
hissivalaisin	h i sː i ʋ ɑ l ɑ i̯ s i n	0
hissukseen	h i sː u k s eː n	6
hissuksiin	h i sː u k s iː n	1
hissun	h i sː u n	4
hissutella	h i sː u t e lː ɑˣ	0
hissuttelu	h i sː u tː e l u	0
histidyyli	h i s t i d yː l i	0
histiosyytti	h i s t i o s yː tː i	0
histogramma	h i s t o ɡ r ɑ mː ɑ	3
histologinen	h i s t o l o ɡ i n e n	6
histoni	h i s t o n i	0
histopatologi	h i s t o p ɑ t o l o ɡ i	0
histopatologia	h i s t o p ɑ t o l o ɡ i ɑ	0
historia	h i s t o r i ɑ	744
historiakirja	h i s t o r i ɑ k i r j ɑ	1
historiallisperäinen	h i s t o r i ɑ lː i s p e r æ i̯ n e n	0
historiamaalaus	h i s t o r i ɑ m ɑː l ɑ u s	0
historiankirja	h i s t o r i ɑ n k i r j ɑ	0
historiankirjoittaja	h i s t o r i ɑ n k i r j o i̯ tː ɑ j ɑ	2
historiankäsitys	h i s t o r i ɑ n k æ s i t y s	3
historianmukainen	h i s t o r i ɑ n m u k ɑ i̯ n e n	0
historianopettaja	h i s t o r i ɑ n o p e tː ɑ j ɑ	3
historiantakainen	h i s t o r i ɑ n t ɑ k ɑ i̯ n e n	0
historiantunti	h i s t o r i ɑ n t u n t i	0
historiantutkija	h i s t o r i ɑ n t u t k i j ɑ	8
historiantutkimus	h i s t o r i ɑ n t u t k i m u s	7
historianvastainen	h i s t o r i ɑ n ʋ ɑ s t ɑ i̯ n e n	0
historiateos	h i s t o r i ɑ t e o s	9
historiatiede	h i s t o r i ɑ t i e̯ d eˣ	1
historioiminen	h i s t o r i o i̯ m i n e n	0
historisismi	h i s t o r i s i s m i	0
historismi	h i s t o r i s m i	1
histrioninen	h i s t r i o n i n e n	0
hitaasti	h i t ɑː s t iˣ	460
hitausmomentti	h i t ɑ u s m o m e n tː i	3
hitonmoinen	h i t o n m o i̯ n e n	1
hitsaamo	h i t s ɑː m o	0
hitsaus	h i t s ɑ u s	25
hitsauskaasu	h i t s ɑ u s k ɑː s u	0
hitsauskipinä	h i t s ɑ u s k i p i n æ	0
hitsauskypärä	h i t s ɑ u s k y p æ r æ	0
hitsauslaite	h i t s ɑ u s l ɑ i̯ t eˣ	1
hitsauslanka	h i t s ɑ u s l ɑ ŋ k ɑ	0
hitsauslasi	h i t s ɑ u s l ɑ s i	0
hitsauslasit	h i t s ɑ u s l ɑ s i t	0
hitsausliekki	h i t s ɑ u s l i e̯ kː i	0
hitsausmaski	h i t s ɑ u s m ɑ s k i	0
hitsauspaja	h i t s ɑ u s p ɑ j ɑ	0
hitsauspilli	h i t s ɑ u s p i lː i	0
hitsauspistooli	h i t s ɑ u s p i s t oː l i	1
hitsauspoltin	h i t s ɑ u s p o l t i n	0
hitsauspuikko	h i t s ɑ u s p u i̯ kː o	0
hitsaussauma	h i t s ɑ u s s ɑ u̯ m ɑ	0
hitsaussuojain	h i t s ɑ u s s u o̯ j ɑ i̯ n	0
hitsausvirta	h i t s ɑ u s ʋ i r t ɑ	2
hitsi	h i t s i	7
hitti	h i tː i	26
hittolainen	h i tː o l ɑ i̯ n e n	0
hitufysiikka	h i t u f y s iː kː ɑ	0
hitulautanen	h i t u l ɑ u̯ t ɑ n e n	0
hituolio	h i t u o l i o	0
hiuesavi	h i u̯ eˣ s ɑ ʋ i	0
hiuka	h i u̯ k ɑ	0
hiukkanen	h i u̯ kː ɑ n e n	14
hiukkasilmaisin	h i u̯ kː ɑ s i l m ɑ i̯ s i n	1
hiukkasnopeus	h i u̯ kː ɑ s n o p e u s	0
hiukkassuihku	h i u̯ kː ɑ s s u i̯ h k u	0
hiukkassuodatin	h i u̯ kː ɑ s s u o̯ d ɑ t i n	0
hiukkassäteily	h i u̯ kː ɑ s s æ t e i̯ l y	2
hiukkasteoria	h i u̯ kː ɑ s t e o r i ɑ	0
hiukkasvuo	h i u̯ kː ɑ s ʋ u o̯	0
hiukoa	h i u̯ k o ɑˣ	0
hiuksenhalkoja	h i u̯ k s e n h ɑ l k o j ɑ	0
hiuksenhalkominen	h i u̯ k s e n h ɑ l k o m i n e n	0
hiuksenhieno	h i u̯ k s e n h i e̯ n o	3
hiuksenhienosti	h i u̯ k s e n h i e̯ n o s t iˣ	4
hiukseton	h i u̯ k s e t o n	0
hius	h i u̯ s	2
hiusala	h i u̯ s ɑ l ɑ	1
hiushalkeama	h i u̯ s h ɑ l k e ɑ m ɑ	2
hiusharja	h i u̯ s h ɑ r j ɑ	0
hiusheinä	h i u̯ s h e i̯ n æ	0
hiushoide	h i u̯ s h o i̯ d eˣ	0
hiushuokoinen	h i u̯ s h u o̯ k o i̯ n e n	0
hiushuokoisuus	h i u̯ s h u o̯ k o i̯ s uː s	0
hiushygrometri	h i u̯ s h y ɡ r o m e t r i	0
hiusjuuri	h i u̯ s j uː r i	0
hiuskiehkura	h i u̯ s k i e̯ h k u r ɑ	0
hiuskiinne	h i u̯ s k iː nː eˣ	0
hiuskoriste	h i u̯ s k o r i s t eˣ	0
hiuskoru	h i u̯ s k o r u	0
hiuskuontalo	h i u̯ s k u o̯ n t ɑ l o	0
hiuslaite	h i u̯ s l ɑ i̯ t eˣ	0
hiuslaskos	h i u̯ s l ɑ s k o s	0
hiuslinja	h i u̯ s l i n j ɑ	0
hiusmuoti	h i u̯ s m u o̯ t i	0
hiusmuotoilija	h i u̯ s m u o̯ t o i̯ l i j ɑ	0
hiusmuotoilu	h i u̯ s m u o̯ t o i̯ l u	0
hiusmurtuma	h i u̯ s m u r t u m ɑ	1
hiusnauha	h i u̯ s n ɑ u̯ h ɑ	0
hiuspalmikko	h i u̯ s p ɑ l m i kː o	0
hiuspilli	h i u̯ s p i lː i	0
hiuspohja	h i u̯ s p o h j ɑ	3
hiuspuuteri	h i u̯ s p uː t e r i	0
hiusravinne	h i u̯ s r ɑ ʋ i nː eˣ	0
hiusristikko	h i u̯ s r i s t i kː o	0
hiussairaus	h i u̯ s s ɑ i̯ r ɑ u s	0
hiussuonisto	h i u̯ s s u o̯ n i s t o	1
hiussuonivaurio	h i u̯ s s u o̯ n i ʋ ɑ u̯ r i o	0
hiussuortuva	h i u̯ s s u o̯ r t u ʋ ɑ	0
hiussykerö	h i u̯ s s y k e r ø	0
hiustenkuivaaja	h i u̯ s t e n k u i̯ ʋ ɑː j ɑ	27
hiustenleikkuukone	h i u̯ s t e n l e i̯ kː uː k o n eˣ	0
hiustenpesu	h i u̯ s t e n p e s u	2
hiustukku	h i u̯ s t u kː u	0
hiustuppi	h i u̯ s t u pː i	0
hiustupsu	h i u̯ s t u p s u	0
hiustähti	h i u̯ s t æ h t i	0
hiustöyhtö	h i u̯ s t ø y̯ h t ø	0
hiusverkko	h i u̯ s ʋ e r kː o	1
hiusvoide	h i u̯ s ʋ o i̯ d eˣ	0
hiusöljy	h i u̯ s ø l j y	0
hiutale	h i u̯ t ɑ l eˣ	1
hiutaleinen	h i u̯ t ɑ l e i̯ n e n	0
hiutua	h i u̯ t u ɑˣ	0
hiutuma	h i u̯ t u m ɑ	0
hiveleminen	h i ʋ e l e m i n e n	0
hivelevä	h i ʋ e l e ʋ æ	4
hivelevästi	h i ʋ e l e ʋ æ s t iˣ	0
hivellä	h i ʋ e lː æˣ	0
hiveltäminen	h i ʋ e l t æ m i n e n	0
hiveltää	h i ʋ e l t æːˣ	0
hivenaine	h i ʋ e n ɑ i̯ n eˣ	8
hivenaineanalyysi	h i ʋ e n ɑ i̯ n eˣ ɑ n ɑ l yː s i	0
hivenlannoite	h i ʋ e n l ɑ nː o i̯ t eˣ	0
hivenravinne	h i ʋ e n r ɑ ʋ i nː eˣ	1
hivuttaminen	h i ʋ u tː ɑ m i n e n	1
hivutus	h i ʋ u t u s	0
hobitti	h o b i tː i	5
hockey	h o kː e i̯	33
hodari	h o d ɑ r i	1
hoen	h o e n	0
hoennainen	h o e nː ɑ i̯ n e n	0
hohdella	h o h d e lː ɑˣ	0
hohdokkaasti	h o h d o kː ɑː s t iˣ	0
hohdokkuus	h o h d o kː uː s	2
hohkainen	h o h k ɑ i̯ n e n	0
hohkaisuus	h o h k ɑ i̯ s uː s	0
hohottaminen	h o h o tː ɑ m i n e n	0
hohtaa	h o h t ɑːˣ	3
hohteinen	h o h t e i̯ n e n	0
hohto	h o h t o	9
hohtodiodi	h o h t o d i o d i	0
hohtoinen	h o h t o i̯ n e n	1
hohtokivi	h o h t o k i ʋ i	0
hohtolamppu	h o h t o l ɑ m pː u	1
hohtomonninen	h o h t o m o nː i n e n	0
hohtorasbora	h o h t o r ɑ s b o r ɑ	0
hohtoseeprakala	h o h t o s eː p r ɑ k ɑ l ɑ	0
hohtosinikka	h o h t o s i n i kː ɑ	0
hohtosinisiipi	h o h t o s i n i s iː p i	0
hohtoviiripyrstö	h o h t o ʋ iː r i p y r s t ø	0
hoi	h o i̯	4
hoida	h o i̯ d ɑˣ	30
hoidella	h o i̯ d e lː ɑˣ	7
hoidollinen	h o i̯ d o lː i n e n	9
hoidoton	h o i̯ d o t o n	0
hoikentaminen	h o i̯ k e n t ɑ m i n e n	0
hoikentuminen	h o i̯ k e n t u m i n e n	0
hoikistuminen	h o i̯ k i s t u m i n e n	0
hoikka	h o i̯ kː ɑ	27
hoikkalori	h o i̯ kː ɑ l o r i	0
hoikkarunkoinen	h o i̯ kː ɑ r u ŋ k o i̯ n e n	0
hoikkasarvikotilo	h o i̯ kː ɑ s ɑ r ʋ i k o t i l o	0
hoikkavartaloinen	h o i̯ kː ɑ ʋ ɑ r t ɑ l o i̯ n e n	0
hoikkavartinen	h o i̯ kː ɑ ʋ ɑ r t i n e n	0
hoikkavyötäröinen	h o i̯ kː ɑ ʋ y ø̯ t æ r ø i̯ n e n	0
hoikkuus	h o i̯ kː uː s	0
hoilaaminen	h o i̯ l ɑː m i n e n	0
hoilaus	h o i̯ l ɑ u s	0
hoilo	h o i̯ l o	0
hoilottaminen	h o i̯ l o tː ɑ m i n e n	0
hoilotus	h o i̯ l o t u s	1
hoitaa	h o i̯ t ɑːˣ	1989
hoitajapula	h o i̯ t ɑ j ɑ p u l ɑ	3
hoitamattomuus	h o i̯ t ɑ m ɑ tː o m uː s	2
hoitaminen	h o i̯ t ɑ m i n e n	203
hoitelu	h o i̯ t e l u	0
hoitoala	h o i̯ t o ɑ l ɑ	3
hoitoalue	h o i̯ t o ɑ l u eˣ	1
hoitoetuus	h o i̯ t o e t uː s	0
hoitohenkilö	h o i̯ t o h e ŋ k i l ø	0
hoitohenkilökunta	h o i̯ t o h e ŋ k i l ø k u n t ɑ	20
hoitohenkilöstö	h o i̯ t o h e ŋ k i l ø s t ø	8
hoitoisuus	h o i̯ t o i̯ s uː s	3
hoitojono	h o i̯ t o j o n o	0
hoitokalastus	h o i̯ t o k ɑ l ɑ s t u s	0
hoitokerta	h o i̯ t o k e r t ɑ	2
hoitoketju	h o i̯ t o k e t j u	5
hoitokunta	h o i̯ t o k u n t ɑ	11
hoitokustannukset	h o i̯ t o k u s t ɑ nː u k s e t	15
hoitola	h o i̯ t o l ɑ	3
hoitolaite	h o i̯ t o l ɑ i̯ t eˣ	1
hoitolaitos	h o i̯ t o l ɑ i̯ t o s	9
hoitolapsi	h o i̯ t o l ɑ p s i	0
hoitolisä	h o i̯ t o l i s æ	5
hoitomaksu	h o i̯ t o m ɑ k s u	23
hoitomenetelmä	h o i̯ t o m e n e t e l m æ	8
hoitomuoto	h o i̯ t o m u o̯ t o	43
hoitomyönteisyys	h o i̯ t o m y ø̯ n t e i̯ s yː s	1
hoitomyöntyvyys	h o i̯ t o m y ø̯ n t y ʋ yː s	3
hoitoonohjaus	h o i̯ t oː n o h j ɑ u s	6
hoitopäivä	h o i̯ t o p æ i̯ ʋ æ	3
hoitopöytä	h o i̯ t o p ø y̯ t æ	1
hoitoraha	h o i̯ t o r ɑ h ɑ	9
hoitorengas	h o i̯ t o r e ŋː ɑ s	1
hoitosuhde	h o i̯ t o s u h d eˣ	10
hoitosuositus	h o i̯ t o s u o̯ s i t u s	2
hoitosuunnitelma	h o i̯ t o s uː nː i t e l m ɑ	28
hoitotahto	h o i̯ t o t ɑ h t o	2
hoitotakuu	h o i̯ t o t ɑ k uː	1
hoitotapa	h o i̯ t o t ɑ p ɑ	2
hoitotarve	h o i̯ t o t ɑ r ʋ eˣ	5
hoitotasapaino	h o i̯ t o t ɑ s ɑ p ɑ i̯ n o	2
hoitotestamentti	h o i̯ t o t e s t ɑ m e n tː i	2
hoitotiede	h o i̯ t o t i e̯ d eˣ	6
hoitotoimenpide	h o i̯ t o t o i̯ m e n p i d eˣ	3
hoitotuki	h o i̯ t o t u k i	13
hoitotutkimus	h o i̯ t o t u t k i m u s	1
hoitovahinko	h o i̯ t o ʋ ɑ h i ŋ k o	0
hoitovakuutus	h o i̯ t o ʋ ɑ k uː t u s	2
hoitovapaa	h o i̯ t o ʋ ɑ p ɑː	6
hoitovaste	h o i̯ t o ʋ ɑ s t eˣ	3
hoitovastike	h o i̯ t o ʋ ɑ s t i k eˣ	9
hoitovoide	h o i̯ t o ʋ o i̯ d eˣ	0
hoitoväline	h o i̯ t o ʋ æ l i n eˣ	0
hoitoyhteisö	h o i̯ t o y h t e i̯ s ø	2
hoitoympäristö	h o i̯ t o y m p æ r i s t ø	0
hoivaaja	h o i̯ ʋ ɑː j ɑ	1
hoivailla	h o i̯ ʋ ɑ i̯ lː ɑˣ	0
hoivakieli	h o i̯ ʋ ɑ k i e̯ l i	0
hoivakoti	h o i̯ ʋ ɑ k o t i	10
hoivapalvelu	h o i̯ ʋ ɑ p ɑ l ʋ e l u	0
hoivapotilas	h o i̯ ʋ ɑ p o t i l ɑ s	0
hoivaton	h o i̯ ʋ ɑ t o n	0
hoivatyö	h o i̯ ʋ ɑ t y ø̯	3
hoivaus	h o i̯ ʋ ɑ u s	0
hoivayrittäjä	h o i̯ ʋ ɑ y r i tː æ j æ	0
hoivayritys	h o i̯ ʋ ɑ y r i t y s	0
hokata	h o k ɑ t ɑˣ	0
hokea	h o k e ɑˣ	3
hokeminen	h o k e m i n e n	2
hokkari	h o kː ɑ r i	0
hokki	h o kː i	2
hokkuspokkustemppu	h o kː u s p o kː u s t e m pː u	0
hoksaamaton	h o k s ɑː m ɑ t o n	0
hoksaaminen	h o k s ɑː m i n e n	0
hoksaavainen	h o k s ɑː ʋ ɑ i̯ n e n	0
hoksaavaisesti	h o k s ɑː ʋ ɑ i̯ s e s t iˣ	0
hoksaavaisuus	h o k s ɑː ʋ ɑ i̯ s uː s	0
hoksata	h o k s ɑ t ɑˣ	0
hokutoryu	h o k u t o r i u	0
holari	h o l ɑ r i	1
holdingyhtiö	h o l d i ŋ y h t i ø	0
holdingyhtiö	h o u̯ l d i ŋ y h t i ø	0
holhoaminen	h o l h o ɑ m i n e n	0
holhoojahallitus	h o l h oː j ɑ h ɑ lː i t u s	0
holhota	h o l h o t ɑˣ	1
holhouksenalainen	h o l h o u k s e n ɑ l ɑ i̯ n e n	0
holhous	h o l h o u s	1
holhousoikeus	h o l h o u s o i̯ k e u s	0
holhousvaltio	h o l h o u s ʋ ɑ l t i o	0
holhousyhteiskunta	h o l h o u s y h t e i̯ s k u n t ɑ	0
holisti	h o l i s t i	0
holistisuus	h o l i s t i s uː s	0
holkeri	h o l k e r i	16
holkki	h o l kː i	5
holkkihiha	h o l kː i h i h ɑ	0
holkkinasta	h o l kː i n ɑ s t ɑ	0
hollanninkastike	h o lː ɑ nː i n k ɑ s t i k eˣ	0
hollanninpaimenkoira	h o lː ɑ nː i n p ɑ i̯ m e n k o i̯ r ɑ	2
hollanti	h o lː ɑ n t i	70
holli	h o lː i	5
hollikyyti	h o lː i k yː t i	0
hollitupa	h o lː i t u p ɑ	2
hollola	h o lː o l ɑ	20
hollolainen	h o lː o l ɑ i̯ n e n	0
hollolalainen	h o lː o l ɑ l ɑ i̯ n e n	3
holografia	h o l o ɡ r ɑ f i ɑ	0
holografinen	h o l o ɡ r ɑ f i n e n	0
hologrammi	h o l o ɡ r ɑ mː i	1
holotniekka	h o l o t n i e̯ kː ɑ	0
holottaa	h o l o tː ɑːˣ	0
holvaus	h o l ʋ ɑ u s	0
holvihauta	h o l ʋ i h ɑ u̯ t ɑ	0
holvikaarinen	h o l ʋ i k ɑː r i n e n	0
holvikatto	h o l ʋ i k ɑ tː o	0
holvikattoinen	h o l ʋ i k ɑ tː o i̯ n e n	0
holvimaalaus	h o l ʋ i m ɑː l ɑ u s	0
holvimainen	h o l ʋ i m ɑ i̯ n e n	1
holvirakenne	h o l ʋ i r ɑ k e nː eˣ	0
holvisto	h o l ʋ i s t o	0
home	h o m eˣ	67
homeallergia	h o m eˣ ɑ lː e r ɡ i ɑ	2
homeenvihreä	h o m eː n ʋ i h r e æ	0
homehtuminen	h o m e h t u m i n e n	0
homejuusto	h o m eˣ j uː s t o	2
homekoira	h o m eˣ k o i̯ r ɑ	0
homekorva	h o m e k o r ʋ ɑ	0
homemyrkky	h o m eˣ m y r kː y	0
homeostaasi	h o m e o s t ɑː s i	1
homepilkku	h o m eˣ p i l kː u	0
homepöly	h o m eˣ p ø l y	0
homepölykeuhko	h o m eˣ p ø l y k e u̯ h k o	5
homerihmasto	h o m eˣ r i h m ɑ s t o	0
homesieni	h o m eˣ s i e̯ n i	0
hometahra	h o m eˣ t ɑ h r ɑ	0
hometalo	h o m eˣ t ɑ l o	1
homettaa	h o m e tː ɑːˣ	0
homettua	h o m e tː u ɑˣ	0
homevaurio	h o m eˣ ʋ ɑ u̯ r i o	5
homiletiikka	h o m i l e t iː kː ɑ	0
homma	h o mː ɑ	396
hommaa	h o mː ɑː	77
hommaa	h o mː ɑːˣ	77
hommaaminen	h o mː ɑː m i n e n	0
hommailla	h o mː ɑ i̯ lː ɑˣ	0
hommamies	h o mː ɑ m i e̯ s	0
homobaari	h o m o b ɑː r i	0
homoeroottisuus	h o m o e r oː tː i s uː s	0
homofiilius	h o m o f iː l i u s	0
homomorfia	h o m o m o r f i ɑ	0
homoskedastinen	h o m o s k e d ɑ s t i n e n	0
homotella	h o m o t e lː ɑˣ	0
homotsygoottinen	h o m o t s y ɡ oː tː i n e n	0
homotutka	h o m o t u t k ɑ	0
homous	h o m o u s	3
homssantuu	h o m sː ɑ n t uː	0
homssuinen	h o m sː u i̯ n e n	0
honka	h o ŋ k ɑ	58
honkainen	h o ŋ k ɑ i̯ n e n	0
honkajokelainen	h o ŋ k ɑ j o k e l ɑ i̯ n e n	0
honkajoki	h o ŋ k ɑ j o k i	9
honkajokinen	h o ŋ k ɑ j o k i n e n	0
honkala	h o ŋ k ɑ l ɑ	12
honkalauta	h o ŋ k ɑ l ɑ u̯ t ɑ	0
honkametsä	h o ŋ k ɑ m e t s æ	0
honkanen	h o ŋ k ɑ n e n	60
honkkeli	h o ŋ kː e l i	1
honottaminen	h o n o tː ɑ m i n e n	1
honotus	h o n o t u s	1
hoo	h oː	0
hoonaaminen	h oː n ɑː m i n e n	0
hoonaus	h oː n ɑ u s	2
hoopoilla	h oː p o i̯ lː ɑˣ	0
hoosianna	h oː s i ɑ nː ɑ	1
hop	h o p	38
hopea	h o p e ɑ	52
hopeaesine	h o p e ɑ e s i n eˣ	1
hopeahaapa	h o p e ɑ h ɑː p ɑ	0
hopeahapset	h o p e ɑ h ɑ p s e t	0
hopeahapsinen	h o p e ɑ h ɑ p s i n e n	0
hopeaharkko	h o p e ɑ h ɑ r kː o	0
hopeaheinä	h o p e ɑ h e i̯ n æ	0
hopeahela	h o p e ɑ h e l ɑ	0
hopeahelainen	h o p e ɑ h e l ɑ i̯ n e n	0
hopeahiuksinen	h o p e ɑ h i u̯ k s i n e n	0
hopeahko	h o p e ɑ h k o	0
hopeahohde	h o p e ɑ h o h d eˣ	0
hopeainen	h o p e ɑ i̯ n e n	1
hopeajoukkue	h o p e ɑ j o u̯ kː u eˣ	5
hopeajuote	h o p e ɑ j u o̯ t eˣ	0
hopeaketju	h o p e ɑ k e t j u	0
hopeakoristeinen	h o p e ɑ k o r i s t e i̯ n e n	0
hopeakoru	h o p e ɑ k o r u	0
hopeakuorinen	h o p e ɑ k u o̯ r i n e n	0
hopeakurki	h o p e ɑ k u r k i	0
hopeakylkikala	h o p e ɑ k y l k i k ɑ l ɑ	0
hopealanka	h o p e ɑ l ɑ ŋ k ɑ	2
hopealautanen	h o p e ɑ l ɑ u̯ t ɑ n e n	0
hopealejeerinki	h o p e ɑ l e j eː r i ŋ k i	0
hopealokki	h o p e ɑ l o kː i	0
hopeamalja	h o p e ɑ m ɑ l j ɑ	0
hopeamarkka	h o p e ɑ m ɑ r kː ɑ	1
hopeamitali	h o p e ɑ m i t ɑ l i	2
hopeamitalimies	h o p e ɑ m i t ɑ l i m i e̯ s	0
hopeamitalinainen	h o p e ɑ m i t ɑ l i n ɑ i̯ n e n	0
hopeanhohtoinen	h o p e ɑ n h o h t o i̯ n e n	2
hopeankiillotusaine	h o p e ɑ n k iː lː o t u s ɑ i̯ n eˣ	0
hopeanvalkoinen	h o p e ɑ n ʋ ɑ l k o i̯ n e n	0
hopeaottelu	h o p e ɑ o tː e l u	0
hopeapaju	h o p e ɑ p ɑ j u	1
hopeapaperi	h o p e ɑ p ɑ p e r i	0
hopeapensas	h o p e ɑ p e n s ɑ s	0
hopeapitoinen	h o p e ɑ p i t o i̯ n e n	0
hopeapitoisuus	h o p e ɑ p i t o i̯ s uː s	0
hopeapokaali	h o p e ɑ p o k ɑː l i	0
hopearaha	h o p e ɑ r ɑ h ɑ	2
hopearupla	h o p e ɑ r u p l ɑ	0
hopeaseos	h o p e ɑ s e o s	0
hopeasepäntyö	h o p e ɑ s e p æ n t y ø̯	0
hopeasinisiipi	h o p e ɑ s i n i s iː p i	0
hopeasolki	h o p e ɑ s o l k i	0
hopeasulfidi	h o p e ɑ s u l f i d i	0
hopeatavara	h o p e ɑ t ɑ ʋ ɑ r ɑ	0
hopeatee	h o p e ɑ t eː	0
hopeateos	h o p e ɑ t e o s	0
hopeateräs	h o p e ɑ t e r æ s	0
hopeatiira	h o p e ɑ t iː r ɑ	0
hopeatilhi	h o p e ɑ t i l h i	0
hopeatyö	h o p e ɑ t y ø̯	0
hopeatäplä	h o p e ɑ t æ p l æ	0
hopeatäpläperhonen	h o p e ɑ t æ p l æ p e r h o n e n	0
hopeavalmiste	h o p e ɑ ʋ ɑ l m i s t eˣ	0
hopeayhdiste	h o p e ɑ y h d i s t eˣ	0
hopeayrtti	h o p e ɑ y r tː i	0
hopeoida	h o p e o i̯ d ɑˣ	0
hopo	h o p o	3
hopoti	h o p o t i	0
hoppu	h o pː u	19
hoppuilla	h o pː u i̯ lː ɑˣ	0
hoppuilu	h o pː u i̯ l u	1
hoputtaa	h o p u tː ɑːˣ	5
hoputtaminen	h o p u tː ɑ m i n e n	0
hoputus	h o p u t u s	0
horjahdella	h o r j ɑ h d e lː ɑˣ	1
horjahdus	h o r j ɑ h d u s	0
horjumattomuus	h o r j u m ɑ tː o m uː s	0
horjuminen	h o r j u m i n e n	1
horjuttaa	h o r j u tː ɑːˣ	13
horjuvainen	h o r j u ʋ ɑ i̯ n e n	0
horjuvaisuus	h o r j u ʋ ɑ i̯ s uː s	0
horjuvuus	h o r j u ʋ uː s	2
horkka	h o r kː ɑ	1
hormiaukko	h o r m i ɑ u kː o	0
hormitiili	h o r m i t iː l i	0
hormonieritys	h o r m oː n i e r i t y s	0
hormonihoito	h o r m oː n i h o i̯ t o	6
hormonihäiriö	h o r m oː n i h æ i̯ r i ø	3
hormonikierukka	h o r m oː n i k i e̯ r u kː ɑ	4
hormonineritys	h o r m oː n i n e r i t y s	0
hormonintuotanto	h o r m oː n i n t u o̯ t ɑ n t o	0
hormonitasapaino	h o r m oː n i t ɑ s ɑ p ɑ i̯ n o	0
hormonitesti	h o r m oː n i t e s t i	0
hormonitoiminta	h o r m oː n i t o i̯ m i n t ɑ	1
hormonituotanto	h o r m oː n i t u o̯ t ɑ n t o	0
hormonivaikutus	h o r m oː n i ʋ ɑ i̯ k u t u s	0
hormonivalmiste	h o r m oː n i ʋ ɑ l m i s t eˣ	1
horna	h o r n ɑ	0
hornantuutti	h o r n ɑ n t uː tː i	0
horros	h o rː o s	1
horroskehrääjä	h o rː o s k e h r æː j æ	0
horrostila	h o rː o s t i l ɑ	0
horrosuni	h o rː o s u n i	0
horsmakasvi	h o r s m ɑ k ɑ s ʋ i	0
horsmakiitäjä	h o r s m ɑ k iː t æ j æ	0
horteessa	h o r t eː sː ɑ	0
horteinen	h o r t e i̯ n e n	0
hortoilla	h o r t o i̯ lː ɑˣ	1
hortoilu	h o r t o i̯ l u	0
hosa	h o s ɑ	2
hospitaali	h o s p i t ɑː l i	2
hospitalisti	h o s p i t ɑ l i s t i	0
hostata	h o s t ɑ t ɑˣ	0
hostinsara	h o s t i n s ɑ r ɑ	0
hosuminen	h o s u m i n e n	2
hotaisu	h o t ɑ i̯ s u	0
hoteisiin	h o t e i̯ s iː n	1
hoteissa	h o t e i̯ sː ɑ	1
hoteista	h o t e i̯ s t ɑ	0
hotelliala	h o t e lː i ɑ l ɑ	0
hotellihuone	h o t e lː i h u o̯ n eˣ	3
hotelliketju	h o t e lː i k e t j u	0
hotellikuolema	h o t e lː i k u o̯ l e m ɑ	0
hotellilasku	h o t e lː i l ɑ s k u	1
hotelliloma	h o t e lː i l o m ɑ	0
hotellimajoitus	h o t e lː i m ɑ j o i̯ t u s	4
hotellinomistaja	h o t e lː i n o m i s t ɑ j ɑ	0
hotelliravintola	h o t e lː i r ɑ ʋ i n t o l ɑ	1
hotellisekki	h o t e lː i s e kː i	0
hotellisekki	h o t e lː i ʃ e kː i	0
hotellivaraus	h o t e lː i ʋ ɑ r ɑ u s	2
hotellivirkailija	h o t e lː i ʋ i r k ɑ i̯ l i j ɑ	3
hotkaiseminen	h o t k ɑ i̯ s e m i n e n	0
hotkaisu	h o t k ɑ i̯ s u	0
hotkia	h o t k i ɑˣ	1
hotkiminen	h o t k i m i n e n	0
hotkinta	h o t k i n t ɑ	0
hotsi	h o t s i	0
hotsittaminen	h o t s i tː ɑ m i n e n	0
hottentotti	h o tː e n t o tː i	0
houkkamainen	h o u̯ kː ɑ m ɑ i̯ n e n	0
houkutella	h o u̯ k u t e lː ɑˣ	71
houkuttaminen	h o u̯ k u tː ɑ m i n e n	0
houkutteleva	h o u̯ k u tː e l e ʋ ɑ	46
houkuttelija	h o u̯ k u tː e l i j ɑ	1
houkuttelu	h o u̯ k u tː e l u	5
houkutuseläin	h o u̯ k u t u s e l æ i̯ n	0
houkutuskeino	h o u̯ k u t u s k e i̯ n o	0
houkutuspilli	h o u̯ k u t u s p i lː i	0
houkutusääni	h o u̯ k u t u s æː n i	0
hourailla	h o u̯ r ɑ i̯ lː ɑˣ	0
hourailu	h o u̯ r ɑ i̯ l u	0
houre	h o u̯ r eˣ	0
hourekuva	h o u̯ r eˣ k u ʋ ɑ	0
houretila	h o u̯ r eˣ t i l ɑ	0
hourupäinen	h o u̯ r u p æ i̯ n e n	0
hourupäisesti	h o u̯ r u p æ i̯ s e s t iˣ	0
hourupäisyys	h o u̯ r u p æ i̯ s yː s	0
hourupää	h o u̯ r u p æː	0
house	h ɑ u̯ s	60
housuasu	h o u̯ s u ɑ s u	1
housuliivi	h o u̯ s u l iː ʋ i	0
housumuoti	h o u̯ s u m u o̯ t i	0
housunkaulus	h o u̯ s u n k ɑ u̯ l u s	0
housunpolvi	h o u̯ s u n p o l ʋ i	0
housuntakamus	h o u̯ s u n t ɑ k ɑ m u s	0
housupari	h o u̯ s u p ɑ r i	0
housupuku	h o u̯ s u p u k u	0
housurooli	h o u̯ s u r oː l i	0
housusillaan	h o u̯ s u s i lː ɑː n	0
housusilleen	h o u̯ s u s i lː eː n	0
housut	h o u̯ s u t	59
housuvaippa	h o u̯ s u ʋ ɑ i̯ pː ɑ	0
hovi	h o ʋ i	54
hovihankkija	h o ʋ i h ɑ ŋ kː i j ɑ	0
hoviherra	h o ʋ i h e rː ɑ	0
hovikelpoinen	h o ʋ i k e l p o i̯ n e n	0
hovimaalari	h o ʋ i m ɑː l ɑ r i	2
hovimarsalkka	h o ʋ i m ɑ r s ɑ l kː ɑ	0
hovimestari	h o ʋ i m e s t ɑ r i	2
hovinainen	h o ʋ i n ɑ i̯ n e n	0
hovineiti	h o ʋ i n e i̯ t i	0
hoviniiaus	h o ʋ i n iː ɑ u s	1
hovioikeudenneuvos	h o ʋ i o i̯ k e u d e n n e u̯ ʋ o s	4
hovioikeus	h o ʋ i o i̯ k e u s	82
hovipoika	h o ʋ i p o i̯ k ɑ	1
hovisaarnaaja	h o ʋ i s ɑː r n ɑː j ɑ	0
hovisuru	h o ʋ i s u r u	0
hovitavat	h o ʋ i t ɑ ʋ ɑ t	0
hoviväki	h o ʋ i ʋ æ k i	0
hpy	h o̞ː p e̞ː yː	5
hubi	h u b i	5
huh	h u h	17
huhta	h u h t ɑ	27
huhtakoukku	h u h t ɑ k o u̯ kː u	0
huhtala	h u h t ɑ l ɑ	39
huhtikuu	h u h t i k uː	33
huhua	h u h u ɑ	4
huhuilla	h u h u i̯ lː ɑ	1
huhuilla	h u h u i̯ lː ɑˣ	1
huhukampanja	h u h u k ɑ m pː ɑ n j ɑ	0
huhupuhe	h u h u p u h eˣ	0
huhuta	h u h u t ɑˣ	0
huidella	h u i̯ d e lː ɑˣ	0
huidonta	h u i̯ d o n t ɑ	0
huijaaminen	h u i̯ j ɑː m i n e n	1
huijari	h u i̯ j ɑ r i	3
huijausyritys	h u i̯ j ɑ u s y r i t y s	0
huikea	h u i̯ k e ɑ	47
huikeasti	h u i̯ k e ɑ s t iˣ	7
huikentelevaisesti	h u i̯ k e n t e l e ʋ ɑ i̯ s e s t iˣ	0
huikentelevaisuus	h u i̯ k e n t e l e ʋ ɑ i̯ s uː s	0
huikentelevasti	h u i̯ k e n t e l e ʋ ɑ s t iˣ	0
huikentelevuus	h u i̯ k e n t e l e ʋ uː s	0
huikentelu	h u i̯ k e n t e l u	0
huikkaus	h u i̯ kː ɑ u s	2
huilaaminen	h u i̯ l ɑː m i n e n	2
huilata	h u i̯ l ɑ t ɑˣ	0
huilu	h u i̯ l u	11
huilumainen	h u i̯ l u m ɑ i̯ n e n	0
huilumusiikki	h u i̯ l u m u s iː kː i	0
huilusoitin	h u i̯ l u s o i̯ t i n	0
huiluääni	h u i̯ l u æː n i	1
huiluäänikerta	h u i̯ l u æː n i k e r t ɑ	0
huima	h u i̯ m ɑ	63
huimaaminen	h u i̯ m ɑː m i n e n	0
huimaavasti	h u i̯ m ɑː ʋ ɑ s t iˣ	2
huimaavuus	h u i̯ m ɑː ʋ uː s	0
huimapäisesti	h u i̯ m ɑ p æ i̯ s e s t iˣ	0
huimaus	h u i̯ m ɑ u s	29
huimauskohtaus	h u i̯ m ɑ u s k o h t ɑ u s	0
huippeneminen	h u i̯ pː e n e m i n e n	0
huippu	h u i̯ pː u	94
huippuarvo	h u i̯ pː u ɑ r ʋ o	5
huippuedullinen	h u i̯ pː u e d u lː i n e n	1
huippuhinta	h u i̯ pː u h i n t ɑ	0
huippuhyvä	h u i̯ pː u h y ʋ æ	1
huippuimuri	h u i̯ pː u i m u r i	5
huippujuttu	h u i̯ pː u j u tː u	0
huippujännite	h u i̯ pː u j æ nː i t eˣ	0
huippujännittävä	h u i̯ pː u j æ nː i tː æ ʋ æ	1
huippukausi	h u i̯ pː u k ɑ u̯ s i	1
huippukulma	h u i̯ pː u k u l m ɑ	1
huippukuormitus	h u i̯ pː u k u o̯ r m i t u s	0
huippukurssi	h u i̯ pː u k u r sː i	0
huippukyky	h u i̯ pː u k y k y	0
huippulukema	h u i̯ pː u l u k e m ɑ	0
huippuluku	h u i̯ pː u l u k u	1
huippulämpökeskus	h u i̯ pː u l æ m p ø k e s k u s	1
huippumies	h u i̯ pː u m i e̯ s	0
huippumuodikas	h u i̯ pː u m u o̯ d i k ɑ s	0
huippunimi	h u i̯ pː u n i m i	0
huippunopeus	h u i̯ pː u n o p e u s	13
huippupelaaja	h u i̯ pː u p e l ɑː j ɑ	1
huippusaavutus	h u i̯ pː u s ɑː ʋ u t u s	1
huippusuoritus	h u i̯ pː u s u o̯ r i t u s	2
huipputapaaminen	h u i̯ pː u t ɑ p ɑː m i n e n	0
huipputapaus	h u i̯ pː u t ɑ p ɑ u s	1
huipputeho	h u i̯ pː u t e h o	6
huipputehokas	h u i̯ pː u t e h o k ɑ s	4
huipputekniikka	h u i̯ pː u t e k n iː kː ɑ	2
huipputiedemies	h u i̯ pː u t i e̯ d eˣ m i e̯ s	0
huipputuloinen	h u i̯ pː u t u l o i̯ n e n	0
huipputulos	h u i̯ pː u t u l o s	2
huippututkija	h u i̯ pː u t u t k i j ɑ	1
huippututkimus	h u i̯ pː u t u t k i m u s	0
huippututkimusyksikkö	h u i̯ pː u t u t k i m u s y k s i kː ø	2
huipputylsä	h u i̯ pː u t y l s æ	0
huippuvalo	h u i̯ pː u ʋ ɑ l o	0
huippuvuoret	h u i̯ pː u ʋ u o̯ r e t	1
huippuvuosi	h u i̯ pː u ʋ u o̯ s i	5
huippuyksikkö	h u i̯ pː u y k s i kː ø	3
huippuyliopisto	h u i̯ pː u y l i o p i s t o	0
huipukas	h u i̯ p u k ɑ s	0
huiputtaa	h u i̯ p u tː ɑːˣ	0
huiputtaminen	h u i̯ p u tː ɑ m i n e n	0
huiputus	h u i̯ p u t u s	0
huiska	h u i̯ s k ɑ	0
huiskaisu	h u i̯ s k ɑ i̯ s u	0
huiskale	h u i̯ s k ɑ l eˣ	0
huiskaus	h u i̯ s k ɑ u s	0
huiskautus	h u i̯ s k ɑ u t u s	0
huiskea	h u i̯ s k e ɑ	0
huiskilo	h u i̯ s k i l o	1
huiskis	h u i̯ s k i s	1
huiskutella	h u i̯ s k u t e lː ɑˣ	0
huiskuttaminen	h u i̯ s k u tː ɑ m i n e n	0
huiskutus	h u i̯ s k u t u s	0
huithapeli	h u i̯ t h ɑ p e l i	0
huitoa	h u i̯ t o ɑˣ	2
huitsin	h u i̯ t s i n	0
huittinen	h u i̯ tː i n e n	19
huittislainen	h u i̯ tː i s l ɑ i̯ n e n	6
huitu	h u i̯ t u	0
huitukka	h u i̯ t u kː ɑ	0
huivi	h u i̯ ʋ i	10
huivikaulus	h u i̯ ʋ i k ɑ u̯ l u s	0
huivineula	h u i̯ ʋ i n e u̯ l ɑ	0
huivio	h u i̯ ʋ i o	0
huivipäinen	h u i̯ ʋ i p æ i̯ n e n	0
hujahdus	h u j ɑ h d u s	0
hujahtaminen	h u j ɑ h t ɑ m i n e n	0
hujakoilla	h u j ɑ k o i̯ lː ɑ	2
hujaus	h u j ɑ u s	0
hujellus	h u j e lː u s	0
hukanputki	h u k ɑ n p u t k i	0
hukat	h u k ɑ t	8
hukata	h u k ɑ t ɑˣ	13
hukka	h u kː ɑ	13
hukkaaminen	h u kː ɑː m i n e n	1
hukkaamiskielto	h u kː ɑː m i s k i e̯ l t o	0
hukkaanheitetty	h u kː ɑː n h e i̯ t e tː y	0
hukkailla	h u kː ɑ i̯ lː ɑˣ	0
hukkakäyttö	h u kː ɑ k æ y̯ tː ø	3
hukkalämpö	h u kː ɑ l æ m p ø	6
hukkaneliö	h u kː ɑ n e l i ø	0
hukkapala	h u kː ɑ p ɑ l ɑ	0
hukkaprosentti	h u kː ɑ p r o s e n tː i	2
hukkaputki	h u kː ɑ p u t k i	1
hukkapuu	h u kː ɑ p uː	0
hukkareissu	h u kː ɑ r e i̯ sː u	1
hukkariisi	h u kː ɑ r iː s i	0
hukkateho	h u kː ɑ t e h o	0
hukkateille	h u kː ɑ t e i̯ lː eˣ	0
hukkateillä	h u kː ɑ t e i̯ lː æ	1
hukkatila	h u kː ɑ t i l ɑ	0
hukkatyö	h u kː ɑ t y ø̯	0
hukkaus	h u kː ɑ u s	0
hukkaääni	h u kː ɑ æː n i	0
hukkua	h u kː u ɑˣ	11
hukkumiskuolema	h u kː u m i s k u o̯ l e m ɑ	0
hukkumisonnettomuus	h u kː u m i s o nː e tː o m uː s	0
hukuksiin	h u k u k s iː n	0
hukuksissa	h u k u k s i sː ɑ	1
hukuttaminen	h u k u tː ɑ m i n e n	0
hukutus	h u k u t u s	0
hulasvesi	h u l ɑ s ʋ e s i	0
hulatyttö	h u l ɑ t y tː ø	0
hulda	h u l d ɑ	7
hulikka	h u l i kː ɑ	0
hulivilipoika	h u l i ʋ i l i p o i̯ k ɑ	0
hulivilityttö	h u l i ʋ i l i t y tː ø	0
huljutella	h u l j u t e lː ɑˣ	0
huljuttaminen	h u l j u tː ɑ m i n e n	0
huljuttelu	h u l j u tː e l u	0
huljutus	h u l j u t u s	0
hullaantua	h u lː ɑː n t u ɑˣ	0
hullaantuminen	h u lː ɑː n t u m i n e n	0
hullu	h u lː u	62
hullujenhuone	h u lː u j e n h u o̯ n eˣ	3
hullunkurisesti	h u lː u n k u r i s e s t iˣ	0
hullunkurisuus	h u lː u n k u r i s uː s	0
hullunrohkea	h u lː u n r o h k e ɑ	2
hullusti	h u lː u s t iˣ	4
hullutella	h u lː u t e lː ɑˣ	2
hulluttelija	h u lː u tː e l i j ɑ	0
hulluttelu	h u lː u tː e l u	1
hulmahdella	h u l m ɑ h d e lː ɑˣ	0
hulmahdus	h u l m ɑ h d u s	0
hulmahtaminen	h u l m ɑ h t ɑ m i n e n	0
hulmahtelu	h u l m ɑ h t e l u	0
hulmuaminen	h u l m u ɑ m i n e n	0
hulmuttaa	h u l m u tː ɑːˣ	0
hulmutus	h u l m u t u s	0
hulokki	h u l o kː i	0
hulpilo	h u l p i l o	0
hulpioreuna	h u l p i o r e u̯ n ɑ	0
hulttiomainen	h u l tː i o m ɑ i̯ n e n	0
hulvahdus	h u l ʋ ɑ h d u s	0
hulvahtaminen	h u l ʋ ɑ h t ɑ m i n e n	0
humaani	h u m ɑː n i	5
humaanisuus	h u m ɑː n i s uː s	0
humaanius	h u m ɑː n i u s	1
humahdella	h u m ɑ h d e lː ɑˣ	0
humahdus	h u m ɑ h d u s	1
humahtaminen	h u m ɑ h t ɑ m i n e n	0
humala	h u m ɑ l ɑ	19
humalaan	h u m ɑ l ɑː n	23
humalahakuinen	h u m ɑ l ɑ h ɑ k u i̯ n e n	8
humalajauho	h u m ɑ l ɑ j ɑ u̯ h o	0
humalajuominen	h u m ɑ l ɑ j u o̯ m i n e n	13
humalapäissä	h u m ɑ l ɑ p æ i̯ sː æ	0
humalapäissään	h u m ɑ l ɑ p æ i̯ sː æː n	2
humalassa	h u m ɑ l ɑ sː ɑ	64
humalatila	h u m ɑ l ɑ t i l ɑ	5
humaltuminen	h u m ɑ l t u m i n e n	3
humaus	h u m ɑ u s	1
humidi	h u m i d i	0
humista	h u m i s t ɑˣ	0
humma	h u mː ɑ	1
hummailla	h u mː ɑ i̯ lː ɑˣ	0
hummailu	h u mː ɑ i̯ l u	0
hummaus	h u mː ɑ u s	0
hummus	h u mː u s	0
humoraalinen	h u m o r ɑː l i n e n	0
humoristisesti	h u m o r i s t i s e s t iˣ	6
humoristisuus	h u m o r i s t i s uː s	2
humppa	h u m pː ɑ	11
humppila	h u m pː i l ɑ	4
humppilalainen	h u m pː i l ɑ l ɑ i̯ n e n	0
humputella	h u m p u t e lː ɑˣ	0
humputtaa	h u m p u tː ɑːˣ	0
humputteleminen	h u m p u tː e l e m i n e n	0
humus	h u m u s	8
humuskerros	h u m u s k e rː o s	3
humuspitoinen	h u m u s p i t o i̯ n e n	2
hunaja	h u n ɑ j ɑ	41
hunajaisesti	h u n ɑ j ɑ i̯ s e s t iˣ	1
hunajakakku	h u n ɑ j ɑ k ɑ kː u	0
hunajakaste	h u n ɑ j ɑ k ɑ s t eˣ	0
hunajakasvi	h u n ɑ j ɑ k ɑ s ʋ i	1
hunajalinko	h u n ɑ j ɑ l i ŋ k o	0
hunajameloni	h u n ɑ j ɑ m e l o n i	0
hunajanmakea	h u n ɑ j ɑ n m ɑ k e ɑ	0
hunajanvaalea	h u n ɑ j ɑ n ʋ ɑː l e ɑ	0
hunajaopas	h u n ɑ j ɑ o p ɑ s	0
hunajapupu	h u n ɑ j ɑ p u p u	0
hunajapurkki	h u n ɑ j ɑ p u r kː i	1
hunajarihmakala	h u n ɑ j ɑ r i h m ɑ k ɑ l ɑ	0
hunajasiirappi	h u n ɑ j ɑ s iː r ɑ pː i	0
hunajatölkki	h u n ɑ j ɑ t ø l kː i	0
hunajavesi	h u n ɑ j ɑ ʋ e s i	0
hunajaviini	h u n ɑ j ɑ ʋ iː n i	0
hunningolle	h u nː i ŋː o lː eˣ	1
huntti	h u n tː i	0
hunttu	h u n tː u	0
huntu	h u n t u	5
huntupakko	h u n t u p ɑ kː o	0
huoahdella	h u o̯ ɑ h d e lː ɑˣ	0
huoahdus	h u o̯ ɑ h d u s	0
huoahtaminen	h u o̯ ɑ h t ɑ m i n e n	0
huoahtelu	h u o̯ ɑ h t e l u	0
huoata	h u o̯ ɑ t ɑˣ	0
huohottaminen	h u o̯ h o tː ɑ m i n e n	0
huojahdella	h u o̯ j ɑ h d e lː ɑˣ	0
huojahtelu	h u o̯ j ɑ h t e l u	0
huojas	h u o̯ j ɑ s	0
huojuilla	h u o̯ j u i̯ lː ɑˣ	0
huojuminen	h u o̯ j u m i n e n	1
huojunta	h u o̯ j u n t ɑ	0
huojutus	h u o̯ j u t u s	0
huokea	h u o̯ k e ɑ	6
huokeahintainen	h u o̯ k e ɑ h i n t ɑ i̯ n e n	1
huokeahintaisuus	h u o̯ k e ɑ h i n t ɑ i̯ s uː s	0
huokosilma	h u o̯ k o s i l m ɑ	0
huokosvesi	h u o̯ k o s ʋ e s i	0
huolehtia	h u o̯ l e h t i ɑˣ	617
huolehtija	h u o̯ l e h t i j ɑ	0
huolehtiminen	h u o̯ l e h t i m i n e n	136
huolehtiva	h u o̯ l e h t i ʋ ɑ	14
huolehtivainen	h u o̯ l e h t i ʋ ɑ i̯ n e n	4
huolehtivaisesti	h u o̯ l e h t i ʋ ɑ i̯ s e s t iˣ	0
huolehtivaisuus	h u o̯ l e h t i ʋ ɑ i̯ s uː s	0
huolekas	h u o̯ l e k ɑ s	0
huolellinen	h u o̯ l e lː i n e n	88
huolellisuus	h u o̯ l e lː i s uː s	12
huolenpito	h u o̯ l e n p i t o	31
huolestuminen	h u o̯ l e s t u m i n e n	1
huolestuneesti	h u o̯ l e s t u n eː s t iˣ	2
huolestuneisuus	h u o̯ l e s t u n e i̯ s uː s	7
huolestus	h u o̯ l e s t u s	0
huolestuttaneen	h u o̯ l e s t u tː ɑ n eː n	0
huolettaminen	h u o̯ l e tː ɑ m i n e n	0
huoli	h u o̯ l i	251
huolimatta	h u o̯ l i m ɑ tː ɑ	2315
huoliminen	h u o̯ l i m i n e n	0
huolintaliike	h u o̯ l i n t ɑ l iː k eˣ	0
huolissaan	h u o̯ l i sː ɑː n	198
huolita	h u o̯ l i t ɑˣ	1
huolitella	h u o̯ l i t e lː ɑˣ	0
huolitellusti	h u o̯ l i t e lː u s t iˣ	2
huoliteltu	h u o̯ l i t e l t u	7
huolittelu	h u o̯ l i tː e l u	0
huolla	h u o̯ lː ɑ	2
huollettava	h u o̯ lː e tː ɑ ʋ ɑ	8
huolloton	h u o̯ lː o t o n	0
huoltaminen	h u o̯ l t ɑ m i n e n	8
huolto	h u o̯ l t o	219
huoltoajo	h u o̯ l t o ɑ j o	14
huoltoalue	h u o̯ l t o ɑ l u eˣ	0
huoltoalus	h u o̯ l t o ɑ l u s	1
huoltoapu	h u o̯ l t o ɑ p u	0
huoltoauto	h u o̯ l t o ɑ u t o	7
huoltohenkilöstö	h u o̯ l t o h e ŋ k i l ø s t ø	3
huoltohissi	h u o̯ l t o h i sː i	0
huoltojoukot	h u o̯ l t o j o u̯ k o t	3
huoltokonttori	h u o̯ l t o k o n tː o r i	0
huoltokuljetus	h u o̯ l t o k u l j e t u s	0
huoltokäytävä	h u o̯ l t o k æ y̯ t æ ʋ æ	0
huoltola	h u o̯ l t o l ɑ	0
huoltolaitos	h u o̯ l t o l ɑ i̯ t o s	0
huoltoliike	h u o̯ l t o l iː k eˣ	5
huoltoliikenne	h u o̯ l t o l iː k e nː eˣ	7
huoltomuoto	h u o̯ l t o m u o̯ t o	0
huoltopiiri	h u o̯ l t o p iː r i	0
huoltopoliisi	h u o̯ l t o p o l iː s i	0
huoltopäällikkö	h u o̯ l t o p æː lː i kː ø	6
huoltorakennus	h u o̯ l t o r ɑ k e nː u s	19
huoltosuhde	h u o̯ l t o s u h d eˣ	12
huoltosuunnitelma	h u o̯ l t o s uː nː i t e l m ɑ	3
huoltotila	h u o̯ l t o t i l ɑ	2
huoltotyö	h u o̯ l t o t y ø̯	5
huoltotyöntekijä	h u o̯ l t o t y ø̯ n t e k i j æ	0
huoltoupseeri	h u o̯ l t o u p s eː r i	0
huoltovapaa	h u o̯ l t o ʋ ɑ p ɑː	12
huoltovarmuus	h u o̯ l t o ʋ ɑ r m uː s	4
huoltovelvollinen	h u o̯ l t o ʋ e l ʋ o lː i n e n	0
huoltovelvollisuus	h u o̯ l t o ʋ e l ʋ o lː i s uː s	0
huoltoväli	h u o̯ l t o ʋ æ l i	5
huoltoyhteys	h u o̯ l t o y h t e y s	0
huoltoyhtiö	h u o̯ l t o y h t i ø	3
huoma	h u o̯ m ɑ	0
huomaamaton	h u o̯ m ɑː m ɑ t o n	14
huomaamattomasti	h u o̯ m ɑː m ɑ tː o m ɑ s t iˣ	20
huomaamattomuus	h u o̯ m ɑː m ɑ tː o m uː s	0
huomaaminen	h u o̯ m ɑː m i n e n	5
huomaavainen	h u o̯ m ɑː ʋ ɑ i̯ n e n	8
huomaavaisuus	h u o̯ m ɑː ʋ ɑ i̯ s uː s	4
huomassa	h u o̯ m ɑ sː ɑ	5
huomata	h u o̯ m ɑ t ɑˣ	278
huomattavuus	h u o̯ m ɑ tː ɑ ʋ uː s	0
huomattu	h u o̯ m ɑ tː u	51
huomautella	h u o̯ m ɑ u t e lː ɑˣ	0
huomauttaminen	h u o̯ m ɑ u tː ɑ m i n e n	1
huomen	h u o̯ m e n	5
huomenaamuinen	h u o̯ m e n ɑː m u i̯ n e n	0
huomenilta	h u o̯ m e n i l t ɑ	0
huomeniltainen	h u o̯ m e n i l t ɑ i̯ n e n	0
huomenissa	h u o̯ m e n i sː ɑ	1
huomenta	h u o̯ m e n t ɑ	12
huomioiminen	h u o̯ m i o i̯ m i n e n	77
huomiokyky	h u o̯ m i o k y k y	0
huomiokykyinen	h u o̯ m i o k y k y i̯ n e n	0
huomionarvoinen	h u o̯ m i o n ɑ r ʋ o i̯ n e n	12
huomionosoitus	h u o̯ m i o n o s o i̯ t u s	9
huomioonotettava	h u o̯ m i oː n o t e tː ɑ ʋ ɑ	3
huomioonotto	h u o̯ m i oː n o tː o	3
huomiotaherättävä	h u o̯ m i o t ɑ h e r æ tː æ ʋ æ	2
huomiovalot	h u o̯ m i o ʋ ɑ l o t	0
huomisaamuinen	h u o̯ m i s ɑː m u i̯ n e n	0
huomisilta	h u o̯ m i s i l t ɑ	0
huomisiltainen	h u o̯ m i s i l t ɑ i̯ n e n	0
huomispäivä	h u o̯ m i s p æ i̯ ʋ æ	1
huomispäiväinen	h u o̯ m i s p æ i̯ ʋ æ i̯ n e n	0
huone	h u o̯ n eˣ	273
huoneakustiikka	h u o̯ n eˣ ɑ k u s t iː kː ɑ	1
huoneala	h u o̯ n eˣ ɑ l ɑ	1
huoneenlämpö	h u o̯ n eː n l æ m p ø	2
huoneentaulu	h u o̯ n eː n t ɑ u̯ l u	3
huoneenvuokra	h u o̯ n eː n ʋ u o̯ k r ɑ	1
huonehämähäkki	h u o̯ n e h æ m æ h æ kː i	0
huoneilma	h u o̯ n eˣ i l m ɑ	6
huoneistoala	h u o̯ n e i̯ s t o ɑ l ɑ	26
huoneistohotelli	h u o̯ n e i̯ s t o h o t e lː i	3
huoneistonhaltija	h u o̯ n e i̯ s t o n h ɑ l t i j ɑ	0
huonejärjestys	h u o̯ n eˣ j æ r j e s t y s	3
huonekalu	h u o̯ n eˣ k ɑ l u	20
huonekalukauppa	h u o̯ n eˣ k ɑ l u k ɑ u̯ pː ɑ	0
huonekalukauppias	h u o̯ n eˣ k ɑ l u k ɑ u̯ pː i ɑ s	0
huonekaluliike	h u o̯ n eˣ k ɑ l u l iː k eˣ	3
huonekalusuunnittelija	h u o̯ n eˣ k ɑ l u s uː nː i tː e l i j ɑ	0
huonekalutehdas	h u o̯ n eˣ k ɑ l u t e h d ɑ s	3
huonekaluteollisuus	h u o̯ n eˣ k ɑ l u t e o lː i s uː s	2
huonekalutyyli	h u o̯ n eˣ k ɑ l u t yː l i	0
huonekorkeus	h u o̯ n e k o r k e u s	9
huonekumipuu	h u o̯ n eˣ k u m i p uː	0
huonekumppani	h u o̯ n eˣ k u m pː ɑ n i	0
huonekunta	h u o̯ n eˣ k u n t ɑ	1
huonepöly	h u o̯ n eˣ p ø l y	0
huoneusto	h u o̯ n e u s t o	1
huonevehka	h u o̯ n eˣ ʋ e h k ɑ	0
huono	h u o̯ n o	629
huonokasvuinen	h u o̯ n o k ɑ s ʋ u i̯ n e n	0
huonokuuloisuus	h u o̯ n o k uː l o i̯ s uː s	1
huonolaatuisuus	h u o̯ n o l ɑː t u i̯ s uː s	0
huonommuudentunne	h u o̯ n o mː uː d e n t u nː eˣ	0
huonompiosainen	h u o̯ n o m p i o s ɑ i̯ n e n	0
huonomuistisuus	h u o̯ n o m u i̯ s t i s uː s	0
huononlainen	h u o̯ n o n l ɑ i̯ n e n	0
huononlaisesti	h u o̯ n o n l ɑ i̯ s e s t iˣ	0
huononnäköinen	h u o̯ n o n n æ k ø i̯ n e n	0
huonontaa	h u o̯ n o n t ɑː	45
huonontaa	h u o̯ n o n t ɑːˣ	45
huonontua	h u o̯ n o n t u ɑˣ	15
huonontuminen	h u o̯ n o n t u m i n e n	3
huononäköinen	h u o̯ n o n æ k ø i̯ n e n	0
huonopalkkainen	h u o̯ n o p ɑ l kː ɑ i̯ n e n	0
huonopäinen	h u o̯ n o p æ i̯ n e n	0
huonoryhtinen	h u o̯ n o r y h t i n e n	1
huonosatoinen	h u o̯ n o s ɑ t o i̯ n e n	0
huonosilmäinen	h u o̯ n o s i l m æ i̯ n e n	0
huonosti	h u o̯ n o s t iˣ	502
huonotapaisuus	h u o̯ n o t ɑ p ɑ i̯ s uː s	0
huonotuloinen	h u o̯ n o t u l o i̯ n e n	0
huonotuulisuus	h u o̯ n o t uː l i s uː s	1
huonous	h u o̯ n o u s	2
huonovointisuus	h u o̯ n o ʋ o i̯ n t i s uː s	4
huopa	h u o̯ p ɑ	13
huopaaminen	h u o̯ p ɑː m i n e n	2
huopainen	h u o̯ p ɑ i̯ n e n	3
huopakate	h u o̯ p ɑ k ɑ t eˣ	4
huopakatto	h u o̯ p ɑ k ɑ tː o	1
huopakynä	h u o̯ p ɑ k y n æ	0
huopanaula	h u o̯ p ɑ n ɑ u̯ l ɑ	0
huopatiiviste	h u o̯ p ɑ t iː ʋ i s t eˣ	0
huopatossutehdas	h u o̯ p ɑ t o sː u t e h d ɑ s	0
huopatyö	h u o̯ p ɑ t y ø̯	0
huopaus	h u o̯ p ɑ u s	0
huora	h u o̯ r ɑ	8
huoraaminen	h u o̯ r ɑː m i n e n	0
huorata	h u o̯ r ɑ t ɑˣ	0
huoripukki	h u o̯ r i p u kː i	0
huoruus	h u o̯ r uː s	0
huosia	h u o̯ s i ɑˣ	0
huosiain	h u o̯ s i ɑ i̯ n	0
huostaanottaa	h u o̯ s t ɑː n o tː ɑːˣ	0
huotra	h u o̯ t r ɑ	0
huovata	h u o̯ ʋ ɑ t ɑˣ	0
huovuttaminen	h u o̯ ʋ u tː ɑ m i n e n	0
hupa	h u p ɑ	5
hupailla	h u p ɑ i̯ lː ɑˣ	0
hupailu	h u p ɑ i̯ l u	1
hupainen	h u p ɑ i̯ n e n	0
hupaisa	h u p ɑ i̯ s ɑ	5
hupaisasti	h u p ɑ i̯ s ɑ s t iˣ	1
hupaisuus	h u p ɑ i̯ s uː s	0
hupenisi	h u p e n i s i	1
hupi	h u p i	0
huppu	h u pː u	9
hupputakki	h u pː u t ɑ kː i	0
hupsusti	h u p s u s t iˣ	2
hupsutella	h u p s u t e lː ɑˣ	0
hurahdella	h u r ɑ h d e lː ɑˣ	0
hurahtaa	h u r ɑ h t ɑːˣ	2
hurahtaminen	h u r ɑ h t ɑ m i n e n	1
hurina	h u r i n ɑ	2
huriseminen	h u r i s e m i n e n	0
hurista	h u r i s t ɑˣ	0
huristeleminen	h u r i s t e l e m i n e n	0
huristella	h u r i s t e lː ɑˣ	2
hurjasteleminen	h u r j ɑ s t e l e m i n e n	0
hurma	h u r m ɑ	3
hurmaaminen	h u r m ɑː m i n e n	1
hurmaantuminen	h u r m ɑː n t u m i n e n	0
hurme	h u r m eˣ	56
hurmoksellinen	h u r m o k s e lː i n e n	1
hurmoksellisuus	h u r m o k s e lː i s uː s	0
hurskas	h u r s k ɑ s	15
hurskasteleminen	h u r s k ɑ s t e l e m i n e n	0
hurskasteleva	h u r s k ɑ s t e l e ʋ ɑ	0
hurskastella	h u r s k ɑ s t e lː ɑˣ	0
hurskaus	h u r s k ɑ u s	3
hurstuthame	h u r s t u t h ɑ m eˣ	0
hurtta	h u r tː ɑ	6
hurtti	h u r tː i	1
hurvitteleminen	h u r ʋ i tː e l e m i n e n	0
hus	h u s	50
hutera	h u t e r ɑ	1
hutsu	h u t s u	0
huttu	h u tː u	5
huttunen	h u tː u n e n	121
hutunkeitto	h u t u n k e i̯ tː o	0
huuda	h uː d ɑˣ	18
huudahdella	h uː d ɑ h d e lː ɑˣ	0
huudahdus	h uː d ɑ h d u s	3
huudahtaa	h uː d ɑ h t ɑːˣ	8
huudahtaminen	h uː d ɑ h t ɑ m i n e n	0
huudella	h uː d e lː ɑˣ	3
huugo	h uː ɡ o	8
huuhdella	h uː h d e lː ɑˣ	20
huuhkaja	h uː h k ɑ j ɑ	8
huuhta	h uː h t ɑ	0
huuhteleminen	h uː h t e l e m i n e n	1
huuhtelu	h uː h t e l u	21
huuhtoa	h uː h t o ɑˣ	11
huuleilla	h uː l e i̯ lː ɑˣ	0
huuli	h uː l i	3
huulikiille	h uː l i k iː lː eˣ	0
huulikiilto	h uː l i k iː l t o	0
huulikoru	h uː l i k o r u	0
huulipuna	h uː l i p u n ɑ	1
huulirasva	h uː l i r ɑ s ʋ ɑ	0
huulisolu	h uː l i s o l u	0
huulisyöpä	h uː l i s y ø̯ p æ	0
huullos	h uː lː o s	0
huultenrajauskynä	h uː l t e n r ɑ j ɑ u s k y n æ	0
huuma	h uː m ɑ	4
huumaaminen	h uː m ɑː m i n e n	1
huumaantua	h uː m ɑː n t u ɑˣ	0
huumaava	h uː m ɑː ʋ ɑ	8
huumata	h uː m ɑ t ɑˣ	0
huume	h uː m eˣ	18
huumekoira	h uː m eˣ k o i̯ r ɑ	4
huumepoliisi	h uː m eˣ p o l iː s i	1
huumorintajuinen	h uː m o r i n t ɑ j u i̯ n e n	12
huunpurema	h uː n p u r e m ɑ	0
huurre	ʍ uː rː e ʔ	9
huurteinen	h uː r t e i̯ n e n	3
huurtuminen	h uː r t u m i n e n	2
huussi	h uː sː i	3
huutaa	h uː t ɑːˣ	95
huutaen	h uː t ɑ e n	8
huutaminen	h uː t ɑ m i n e n	3
huutis	h uː t i s	0
huuto	h uː t o	38
huutokauppa	h uː t o k ɑ u̯ pː ɑ	23
huutolainen	h uː t o l ɑ i̯ n e n	0
huutomeri	h uː t o m e r i	0
huutomerkki	h uː t o m e r kː i	1
huutomyrsky	h uː t o m y r s k y	1
huutopussi	h uː t o p u sː i	0
huvialue	h u ʋ i ɑ l u eˣ	1
huvielämä	h u ʋ i e l æ m æ	1
huvijahti	h u ʋ i j ɑ h t i	0
huvikausi	h u ʋ i k ɑ u̯ s i	0
huvikseen	h u ʋ i k s eː n	14
huvila	h u ʋ i l ɑ	45
huvilapalsta	h u ʋ i l ɑ p ɑ l s t ɑ	0
huvimatka	h u ʋ i m ɑ t k ɑ	1
huvimestari	h u ʋ i m e s t ɑ r i	0
huvinäytelmä	h u ʋ i n æ y̯ t e l m æ	0
huvipurjehdus	h u ʋ i p u r j e h d u s	0
huviteollisuus	h u ʋ i t e o lː i s uː s	0
huvitilaisuus	h u ʋ i t i l ɑ i̯ s uː s	1
huvitoimikunta	h u ʋ i t o i̯ m i k u n t ɑ	5
huvittaa	h u ʋ i tː ɑːˣ	28
huvittaminen	h u ʋ i tː ɑ m i n e n	0
huvitteleminen	h u ʋ i tː e l e m i n e n	0
huvittua	h u ʋ i tː u ɑˣ	1
huvivene	h u ʋ i ʋ e n eˣ	1
huvivero	h u ʋ i ʋ e r o	0
hyadit	h y ɑ d i t	4
hyasintti	h y ɑ s i n tː i	2
hybridi	h y b r i d i	9
hybridiorbitaali	h y b r i d i o r b i t ɑː l i	0
hybridisoitua	h y b r i d i s o i̯ t u ɑˣ	0
hybris	h y b r i s	0
hydrata	h y d r ɑ t ɑˣ	0
hydratoida	h y d r ɑ t o i̯ d ɑˣ	0
hydratoitua	h y d r ɑ t o i̯ t u ɑˣ	0
hydratoituminen	h y d r ɑ t o i̯ t u m i n e n	0
hydraulimoottori	h y d r ɑ u l i m oː tː o r i	1
hydraulimäntä	h y d r ɑ u l i m æ n t æ	0
hydraulineste	h y d r ɑ u l i n e s t eˣ	0
hydraus	h y d r ɑ u s	0
hydrobiologinen	h y d r o b i o l o ɡ i n e n	0
hydrogeologi	h y d r o ɡ e o l o ɡ i	0
hydrografia	h y d r o ɡ r ɑ f i ɑ	0
hydroksylaasi	h y d r o k s y l ɑː s i	0
hydrolaasi	h y d r o l ɑː s i	0
hydrolysoida	h y d r o l y s o i̯ d ɑˣ	0
hydrolysoitua	h y d r o l y s o i̯ t u ɑˣ	0
hydrometeorologi	h y d r o m e t e o r o l o ɡ i	0
hydroterminen	h y d r o t e r m i n e n	0
hyeena	h y eː n ɑ	0
hygienia	h y ɡ i e n i ɑ	36
hygieniapaperi	h y ɡ i e n i ɑ p ɑ p e r i	0
hygrografi	h y ɡ r o ɡ r ɑ f i	0
hygrometria	h y ɡ r o m e t r i ɑ	0
hygrostaatti	h y ɡ r o s t ɑː tː i	0
hyi	h y i̯	6
hyisesti	h y i̯ s e s t iˣ	0
hylje	h y l j eˣ	4
hyljekeihäs	h y l j eˣ k e i̯ h æ s	0
hyljekoira	h y l j eˣ k o i̯ r ɑ	0
hyljepyssy	h y l j eˣ p y sː y	0
hyljevene	h y l j eˣ ʋ e n eˣ	1
hylji	h y l j iˣ	0
hylki	h y l k i	0
hylkiminen	h y l k i m i n e n	1
hylkiä	h y l k i æˣ	2
hylky	h y l k y	5
hylkyaine	h y l k y ɑ i̯ n eˣ	0
hylkyauto	h y l k y ɑ u t o	0
hylkäysvirhe	h y l k æ y s ʋ i r h eˣ	0
hyllyaika	h y lː y ɑ i̯ k ɑ	0
hyllykomero	h y lː y k o m e r o	0
hyllykorjain	h y lː y k o r j ɑ i̯ n	0
hyllyluokitus	h y lː y l u o̯ k i t u s	2
hylsyavain	h y l s y ɑ ʋ ɑ i̯ n	0
hylätä	h y l æ t æˣ	141
hymen	h yː m e n	0
hymistellä	h y m i s t e lː æˣ	0
hymistä	h y m i s t æˣ	0
hymiö	h y m i ø	1
hymni	h y m n i	1
hymnografia	h y m n o ɡ r ɑ f i ɑ	0
hymy	h y m y	65
hymyhuulin	h y m y h uː l i n	1
hymyileminen	h y m y i̯ l e m i n e n	0
hymynaama	h y m y n ɑː m ɑ	0
hymähdellä	h y m æ h d e lː æˣ	0
hymähtäminen	h y m æ h t æ m i n e n	0
hyntteet	h y n tː eː t	0
hynttyyt	h y n tː yː t	8
hype	h y p e	6
hype	h ɑ i̯ p	6
hype	h ɑ i̯ pː i	6
hyperbeli	h y p e r b e l i	2
hypergeometrinen	h y p e r ɡ e o m e t r i n e n	0
hypermarket	h y p e r m ɑ r k e t	9
hypermarketti	h y p e r m ɑ r k e tː i	0
hypermedia	h y p e r m e d i ɑ	14
hyperonymia	h y p e r o n y m i ɑ	0
hyperreaaliluku	h y p e r r e ɑː l i l u k u	0
hypersteeni	h y p e r s t eː n i	0
hyperteksti	h y p e r t e k s t i	7
hypertensiivinen	h y p e r t e n s iː ʋ i n e n	1
hypertrikoosi	h y p e r t r i k oː s i	0
hypistellä	h y p i s t e lː æˣ	1
hypofyysi	h y p o f yː s i	0
hypoglykemia	h y p o ɡ l y k e m i ɑ	5
hypomania	h y p o m ɑ n i ɑ	0
hyponatremia	h y p o n ɑ t r e m i ɑ	3
hyposensibilisaatio	h y p o s e n s i b i l i s ɑː t i o	0
hyposykloidi	h y p o s y k l o i̯ d i	0
hypotaktinen	h y p o t ɑ k t i n e n	0
hypoteekkipankki	h y p o t eː kː i p ɑ ŋ kː i	0
hypoteesi	h y p o t eː s i	19
hypotenuusa	h y p o t e n uː s ɑ	2
hypotermia	h y p o t e r m i ɑ	8
hypoterminen	h y p o t e r m i n e n	0
hypovitaminoosi	h y p o ʋ i t ɑ m i n oː s i	0
hyppiä	h y pː i æˣ	9
hyppy	h y pː y	30
hyppylanka	h y pː y l ɑ ŋ k ɑ	0
hyppylauta	h y pː y l ɑ u̯ t ɑ	0
hyppyleikkaus	h y pː y l e i̯ kː ɑ u s	0
hyppypotku	h y pː y p o t k u	0
hyppypäästäinen	h y pː y p æː s t æ i̯ n e n	0
hyppyrimäki	h y pː y r i m æ k i	2
hyppytorni	h y pː y t o r n i	0
hyppäyksittäin	h y pː æ y k s i tː æ i̯ n	1
hypsometri	h y p s o m e t r i	0
hypähtäminen	h y p æ h t æ m i n e n	0
hypätä	h y p æ t æˣ	42
hyrynsalmelainen	h y r y n s ɑ l m e l ɑ i̯ n e n	0
hyrynsalmi	h y r y n s ɑ l m i	5
hyrähtäminen	h y r æ h t æ m i n e n	0
hyssyttäminen	h y sː y tː æ m i n e n	0
hysterektomia	h y s t e r e k t o m i ɑ	0
hytkytellä	h y t k y t e lː æˣ	0
hytkähdellä	h y t k æ h d e lː æˣ	0
hyttyssuoja	h y tː y s s u o̯ j ɑ	0
hyve	h y ʋ eˣ	31
hyveellinen	h y ʋ eː lː i n e n	6
hyvilleen	h y ʋ i lː eː n	0
hyvillään	h y ʋ i lː æː n	9
hyvin	h y ʋ i n	11706
hyvinjärjestys	h y ʋ i n j æ r j e s t y s	0
hyvinkää	h y ʋ i ŋ k æː	58
hyvinvointi	h y ʋ i n ʋ o i̯ n t i	239
hyvitellä	h y ʋ i t e lː æˣ	0
hyvittäminen	h y ʋ i tː æ m i n e n	2
hyvittää	h y ʋ i tː æːˣ	18
hyvyys	h y ʋ yː s	26
hyvyysluku	h y ʋ yː s l u k u	0
hyvä	h y ʋ æ	6888
hyväihoinen	h y ʋ æ i h o i̯ n e n	0
hyväkroppainen	h y ʋ æ k r o pː ɑ i̯ n e n	0
hyväksi	h y ʋ æ k s i	1503
hyväksikäyttää	h y ʋ æ k s i k æ y̯ tː æːˣ	5
hyväksikäyttö	h y ʋ æ k s i k æ y̯ tː ø	68
hyväksilukeminen	h y ʋ æ k s i l u k e m i n e n	7
hyväksyminen	h y ʋ æ k s y m i n e n	203
hyväksymistodennäköisyys	h y ʋ æ k s y m i s t o d e n n æ k ø i̯ s yː s	0
hyväksymisvirhe	h y ʋ æ k s y m i s ʋ i r h eˣ	0
hyväksyntä	h y ʋ æ k s y n t æ	76
hyväksyttäminen	h y ʋ æ k s y tː æ m i n e n	3
hyväksyä	h y ʋ æ k s y æˣ	1001
hyvän	h y ʋ æ n	1998
hyvänolontunne	h y ʋ æ n o l o n t u nː eˣ	2
hyväntekeväisyystanssiaiset	h y ʋ æ n t e k e ʋ æ i̯ s yː s t ɑ n sː i ɑ i̯ s e t	0
hyväosainen	h y ʋ æ o s ɑ i̯ n e n	1
hyvärinen	h y ʋ æ r i n e n	57
hyvästi	h y ʋ æ s t iˣ	15
hyvönen	h y ʋ ø n e n	43
hyy	h yː	27
hyyde	h yː d eˣ	0
hyydepato	h yː d eˣ p ɑ t o	0
hyydyttäminen	h yː d y tː æ m i n e n	0
hyydytysaine	h yː d y t y s ɑ i̯ n eˣ	0
hyyfi	h yː f i	0
hyytää	h yː t æːˣ	1
hyö	h y ø̯	2
hyödyllisyysmalli	h y ø̯ d y lː i s yː s m ɑ lː i	4
hyödynsaaja	h y ø̯ d y n s ɑː j ɑ	1
hyödyttäminen	h y ø̯ d y tː æ m i n e n	0
hyödytön	h y ø̯ d y t ø n	10
hyökkäyskanta	h y ø̯ kː æ y s k ɑ n t ɑ	0
hyökkäysketju	h y ø̯ kː æ y s k e t j u	1
hyökkäyskäsky	h y ø̯ kː æ y s k æ s k y	0
hyökkäysohjus	h y ø̯ kː æ y s o h j u s	0
hyökkäyspeli	h y ø̯ kː æ y s p e l i	12
hyökkäyssuunnitelma	h y ø̯ kː æ y s s uː nː i t e l m ɑ	0
hyökkäystie	h y ø̯ kː æ y s t i e̯	0
hyökkääminen	h y ø̯ kː æː m i n e n	0
hyökkäävästi	h y ø̯ kː æː ʋ æ s t iˣ	0
hyökätä	h y ø̯ k æ t æˣ	34
hyönteiskarkote	h y ø̯ n t e i̯ s k ɑ r k o t eˣ	0
hyönteismaailma	h y ø̯ n t e i̯ s m ɑː i l m ɑ	0
hyönteispölytteinen	h y ø̯ n t e i̯ s p ø l y tː e i̯ n e n	1
hyönteistiede	h y ø̯ n t e i̯ s t i e̯ d eˣ	0
hyönteistutkimus	h y ø̯ n t e i̯ s t u t k i m u s	0
hyöty	h y ø̯ t y	280
hyötykasvikuivuri	h y ø̯ t y k ɑ s ʋ i k u i̯ ʋ u r i	0
hyötykuorma	h y ø̯ t y k u o̯ r m ɑ	3
hyötymansikka	h y ø̯ t y m ɑ n s i kː ɑ	0
hyötymikrobi	h y ø̯ t y m i k r o b i	0
hyötyminen	h y ø̯ t y m i n e n	3
hyötyohjelma	h y ø̯ t y o h j e l m ɑ	1
hyötyosuus	h y ø̯ t y o s uː s	5
hyötypuu	h y ø̯ t y p uː	0
hyötyä	h y ø̯ t y æˣ	788
hyötää	h y ø̯ t æːˣ	2
hyötö	h y ø̯ t ø	0
hä	h æ	2
hädin	h æ d i n	18
hähättäminen	h æ h æ tː æ m i n e n	0
häijy	h æ i̯ j y	2
häijysti	h æ i̯ j y s t iˣ	1
häikkä	h æ i̯ kː æ	0
häikäileminen	h æ i̯ k æ i̯ l e m i n e n	0
häikäilemättömästi	h æ i̯ k æ i̯ l e m æ tː ø m æ s t iˣ	2
häikäillä	h æ i̯ k æ i̯ lː æˣ	0
häilähdellä	h æ i̯ l æ h d e lː æˣ	0
häipyminen	h æ i̯ p y m i n e n	2
häipyvä	h æ i̯ p y ʋ æ	0
häiriintyminen	h æ i̯ r iː n t y m i n e n	7
häiriintyvyys	h æ i̯ r iː n t y ʋ yː s	0
häiriköiminen	h æ i̯ r i k ø i̯ m i n e n	0
häirintä	h æ i̯ r i n t æ	28
häirintälähetin	h æ i̯ r i n t æ l æ h e t i n	0
häirintätuli	h æ i̯ r i n t æ t u l i	0
häiritseminen	h æ i̯ r i t s e m i n e n	8
häiritä	h æ i̯ r i t æˣ	70
häiriö	h æ i̯ r i ø	117
häiriöaltis	h æ i̯ r i ø ɑ l t i s	1
häiriöalttius	h æ i̯ r i ø ɑ l tː i u s	1
häiriökäyttäytyminen	h æ i̯ r i ø k æ y̯ tː æ y t y m i n e n	8
häiriöpäästö	h æ i̯ r i ø p æː s t ø	0
häiriösuojaus	h æ i̯ r i ø s u o̯ j ɑ u s	1
häiriötapaus	h æ i̯ r i ø t ɑ p ɑ u s	0
häiriötekijä	h æ i̯ r i ø t e k i j æ	6
häiriöteoria	h æ i̯ r i ø t e o r i ɑ	0
häiriötiheys	h æ i̯ r i ø t i h e y s	0
häiriötila	h æ i̯ r i ø t i l ɑ	4
häiriövirta	h æ i̯ r i ø ʋ i r t ɑ	0
häive	h æ i̯ ʋ eˣ	0
häivyttäminen	h æ i̯ ʋ y tː æ m i n e n	3
häivyttäneen	h æ i̯ ʋ y tː æ n eː n	0
häivä	h æ i̯ ʋ æ	4
häkellyksiin	h æ k e lː y k s iː n	0
häkellyksiinsä	h æ k e lː y k s iː n s æ	0
häkellyksissä	h æ k e lː y k s i sː æ	0
häkellyksissään	h æ k e lː y k s i sː æː n	0
häkellyttävä	h æ k e lː y tː æ ʋ æ	6
häkeltyminen	h æ k e l t y m i n e n	0
häkilä	h æ k i l æ	0
häkkeri	h æ kː e r i	0
häkki	h æ kː i	19
häkkikanala	h æ kː i k ɑ n ɑ l ɑ	1
häkkilava	h æ kː i l ɑ ʋ ɑ	0
häkkilintu	h æ kː i l i n t u	0
häkkinen	h æ kː i n e n	83
häkä	h æ k æ	13
häkäkaasu	h æ k æ k ɑː s u	0
häkälöyly	h æ k æ l ø y̯ l y	0
häkämyrkytys	h æ k æ m y r k y t y s	0
häkäpönttö	h æ k æ p ø n tː ø	0
hälveneminen	h æ l ʋ e n e m i n e n	1
hälvetä	h æ l ʋ e t æˣ	2
hälyttäminen	h æ l y tː æ m i n e n	1
hälytysajo	h æ l y t y s ɑ j o	1
hälytysalue	h æ l y t y s ɑ l u eˣ	1
hälytysjärjestelmä	h æ l y t y s j æ r j e s t e l m æ	13
hälytyskeskus	h æ l y t y s k e s k u s	5
hälytyslaite	h æ l y t y s l ɑ i̯ t eˣ	0
hälytysmerkki	h æ l y t y s m e r kː i	2
hälytysnumero	h æ l y t y s n u m e r o	1
hälytyssireeni	h æ l y t y s s i r eː n i	1
hälytystila	h æ l y t y s t i l ɑ	0
hälytystorvi	h æ l y t y s t o r ʋ i	0
hälytysvalmis	h æ l y t y s ʋ ɑ l m i s	0
hälytysvalmius	h æ l y t y s ʋ ɑ l m i u s	0
hälytysvalo	h æ l y t y s ʋ ɑ l o	0
hälytysääni	h æ l y t y s æː n i	2
häläri	h æ l æ r i	0
häme	h æ m eˣ	31
hämeenkyrö	h æ m eː n k y r ø	8
hämeenkyröläinen	h æ m eː n k y r ø l æ i̯ n e n	1
hämeenlinna	h æ m eː n l i nː ɑ	142
hämillinen	h æ m i lː i n e n	1
hämmennyksissä	h æ mː e nː y k s i sː æ	0
hämmennyksissään	h æ mː e nː y k s i sː æː n	2
hämmentyminen	h æ mː e n t y m i n e n	0
hämmentäminen	h æ mː e n t æ m i n e n	0
hämmälillukka	h æ mː æ l i lː u kː ɑ	0
hämmästellä	h æ mː æ s t e lː æˣ	4
hämmästyksissään	h æ mː æ s t y k s i sː æː n	2
hämmästyttäminen	h æ mː æ s t y tː æ m i n e n	0
hämähäkkiapina	h æ m æ h æ kː i ɑ p i n ɑ	0
hämäläinen	h æ m æ l æ i̯ n e n	293
hämäläismurteet	h æ m æ l æ i̯ s m u r t eː t	0
hämärtyä	h æ m æ r t y æˣ	6
hämärtää	h æ m æ r t æː	18
hämärtää	h æ m æ r t æːˣ	18
hämärä	h æ m æ r æ	31
hämäräkytkin	h æ m æ r æ k y t k i n	2
hämärätila	h æ m æ r æ t i l ɑ	0
hämääminen	h æ m æː m i n e n	0
hämäännyksiin	h æ m æː nː y k s iː n	0
hämäännyksissä	h æ m æː nː y k s i sː æ	0
hämäännyksissään	h æ m æː nː y k s i sː æː n	0
hämääntyminen	h æ m æː n t y m i n e n	0
hän	h æ n	20276
häneen	h æ n eː n	253
häneksi	h æ n e k s i	0
hänelle	h æ n e lː eˣ	1574
hänellä	h æ n e lː æ	1210
häneltä	h æ n e l t æ	267
hänenlaisensa	h æ n e n l ɑ i̯ s e n s ɑˣ	0
hänenä	h æ n e n æ	0
hänessä	h æ n e sː æ	127
hänettä	h æ n e tː æ	0
hänninen	h æ nː i n e n	79
hännystakki	h æ nː y s t ɑ kː i	1
hännätön	h æ nː æ t ø n	0
häntä	h æ n t æ	1490
häntänata	h æ n t æ n ɑ t ɑ	0
häntärekursio	h æ n t æ r e k u r s i o	0
häntävyö	h æ n t æ ʋ y ø̯	0
häpeillä	h æ p e i̯ lː æˣ	2
häpeissään	h æ p e i̯ sː æː n	5
häpeä	h æ p e æ	73
häpeä	h æ p e æˣ	73
häpeäminen	h æ p e æ m i n e n	0
häpeämättömästi	h æ p e æ m æ tː ø m æ s t iˣ	2
häpeäntunne	h æ p e æ n t u nː eˣ	0
häpeäpenkki	h æ p e æ p e ŋ kː i	0
häpeäpilkku	h æ p e æ p i l kː u	0
häpeärangaistus	h æ p e æ r ɑ ŋː ɑ i̯ s t u s	0
häppä	h æ pː æ	0
häpyhuuli	h æ p y h uː l i	0
häpykieli	h æ p y k i e̯ l i	0
häpykukkula	h æ p y k u kː u l ɑ	0
häpykumpu	h æ p y k u m p u	0
häristä	h æ r i s t æˣ	0
härkä	h æ r k æ	21
härkäjyvä	h æ r k æ j y ʋ æ	0
härkämulli	h æ r k æ m u lː i	0
härkämullikka	h æ r k æ m u lː i kː ɑ	0
härkäpäisesti	h æ r k æ p æ i̯ s e s t iˣ	1
härkäpää	h æ r k æ p æː	10
härkäsimppu	h æ r k æ s i m pː u	0
härkävaljakko	h æ r k æ ʋ ɑ l j ɑ kː o	0
härkävaunu	h æ r k æ ʋ ɑ u̯ n u	0
härkäviikko	h æ r k æ ʋ iː kː o	0
härmistyä	h æ r m i s t y æˣ	0
härmistää	h æ r m i s t æːˣ	0
härmä	h æ r m æ	11
härnäillä	h æ r n æ i̯ lː æˣ	0
härnätä	h æ r n æ t æˣ	1
härskiintyminen	h æ r s k iː n t y m i n e n	2
härskiintynyt	h æ r s k iː n t y n y t	0
härskiintyä	h æ r s k iː n t y æˣ	0
häränfilee	h æ r æ n f i l eː	0
häränhäntä	h æ r æ n h æ n t æ	0
häränkieli	h æ r æ n k i e̯ l i	0
häränleike	h æ r æ n l e i̯ k eˣ	0
häränpaisti	h æ r æ n p ɑ i̯ s t i	0
häränpihvi	h æ r æ n p i h ʋ i	0
häränpylly	h æ r æ n p y lː y	0
häränseläke	h æ r æ n s e l æ k eˣ	0
häränsilmä	h æ r æ n s i l m æ	1
häränvuota	h æ r æ n ʋ u o̯ t ɑ	0
härö	h æ r ø	2
hässiminen	h æ sː i m i n e n	0
hästäkki	h æ s t æ kː i	0
häthätää	h æ t h æ t æː	1
hätimmiten	h æ t i mː i t e n	0
hätistellä	h æ t i s t e lː æˣ	2
hätkähdellä	h æ t k æ h d e lː æˣ	0
hätkähdyttävä	h æ t k æ h d y tː æ ʋ æ	5
hätkähtäminen	h æ t k æ h t æ m i n e n	0
hätyytellä	h æ t yː t e lː æˣ	0
hätyyttäminen	h æ t yː tː æ m i n e n	0
hätyyttää	h æ t yː tː æːˣ	0
hätä	h æ t æ	33
hätäapu	h æ t æ ɑ p u	3
hätäaputyö	h æ t æ ɑ p u t y ø̯	0
hätähousu	h æ t æ h o u̯ s u	0
hätäileminen	h æ t æ i̯ l e m i n e n	0
hätäillä	h æ t æ i̯ lː æˣ	0
hätäisesti	h æ t æ i̯ s e s t iˣ	8
hätäjarru	h æ t æ j ɑ rː u	1
hätäjarrutus	h æ t æ j ɑ rː u t u s	0
hätäkokous	h æ t æ k o k o u s	0
hätälasku	h æ t æ l ɑ s k u	0
hätäleipä	h æ t æ l e i̯ p æ	0
hätäliukumäki	h æ t æ l i u̯ k u m æ k i	0
hätämajoitus	h æ t æ m ɑ j o i̯ t u s	1
hätänumero	h æ t æ n u m e r o	7
hätäpuhelu	h æ t æ p u h e l u	0
hätäraha	h æ t æ r ɑ h ɑ	0
hätätikkaat	h æ t æ t i kː ɑː t	0
hätätila	h æ t æ t i l ɑ	3
hätätilalaki	h æ t æ t i l ɑ l ɑ k i	0
hätätyö	h æ t æ t y ø̯	0
hätävarjelu	h æ t æ ʋ ɑ r j e l u	0
hätäännyksissä	h æ t æː nː y k s i sː æ	0
hätäännyksissään	h æ t æː nː y k s i sː æː n	0
hätääntyminen	h æ t æː n t y m i n e n	1
hävettää	h æ ʋ e tː æːˣ	10
hävetä	h æ ʋ e t æˣ	33
hävittäjäalus	h æ ʋ i tː æ j æ ɑ l u s	0
hävittää	h æ ʋ i tː æːˣ	109
hävitys	h æ ʋ i t y s	17
hävitysaine	h æ ʋ i t y s ɑ i̯ n eˣ	0
hävitysluettelo	h æ ʋ i t y s l u e tː e l o	0
hävitystyö	h æ ʋ i t y s t y ø̯	1
hävitä	h æ ʋ i t æˣ	60
häviö	h æ ʋ i ø	7
häviöllinen	h æ ʋ i ø lː i n e n	1
häviötön	h æ ʋ i ø t ø n	3
häväiseminen	h æ ʋ æ i̯ s e m i n e n	0
hääateria	h æː ɑ t e r i ɑ	0
häädellä	h æː d e lː æˣ	0
hääitku	h æː i t k u	0
hääkansa	h æː k ɑ n s ɑ	0
hääkuva	h æː k u ʋ ɑ	4
häälento	h æː l e n t o	0
häämenot	h æː m e n o t	0
häämöttäminen	h æː m ø tː æ m i n e n	0
häämöttää	h æː m ø tː æːˣ	21
hääriminen	h æː r i m i n e n	0
hääriä	h æː r i æˣ	2
häärätä	h æː r æ t æˣ	3
hääsali	h æː s ɑ l i	0
häät	h æː t	44
häätapa	h æː t ɑ p ɑ	0
häätäminen	h æː t æ m i n e n	1
häätää	h æː t æːˣ	6
häätö	h æː t ø	8
häävisti	h æː ʋ i s t iˣ	0
hääyö	h æː y ø	1
hääyöaie	h æː y ø ɑ i̯ eˣ	0
höhlä	h ø c l æ	0
höliseminen	h ø l i s e m i n e n	0
hölkkääminen	h ø l kː æː m i n e n	1
hölkytellä	h ø l k y t e lː æˣ	0
hölläkätisesti	h ø lː æ k æ t i s e s t iˣ	0
höllälle	h ø lː æ lː eˣ	0
höllällä	h ø lː æ lː æ	0
höllään	h ø lː æː n	0
hölmistyminen	h ø l m i s t y m i n e n	0
hölmö	h ø l m ø	6
hölmölä	h ø l m ø l æ	0
hölpöttäminen	h ø l p ø tː æ m i n e n	0
höltyä	h ø l t y æˣ	1
hömelö	h ø m e l ø	1
hömppäsivu	h ø m pː æ s i ʋ u	0
hömpsöttäminen	h ø m p s ø tː æ m i n e n	0
höperösti	h ø p e r ø s t iˣ	0
höpinä	h ø p i n æ	2
höpiseminen	h ø p i s e m i n e n	0
höpsistä	h ø p s i s t æ	0
höpsähtänyt	h ø p s æ h t æ n y t	0
höpsö	h ø p s ø	0
höpöttäminen	h ø p ø tː æ m i n e n	0
höristellä	h ø r i s t e lː æˣ	0
höristä	h ø r i s t æˣ	0
hörppiä	h ø r pː i æˣ	2
hörtsö	h ø r t s ø	0
hörähdellä	h ø r æ h d e lː æˣ	0
hörähtäminen	h ø r æ h t æ m i n e n	0
hörähtää	h ø r æ h t æːˣ	1
hörölle	h ø r ø lː eˣ	0
hörölleen	h ø r ø lː eː n	0
höröllä	h ø r ø lː æ	3
höröllään	h ø r ø lː æː n	0
hörössä	h ø r ø sː æ	0
höröttäminen	h ø r ø tː æ m i n e n	0
höröön	h ø r øː n	0
hötkyillä	h ø t k y i̯ lː æˣ	2
höttösissään	h ø tː ø s i sː æː n	0
hövelisti	h ø ʋ e l i s t iˣ	1
höyhen	h ø y̯ h e n	4
höyhenheinä	h ø y̯ h e n h e i̯ n æ	0
höyhenpeite	h ø y̯ h e n p e i̯ t e	2
höyhensaaret	h ø y̯ h e n s ɑː r e t	0
höyhentuppi	h ø y̯ h e n t u pː i	0
höyhentäminen	h ø y̯ h e n t æ m i n e n	0
höyhenväkänen	h ø y̯ h e n ʋ æ k æ n e n	0
höykyttäminen	h ø y̯ k y tː æ m i n e n	0
höylisti	h ø y̯ l i s t iˣ	0
höylähirsi	h ø y̯ l æ h i r s i	2
höyläkone	h ø y̯ l æ k o n eˣ	2
höylänlastu	h ø y̯ l æ n l ɑ s t u	0
höyläpenkki	h ø y̯ l æ p e ŋ kː i	0
höylääminen	h ø y̯ l æː m i n e n	1
höyläämö	h ø y̯ l æː m ø	5
höynäyttää	h ø y̯ n æ y tː æːˣ	1
höyry	h ø y̯ r y	29
höyryauto	h ø y̯ r y ɑ u t o	0
höyryhinaaja	h ø y̯ r y h i n ɑː j ɑ	0
höyryjarru	h ø y̯ r y j ɑ rː u	0
höyryjyrä	h ø y̯ r y j y r æ	1
höyrykone	h ø y̯ r y k o n eˣ	7
höyrykypsentää	h ø y̯ r y k y p s e n t æːˣ	0
höyrylotja	h ø y̯ r y l o t j ɑ	0
höyrymylly	h ø y̯ r y m y lː y	2
höyrypilvi	h ø y̯ r y p i l ʋ i	0
höyrypursi	h ø y̯ r y p u r s i	0
höyryräjähdys	h ø y̯ r y r æ j æ h d y s	0
höyrysäiliöveturi	h ø y̯ r y s æ i̯ l i ø ʋ e t u r i	1
höyryttyminen	h ø y̯ r y tː y m i n e n	0
höyryttäminen	h ø y̯ r y tː æ m i n e n	0
höyryuuni	h ø y̯ r y uː n i	0
höyryveturi	h ø y̯ r y ʋ e t u r i	3
höyryvoimala	h ø y̯ r y ʋ o i̯ m ɑ l ɑ	1
höyryyntyminen	h ø y̯ r yː n t y m i n e n	0
höyryäminen	h ø y̯ r y æ m i n e n	0
höystää	h ø y̯ s t æːˣ	4
iankaikkinen	i ɑ n k ɑ i̯ kː i n e n	40
ibuprofeeni	i b u p r o f eː n i	3
ibuprofeiini	i b u p r o f e i̯ː n i	0
idaho	i d ɑ h o	0
idaho	ɑ i̯ d ɑ h o	0
ideaalikaasu	i d e ɑː l i k ɑː s u	1
ideaalikaasulaki	i d e ɑː l i k ɑː s u l ɑ k i	0
idearikas	i d e ɑ r i k ɑ s	2
idemmäs	i d e mː æ s	0
idempi	i d e m p i	0
idempotentti	i d e m p o t e n tː i	1
identiteettikuvaus	i d e n t i t eː tː i k u ʋ ɑ u s	0
ideoiminen	i d e o i̯ m i n e n	4
idiopaattinen	i d i o p ɑː tː i n e n	1
idioventrikulaarinen	i d i o ʋ e n t r i k u l ɑː r i n e n	0
idunestoaine	i d u n e s t o ɑ i̯ n eˣ	0
idä	i d æˣ	1
idänsara	i d æ n s ɑ r ɑ	0
idänsuhteet	i d æ n s u h t eː t	1
idättäminen	i d æ tː æ m i n e n	0
ien	i e n	18
ientulehdus	i e n t u l e h d u s	4
ies	i e s	5
ignatius	i ɡ n ɑː t s i u s	14
ignoorata	i ɡ n oː r ɑ t ɑˣ	0
iha	i h ɑ ʔ	14
ihaileminen	i h ɑ i̯ l e m i n e n	2
ihailla	i h ɑ i̯ lː ɑˣ	85
ihan	i h ɑ n	1942
ihana	i h ɑ n ɑ	118
ihanasti	i h ɑ n ɑ s t iˣ	14
ihanneolot	i h ɑ nː eˣ o l o t	0
ihannoiminen	i h ɑ nː o i̯ m i n e n	1
ihastua	i h ɑ s t u ɑˣ	3
ihastuksissaan	i h ɑ s t u k s i sː ɑː n	1
ihastuminen	i h ɑ s t u m i n e n	3
ihastunut	i h ɑ s t u n u t	21
ihastuttaa	i h ɑ s t u tː ɑːˣ	8
ihastuttava	i h ɑ s t u tː ɑ ʋ ɑ	17
ihastuttavasti	i h ɑ s t u tː ɑ ʋ ɑ s t iˣ	0
ihkasen	i h k ɑ s e n	0
ihme	i h m e	309
ihmeaine	i h m eˣ ɑ i̯ n eˣ	0
ihmeesti	i h m eː s t iˣ	4
ihmemaailma	i h m eˣ m ɑː i l m ɑ	0
ihmetellä	i h m e t e lː æˣ	87
ihmeteltävästi	i h m e t e l t æ ʋ æ s t iˣ	1
ihmetyö	i h m eˣ t y ø̯	0
ihminen	i h m i n e n	2243
ihmisaivot	i h m i s ɑ i̯ ʋ o t	0
ihmisajatus	i h m i s ɑ j ɑ t u s	0
ihmisapina	i h m i s ɑ p i n ɑ	0
ihmisarka	i h m i s ɑ r k ɑ	1
ihmisarkuus	i h m i s ɑ r k uː s	0
ihmisarvo	i h m i s ɑ r ʋ o	17
ihmisasumus	i h m i s ɑ s u m u s	1
ihmisasunto	i h m i s ɑ s u n t o	0
ihmiselo	i h m i s e l o	1
ihmiselämä	i h m i s e l æ m æ	2
ihmisenalku	i h m i s e n ɑ l k u	0
ihmishahmo	i h m i s h ɑ h m o	1
ihmishenki	i h m i s h e ŋ k i	3
ihmisikä	i h m i s i k æ	2
ihmisinsuliini	i h m i s i n s u l iː n i	0
ihmisjärki	i h m i s j æ r k i	4
ihmiskasvot	i h m i s k ɑ s ʋ o t	1
ihmiskirppu	i h m i s k i r pː u	0
ihmiskohtalo	i h m i s k o h t ɑ l o	0
ihmiskunta	i h m i s k u n t ɑ	31
ihmiskuvaaja	i h m i s k u ʋ ɑː j ɑ	0
ihmiskuvaus	i h m i s k u ʋ ɑ u s	2
ihmiskäsi	i h m i s k æ s i	2
ihmisliha	i h m i s l i h ɑ	0
ihmisluettava	i h m i s l u e tː ɑ ʋ ɑ	0
ihmisluonne	i h m i s l u o̯ nː eˣ	0
ihmismaantiede	i h m i s m ɑː n t i e̯ d eˣ	0
ihmismetsästys	i h m i s m e t s æ s t y s	0
ihmismieli	i h m i s m i e̯ l i	7
ihmismuuri	i h m i s m uː r i	2
ihmismäisesti	i h m i s m æ i̯ s e s t iˣ	0
ihmisoikeusrikos	i h m i s o i̯ k e u s r i k o s	1
ihmisolento	i h m i s o l e n t o	2
ihmispelko	i h m i s p e l k o	1
ihmispeto	i h m i s p e t o	0
ihmispopulaatio	i h m i s p o p u l ɑː t i o	1
ihmisraukka	i h m i s r ɑ u̯ kː ɑ	0
ihmisruumis	i h m i s r uː m i s	1
ihmissielu	i h m i s s i e̯ l u	1
ihmissuku	i h m i s s u k u	2
ihmissydän	i h m i s s y d æ n	5
ihmistaimi	i h m i s t ɑ i̯ m i	0
ihmistaito	i h m i s t ɑ i̯ t o	0
ihmistavat	i h m i s t ɑ ʋ ɑ t	0
ihmistungos	i h m i s t u ŋː o s	0
ihmistuntemus	i h m i s t u n t e m u s	3
ihmistuntija	i h m i s t u n t i j ɑ	1
ihmistyyppi	i h m i s t yː pː i	2
ihmistyö	i h m i s t y ø̯	2
ihmistäi	i h m i s t æ i̯	0
ihmisuhri	i h m i s u h r i	0
ihmisvilinä	i h m i s ʋ i l i n æ	0
ihmisvirta	i h m i s ʋ i r t ɑ	0
ihmisvoima	i h m i s ʋ o i̯ m ɑ	0
ihmisyhteiskunta	i h m i s y h t e i̯ s k u n t ɑ	1
ihmisyhteisö	i h m i s y h t e i̯ s ø	0
ihmisymmärrys	i h m i s y mː æ rː y s	0
ihmisäly	i h m i s æ l y	2
iho	i h o	144
ihoalue	i h o ɑ l u eˣ	5
ihohengitys	i h o h e ŋː i t y s	0
ihohuokonen	i h o h u o̯ k o n e n	0
ihojauhe	i h o j ɑ u̯ h eˣ	0
ihokarva	i h o k ɑ r ʋ ɑ	0
ihokoe	i h o k o eˣ	1
iholihaksisto	i h o l i h ɑ k s i s t o	0
ihomaali	i h o m ɑː l i	0
ihonalainen	i h o n ɑ l ɑ i̯ n e n	3
ihonalaiskudos	i h o n ɑ l ɑ i̯ s k u d o s	0
ihonhoitoaine	i h o n h o i̯ t o ɑ i̯ n eˣ	0
ihonkuorinta	i h o n k u o̯ r i n t ɑ	0
ihonpuhdistus	i h o n p u h d i s t u s	1
ihonpuhdistusaine	i h o n p u h d i s t u s ɑ i̯ n eˣ	0
ihopaita	i h o p ɑ i̯ t ɑ	0
ihopoimu	i h o p o i̯ m u	1
ihorasva	i h o r ɑ s ʋ ɑ	0
ihosairaus	i h o s ɑ i̯ r ɑ u s	4
ihoteippi	i h o t e i̯ pː i	1
ihottuma	i h o tː u m ɑ	42
ihotuberkuloosi	i h o t u b e r k u l oː s i	0
ihovoide	i h o ʋ o i̯ d eˣ	0
ihoväri	i h o ʋ æ r i	0
ihra	i h r ɑ	1
ihtiriekko	i h t i r i e kː o	0
ii	iː	963
iida	iː d ɑ	19
iijoki	iː j o k i	0
iik	iː k	2
iikka	iː kː ɑ	19
iilimato	iː l i m ɑ t o	0
iiläinen	iː l æ i̯ n e n	0
iina	iː n ɑ	16
iines	iː n e s	10
iiris	iː r i s	19
iiro	iː r o	49
iisak	iː s ɑ k	8
iisakki	iː s ɑ kː i	27
iisalmelainen	iː s ɑ l m e l ɑ i̯ n e n	3
iisalmi	iː s ɑ l m i	19
iisi	iː s i	1
iita	iː t ɑ	5
iitti	iː tː i	11
iittiläinen	iː tː i l æ i̯ n e n	0
iiva	iː ʋ ɑ	0
iivana	iː ʋ ɑ n ɑ	12
iivari	iː ʋ ɑ r i	36
iivo	iː ʋ o	6
iivonen	iː ʋ o n e n	14
ijoliitti	i j o l iː tː i	0
ikaalilainen	i k ɑː l i l ɑ i̯ n e n	0
ikaalinen	i k ɑː l i n e n	24
ikaalislainen	i k ɑː l i l ɑ i̯ n e n	0
ikihonka	i k i h o ŋ k ɑ	0
ikimetsä	i k i m e t s æ	0
ikinä	i k i n æ	220
ikipäiviksi	i k i p æ i̯ ʋ i k s i	0
ikipäivinä	i k i p æ i̯ ʋ i n æ	1
ikivanha	i k i ʋ ɑ n h ɑ	34
ikkuna	i kː u n ɑ	155
ikkunafunktio	i kː u n ɑ f u ŋ k t i o	0
ikkunahätäuloskäynti	i kː u n ɑ h æ t æ u l o s k æ y̯ n t i	0
ikkunakitti	i kː u n ɑ k i tː i	0
ikkunaliina	i kː u n ɑ l iː n ɑ	0
ikkunamainonta	i kː u n ɑ m ɑ i̯ n o n t ɑ	0
ikkunamainos	i kː u n ɑ m ɑ i̯ n o s	1
ikkunanhaka	i kː u n ɑ n h ɑ k ɑ	0
ikkunankarmi	i kː u n ɑ n k ɑ r m i	0
ikkunankehys	i kː u n ɑ n k e h y s	0
ikkunankuivain	i kː u n ɑ n k u i̯ ʋ ɑ i̯ n	0
ikkunanpesin	i kː u n ɑ n p e s i n	0
ikkunanpesu	i kː u n ɑ n p e s u	0
ikkunanpieli	i kː u n ɑ n p i e̯ l i	0
ikkunanrako	i kː u n ɑ n r ɑ k o	0
ikkunantiiviste	i kː u n ɑ n t iː ʋ i s t eˣ	0
ikkunanäyttely	i kː u n ɑ n æ y̯ tː e l y	0
ikkunaostos	i kː u n ɑ o s t o s	0
ikkunapalkki	i kː u n ɑ p ɑ l kː i	0
ikkunapinta	i kː u n ɑ p i n t ɑ	0
ikkunaristikko	i kː u n ɑ r i s t i kː o	0
ikkunarivi	i kː u n ɑ r i ʋ i	0
ikkunaseinä	i kː u n ɑ s e i̯ n æ	0
ikkunasomistus	i kː u n ɑ s o m i s t u s	0
ikkunasyvennys	i kː u n ɑ s y ʋ e nː y s	0
ikkunatiiviste	i kː u n ɑ t iː ʋ i s t eˣ	0
ikkunatuuletus	i kː u n ɑ t uː l e t u s	0
ikkunaverho	i kː u n ɑ ʋ e r h o	0
ikonen	i k o n e n	66
ikuinen	i k u i̯ n e n	68
ikuisuus	i k u i̯ s uː s	7
ikuisuusprojekti	i k u i̯ s uː s p r o j e k t i	1
ikä	i k æ	328
ikäero	i k æ e r o	4
ikäinen	i k æ i̯ n e n	69
ikäkausi	i k æ k ɑ u̯ s i	4
ikäkausikilpailut	i k æ k ɑ u̯ s i k i l p ɑ i̯ l u t	0
ikäraja	i k æ r ɑ j ɑ	36
ikärajaton	i k æ r ɑ j ɑ t o n	2
ikävissään	i k æ ʋ i sː æː n	1
ikävystyneesti	i k æ ʋ y s t y n eː s t iˣ	0
ikävystyttäminen	i k æ ʋ y s t y tː æ m i n e n	0
ikävystyttävä	i k æ ʋ y s t y tː æ ʋ æ	3
ikävystyttävästi	i k æ ʋ y s t y tː æ ʋ æ s t iˣ	0
ikävä	i k æ ʋ æ	189
ikävästi	i k æ ʋ æ s t iˣ	28
ikävöiminen	i k æ ʋ ø i̯ m i n e n	0
ikävöitseminen	i k æ ʋ ø i̯ t s e m i n e n	1
ilahduttava	i l ɑ h d u tː ɑ ʋ ɑ	11
ilahtuminen	i l ɑ h t u m i n e n	0
ilari	i l ɑ r i	26
iljettävä	i l j e tː æ ʋ æ	2
iljetä	i l j e t æˣ	0
ilkeily	i l k e i̯ l y	0
ilkeneminen	i l k e n e m i n e n	0
ilkeä	i l k e æ	24
ilkeäminen	i l k e æ m i n e n	0
ilkeästi	i l k e æ s t iˣ	3
ilkikurisesti	i l k i k u r i s e s t iˣ	1
ilkityö	i l k i t y ø̯	0
ilkka	i l kː ɑ	618
ilkkuminen	i l kː u m i n e n	0
ilkosilleen	i l k o s i lː eː n	1
illabiaalinen	i lː ɑ b i ɑː l i n e n	0
illalliskortti	i lː ɑ lː i s k o r tː i	2
illallistanssiaiset	i lː ɑ lː i s t ɑ n sː i ɑ i̯ s e t	0
illanistujaiset	i lː ɑ n i s t u j ɑ i̯ s e t	3
illastaminen	i lː ɑ s t ɑ m i n e n	0
illatsut	i lː ɑ t s u t	0
illemmaksi	i lː e mː ɑ k s i	0
illemmalla	i lː e mː ɑ lː ɑ	6
illiitti	i lː iː tː i	0
illinois	i lː i n o i̯ s	3
ilma	i l m ɑ	251
ilmaantuminen	i l m ɑː n t u m i n e n	18
ilmaantuvuus	i l m ɑː n t u ʋ uː s	22
ilmahehku	i l m ɑ h e h k u	0
ilmahoito	i l m ɑ h o i̯ t o	0
ilmahuokonen	i l m ɑ h u o̯ k o n e n	0
ilmailunäytös	i l m ɑ i̯ l u n æ y̯ t ø s	0
ilmaisanti	i l m ɑ i̯ s ɑ n t i	0
ilmaiseminen	i l m ɑ i̯ s e m i n e n	28
ilmaiset	i l m ɑ i̯ s e t	37
ilmaisinalue	i l m ɑ i̯ s i n ɑ l u eˣ	0
ilmaislääke	i l m ɑ i̯ s l æː k eˣ	0
ilmaisukasvatus	i l m ɑ i̯ s u k ɑ s ʋ ɑ t u s	2
ilmaisukyky	i l m ɑ i̯ s u k y k y	1
ilmaisuleikki	i l m ɑ i̯ s u l e i̯ kː i	0
ilmaisuliike	i l m ɑ i̯ s u l iː k eˣ	0
ilmaisumuoto	i l m ɑ i̯ s u m u o̯ t o	3
ilmaisunvapaus	i l m ɑ i̯ s u n ʋ ɑ p ɑ u s	1
ilmaisupakko	i l m ɑ i̯ s u p ɑ kː o	0
ilmaisutaito	i l m ɑ i̯ s u t ɑ i̯ t o	23
ilmaisutarve	i l m ɑ i̯ s u t ɑ r ʋ eˣ	0
ilmaisuvala	i l m ɑ i̯ s u ʋ ɑ l ɑ	0
ilmaisuvapaus	i l m ɑ i̯ s u ʋ ɑ p ɑ u s	0
ilmaisuvoima	i l m ɑ i̯ s u ʋ o i̯ m ɑ	4
ilmaisuväline	i l m ɑ i̯ s u ʋ æ l i n eˣ	0
ilmajarru	i l m ɑ j ɑ rː u	0
ilmajarrutus	i l m ɑ j ɑ rː u t u s	0
ilmajohto	i l m ɑ j o h t o	1
ilmajokelainen	i l m ɑ j o k e l ɑ i̯ n e n	1
ilmajoki	i l m ɑ j o k i	17
ilmajokinen	i l m ɑ j o k i n e n	1
ilmajoukko	i l m ɑ j o u̯ kː o	0
ilmajousi	i l m ɑ j o u̯ s i	0
ilmajousitus	i l m ɑ j o u̯ s i t u s	3
ilmajuoppo	i l m ɑ j u o̯ pː o	0
ilmajuuri	i l m ɑ j uː r i	0
ilmajäähdytin	i l m ɑ j æː h d y t i n	0
ilmakaapeli	i l m ɑ k ɑː p e l i	0
ilmakaasu	i l m ɑ k ɑː s u	0
ilmakartoitus	i l m ɑ k ɑ r t o i̯ t u s	0
ilmakerros	i l m ɑ k e rː o s	2
ilmakiharrin	i l m ɑ k i h ɑ rː i n	0
ilmakitara	i l m ɑ k i t ɑ r ɑ	0
ilmakuiva	i l m ɑ k u i̯ ʋ ɑ	0
ilmakuivain	i l m ɑ k u i̯ ʋ ɑ i̯ n	0
ilmakuivatus	i l m ɑ k u i̯ ʋ ɑ t u s	0
ilmakuivaus	i l m ɑ k u i̯ ʋ ɑ u s	1
ilmakylpy	i l m ɑ k y l p y	0
ilmalasta	i l m ɑ l ɑ s t ɑ	1
ilmalento	i l m ɑ l e n t o	0
ilmalukko	i l m ɑ l u kː o	0
ilmalämmitys	i l m ɑ l æ mː i t y s	2
ilmalämpöpumppu	i l m ɑ l æ m p ø p u m pː u	4
ilmamaali	i l m ɑ m ɑː l i	0
ilmanala	i l m ɑ n ɑ l ɑ	0
ilmanhenki	i l m ɑ n h e ŋ k i	0
ilmankansi	i l m ɑ n k ɑ n s i	0
ilmankosteus	i l m ɑ n k o s t e u s	11
ilmankostutin	i l m ɑ n k o s t u t i n	2
ilmankostutus	i l m ɑ n k o s t u t u s	0
ilmankuivaaja	i l m ɑ n k u i̯ ʋ ɑː j ɑ	0
ilmanohjain	i l m ɑ n o h j ɑ i̯ n	1
ilmanopeus	i l m ɑ n o p e u s	0
ilmanpainevyöhyke	i l m ɑ n p ɑ i̯ n eˣ ʋ y ø̯ h y k eˣ	0
ilmanpitävä	i l m ɑ n p i t æ ʋ æ	0
ilmanpitävästi	i l m ɑ n p i t æ ʋ æ s t iˣ	0
ilmanpoisto	i l m ɑ n p o i̯ s t o	3
ilmanpuhallin	i l m ɑ n p u h ɑ lː i n	0
ilmanraikaste	i l m ɑ n r ɑ i̯ k ɑ s t eˣ	0
ilmansuojelu	i l m ɑ n s u o̯ j e l u	6
ilmanvaihtojärjestelmä	i l m ɑ n ʋ ɑ i̯ h t o j æ r j e s t e l m æ	6
ilmanvaihtokanava	i l m ɑ n ʋ ɑ i̯ h t o k ɑ n ɑ ʋ ɑ	0
ilmanvaihtokone	i l m ɑ n ʋ ɑ i̯ h t o k o n eˣ	4
ilmaontelo	i l m ɑ o n t e l o	0
ilmapatsas	i l m ɑ p ɑ t s ɑ s	0
ilmaperspektiivi	i l m ɑ p e r s p e k t iː ʋ i	0
ilmapumppu	i l m ɑ p u m pː u	2
ilmapuntari	i l m ɑ p u n t ɑ r i	2
ilmapurjehdus	i l m ɑ p u r j e h d u s	0
ilmaputki	i l m ɑ p u t k i	1
ilmapyörre	i l m ɑ p y ø̯ rː eˣ	0
ilmarako	i l m ɑ r ɑ k o	4
ilmarata	i l m ɑ r ɑ t ɑ	0
ilmarengas	i l m ɑ r e ŋː ɑ s	0
ilmari	i l m ɑ r i	105
ilmarinen	i l m ɑ r i n e n	40
ilmasipuli	i l m ɑ s i p u l i	1
ilmasodankäynti	i l m ɑ s o d ɑ n k æ y̯ n t i	0
ilmastaminen	i l m ɑ s t ɑ m i n e n	1
ilmasto	i l m ɑ s t o	81
ilmastoherkkyys	i l m ɑ s t o h e r kː yː s	0
ilmastohoito	i l m ɑ s t o h o i̯ t o	0
ilmastointi	i l m ɑ s t o i̯ n t i	88
ilmastointijärjestelmä	i l m ɑ s t o i̯ n t i j æ r j e s t e l m æ	5
ilmastointikanava	i l m ɑ s t o i̯ n t i k ɑ n ɑ ʋ ɑ	0
ilmastokausi	i l m ɑ s t o k ɑ u̯ s i	0
ilmastollisesti	i l m ɑ s t o lː i s e s t iˣ	7
ilmastonvaihdos	i l m ɑ s t o n ʋ ɑ i̯ h d o s	1
ilmastoskenaario	i l m ɑ s t o s k e n ɑː r i o	0
ilmastotalkoot	i l m ɑ s t o t ɑ l k oː t	0
ilmastotiede	i l m ɑ s t o t i e̯ d eˣ	0
ilmasulku	i l m ɑ s u l k u	0
ilmasuojelu	i l m ɑ s u o̯ j e l u	0
ilmataistelu	i l m ɑ t ɑ i̯ s t e l u	1
ilmatankkauskone	i l m ɑ t ɑ ŋ kː ɑ u s k o n eˣ	0
ilmatankkeri	i l m ɑ t ɑ ŋ kː e r i	0
ilmatar	i l m ɑ t ɑ r	2
ilmatiehyt	i l m ɑ t i e̯ h y t	0
ilmatila	i l m ɑ t i l ɑ	4
ilmatilaloukkaus	i l m ɑ t i l ɑ l o u̯ kː ɑ u s	0
ilmatoiminta	i l m ɑ t o i̯ m i n t ɑ	0
ilmatorjuntajoukot	i l m ɑ t o r j u n t ɑ j o u̯ k o t	0
ilmatorjuntapatteri	i l m ɑ t o r j u n t ɑ p ɑ tː e r i	3
ilmatorjuntapatteristo	i l m ɑ t o r j u n t ɑ p ɑ tː e r i s t o	0
ilmatorjuntatuli	i l m ɑ t o r j u n t ɑ t u l i	0
ilmatorjuntatykistö	i l m ɑ t o r j u n t ɑ t y k i s t ø	0
ilmatorjuntatykki	i l m ɑ t o r j u n t ɑ t y kː i	3
ilmatorvi	i l m ɑ t o r ʋ i	0
ilmatuki	i l m ɑ t u k i	0
ilmatyhjiö	i l m ɑ t y h j i ø	0
ilmatähystys	i l m ɑ t æ h y s t y s	0
ilmaus	i l m ɑ u s	48
ilmausruuvi	i l m ɑ u s r uː ʋ i	0
ilmavalvonta	i l m ɑ ʋ ɑ l ʋ o n t ɑ	0
ilmavalvontatorni	i l m ɑ ʋ ɑ l ʋ o n t ɑ t o r n i	0
ilmavarsi	i l m ɑ ʋ ɑ r s i	0
ilmavasara	i l m ɑ ʋ ɑ s ɑ r ɑ	0
ilmaverho	i l m ɑ ʋ e r h o	0
ilmaverso	i l m ɑ ʋ e r s o	0
ilmavoimat	i l m ɑ ʋ o i̯ m ɑ t	13
ilmavoitto	i l m ɑ ʋ o i̯ tː o	0
ilmaväylä	i l m ɑ ʋ æ y̯ l æ	0
ilmaääni	i l m ɑ æː n i	0
ilme	i l m e	124
ilmeikkäästi	i l m e i̯ kː æː s t iˣ	4
ilmeittää	i l m e i̯ tː æːˣ	0
ilmeneminen	i l m e n e m i n e n	10
ilmestyminen	i l m e s t y m i n e n	29
ilmetty	i l m e tː yˣ	2
ilmi	i l m i	793
ilmiantaja	i l m i ɑ n t ɑ j ɑ	1
ilmielävä	i l m i e l æ ʋ æ	2
ilmielävänä	i l m i e l æ ʋ æ n æ	0
ilmiriita	i l m i r iː t ɑ	0
ilmiselvä	i l m i s e l ʋ æ	8
ilmiselvästi	i l m i s e l ʋ æ s t iˣ	29
ilmiö	i l m i ø	262
ilmiömäinen	i l m i ø m æ i̯ n e n	5
ilmiömäisesti	i l m i ø m æ i̯ s e s t iˣ	1
ilmo	i l m o	39
ilmoittaa	i l m o i̯ tː ɑːˣ	1311
ilmoittaminen	i l m o i̯ tː ɑ m i n e n	58
ilmoitus	i l m o i̯ t u s	832
ilmoitusasia	i l m o i̯ t u s ɑ s i ɑ	3
ilmoitushinta	i l m o i̯ t u s h i n t ɑ	3
ilmoitusjakso	i l m o i̯ t u s j ɑ k s o	0
ilmoituskaappi	i l m o i̯ t u s k ɑː pː i	0
ilmoituslehti	i l m o i̯ t u s l e h t i	2
ilmoitusmenettely	i l m o i̯ t u s m e n e tː e l y	2
ilmoitusmyynti	i l m o i̯ t u s m yː n t i	1
ilmoitusosasto	i l m o i̯ t u s o s ɑ s t o	0
ilmoituspalkki	i l m o i̯ t u s p ɑ l kː i	0
ilmoituspalsta	i l m o i̯ t u s p ɑ l s t ɑ	5
ilmoitussivu	i l m o i̯ t u s s i ʋ u	0
ilmoitustulot	i l m o i̯ t u s t u l o t	0
ilmoitusvala	i l m o i̯ t u s ʋ ɑ l ɑ	0
ilmoitusvelvollinen	i l m o i̯ t u s ʋ e l ʋ o lː i n e n	8
ilmoitusvelvollisuus	i l m o i̯ t u s ʋ e l ʋ o lː i s uː s	14
ilmoitusväline	i l m o i̯ t u s ʋ æ l i n eˣ	2
ilo	i l o	285
iloinen	i l o i̯ n e n	240
iloisesti	i l o i̯ s e s t iˣ	65
iloissaan	i l o i̯ sː ɑː n	1
iloitseminen	i l o i̯ t s e m i n e n	0
ilojuhla	i l o j u h l ɑ	1
iloliemi	i l o l i e̯ m i	0
iloluontoinen	i l o l u o̯ n t o i̯ n e n	1
ilomantsi	i l o m ɑ n t s i	8
ilomantsilainen	i l o m ɑ n t s i l ɑ i̯ n e n	2
ilomieli	i l o m i e̯ l i	0
ilomielinen	i l o m i e̯ l i n e n	0
ilomielisesti	i l o m i e̯ l i s e s t iˣ	0
ilona	i l o n ɑ	40
ilonaihe	i l o n ɑ i̯ h eˣ	6
ilopilleri	i l o p i lː e r i	5
ilostuttaminen	i l o s t u tː ɑ m i n e n	0
ilotteleminen	i l o tː e l e m i n e n	0
ilottomasti	i l o tː o m ɑ s t iˣ	0
ilotulitusaine	i l o t u l i t u s ɑ i̯ n eˣ	0
ilotulitusväline	i l o t u l i t u s ʋ æ l i n eˣ	1
ilouutinen	i l o uː t i n e n	6
ilpo	i l p o	96
ilpotar	i l p o t ɑ r	0
ilppo	i l pː o	6
ilta	i l t ɑ	262
iltahuvi	i l t ɑ h u ʋ i	0
iltajuna	i l t ɑ j u n ɑ	0
iltakahdeksan	i l t ɑ k ɑ h d e k s ɑ n	0
iltakaksi	i l t ɑ k ɑ k s i	0
iltakaksitoista	i l t ɑ k ɑ k s i t o i̯ s t ɑ	0
iltakausi	i l t ɑ k ɑ u̯ s i	0
iltakolme	i l t ɑ k o l m e	0
iltakoulu	i l t ɑ k o u̯ l u	3
iltakutsut	i l t ɑ k u t s u t	0
iltakymmenen	i l t ɑ k y mː e n e n	0
iltaneljä	i l t ɑ n e l j æ	0
iltapala	i l t ɑ p ɑ l ɑ	27
iltapäivä	i l t ɑ p æ i̯ ʋ æ	34
iltapäiväkerho	i l t ɑ p æ i̯ ʋ æ k e r h o	22
iltaravit	i l t ɑ r ɑ ʋ i t	0
iltaseitsemän	i l t ɑ s e i̯ t s e m æ n	4
iltasella	i l t ɑ s e lː ɑ	11
iltatori	i l t ɑ t o r i	4
iltatorkku	i l t ɑ t o r kː u	0
iltatyö	i l t ɑ t y ø̯	1
iltatähti	i l t ɑ t æ h t i	4
iltauutiset	i l t ɑ uː t i s e t	0
iltaviisi	i l t ɑ ʋ iː s i	0
iltavirkku	i l t ɑ ʋ i r kː u	1
iltayhdeksän	i l t ɑ y h d e k s æ n	3
iltayksi	i l t ɑ y k s i	0
iltayksitoista	i l t ɑ y k s i t o i̯ s t ɑ	0
iltayö	i l t ɑ y ø	0
ilves	i l ʋ e s	135
imaginaariosa	i m ɑ ɡ i n ɑː r i o s ɑ	0
imaginääriosa	i m ɑ ɡ i n æː r i o s ɑ	0
imago	i m ɑ ɡ o	60
imaista	i m ɑ i̯ s t ɑˣ	1
imarrella	i m ɑ rː e lː ɑˣ	0
imatra	i m ɑ t r ɑ	49
imatralainen	i m ɑ t r ɑ l ɑ i̯ n e n	14
ime	i m eˣ	11
imeksiä	i m e k s i æˣ	0
imelä	i m e l æ	2
imelästi	i m e l æ s t iˣ	1
imeminen	i m e m i n e n	2
imeskellä	i m e s k e lː æˣ	1
imeskelytabletti	i m e s k e l y t ɑ b l e tː i	3
imettäminen	i m e tː æ m i n e n	3
imettäväinen	i m e tː æ ʋ æ i̯ n e n	0
imettää	i m e tː æːˣ	9
imeyttäminen	i m e y tː æ m i n e n	9
imeytyminen	i m e y t y m i n e n	34
imeytyä	i m e y t y æˣ	17
imeä	i m e æˣ	20
imi	i m i	16
immanuel	i mː ɑ n u e l	13
immediatismi	i mː e d i ɑ t i s m i	0
immonen	i mː o n e n	80
immunopatologia	i mː u n o p ɑ t o l o ɡ i ɑ	0
immunosuppressio	i mː u n o s u pː r e sː i o	1
immunotoksikologi	i mː u n o t o k s i k o l o ɡ i	0
immuunipuolustusjärjestelmä	i mː uː n i p u o̯ l u s t u s j æ r j e s t e l m æ	0
immuunivälitteinen	i mː uː n i ʋ æ l i tː e i̯ n e n	0
immyt	i mː y t	0
imperiaalisänky	i m p e r i ɑː l i s æ ŋ k y	0
impi	i m p i	7
implikatiivinen	i m p l i k ɑ t iː ʋ i n e n	0
implikoida	i m p l i k o i̯ d ɑˣ	0
implisiittifunktiolause	i m p l i s iː tː i f u ŋ k t i o l ɑ u̯ s eˣ	0
imppaaminen	i m pː ɑː m i n e n	2
improvisoiminen	i m p r o ʋ i s o i̯ m i n e n	0
impulsiivisuus	i m p u l s iː ʋ i s uː s	1
impulssi	i m p u l sː i	8
impulssivaste	i m p u l sː i ʋ ɑ s t eˣ	1
imputaatio	i m p u t ɑː t i o	0
imu	i m u	15
imubetoni	i m u b e t o n i	0
imujuuri	i m u j uː r i	0
imukaasu	i m u k ɑː s u	0
imukaasumoottori	i m u k ɑː s u m oː tː o r i	0
imukala	i m u k ɑ l ɑ	0
imukuppi	i m u k u pː i	0
imukärsä	i m u k æ r s æ	0
imumato	i m u m ɑ t o	0
imuri	i m u r i	10
imuroida	i m u r o i̯ d ɑˣ	64
imuroiminen	i m u r o i̯ m i n e n	3
imurointi	i m u r o i̯ n t i	15
imusolmuke	i m u s o l m u k eˣ	3
imusuoni	i m u s u o̯ n i	0
imuttaa	i m u tː ɑːˣ	0
imuventtiili	i m u ʋ e n tː iː l i	0
inahtaminen	i n ɑ h t ɑ m i n e n	0
inari	i n ɑ r i	27
inarilainen	i n ɑ r i l ɑ i̯ n e n	1
indefiniittipronomini	i n d e f i n iː tː i p r o n o m i n i	0
indeksirahasto	i n d e k s i r ɑ h ɑ s t o	0
indeterminismi	i n d e t e r m i n i s m i	0
indiana	i n d i ɑ n ɑ	4
indigo	i n d i ɡ o	6
indigoliitti	i n d i ɡ o l iː tː i	0
indigonsininen	i n d i ɡ o n s i n i n e n	0
indigosini	i n d i ɡ o s i n i	0
indikaani	i n d i k ɑː n i	0
indikaattoriliuos	i n d i k ɑː tː o r i l i u̯ o s	0
indikaattoripaperi	i n d i k ɑː tː o r i p ɑ p e r i	0
individualistisesti	i n d i ʋ i d u ɑ l i s t i s e s t iˣ	1
indogermanisti	i n d o ɡ e r m ɑ n i s t i	0
indologi	i n d o l o ɡ i	0
indonesia	i n d o n eː s i ɑ	18
induktiivinen	i n d u k t iː ʋ i n e n	5
induktioliesi	i n d u k t i o l i e̯ s i	0
induktioperiaate	i n d u k t i o p e r i ɑː t eˣ	1
induktiotodistus	i n d u k t i o t o d i s t u s	0
induktiovirta	i n d u k t i o ʋ i r t ɑ	0
inessiivi	i n e sː iː ʋ i	0
infektiivinen	i n f e k t iː ʋ i n e n	0
infektiotauti	i n f e k t i o t ɑ u̯ t i	3
inferiorinen	i n f e r i o r i n e n	0
infimum	i n f iː m u m	0
infinitiivi	i n f i n i t iː ʋ i	6
inflaatiopaine	i n f l ɑː t i o p ɑ i̯ n eˣ	0
infleksiopiste	i n f l e k s i o p i s t eˣ	0
info	i n f o	74
info	i n fː o	74
infograafinen	i n f o ɡ r ɑː f i n e n	0
infografiikka	i n f o ɡ r ɑ f iː kː ɑ	0
informaatio	i n f o r m ɑː t i o	115
informaatioarvo	i n f o r m ɑː t i o ɑ r ʋ o	1
informaatiosysteemi	i n f o r m ɑː t i o s y s t eː m i	0
informaatiotiede	i n f o r m ɑː t i o t i e̯ d eˣ	1
informoiminen	i n f o r m o i̯ m i n e n	3
infrapunaspektroskopia	i n f r ɑ p u n ɑ s p e k t r o s k o p i ɑ	0
infraääni	i n f r ɑ æː n i	0
ingressi	i ŋ r e sː i	5
ingušia	i ŋ ɡ u ʃ i ɑ	0
inha	i n h ɑ	8
inhibiitti	i n h i b iː tː i	0
inhimillinen	i n h i m i lː i n e n	97
inhimillisyys	i n h i m i lː i s yː s	14
inho	i n h o	3
inhoaminen	i n h o ɑ m i n e n	0
initiaatiomenot	i n i t i ɑː t i o m e n o t	0
injektoiminen	i n j e k t o i̯ m i n e n	0
inka	i ŋ k ɑ	29
inkeri	i ŋ k e r i	70
inkerinsuomalainen	i ŋ k e r i n s u o̯ m ɑ l ɑ i̯ n e n	0
inkeroinen	i ŋ k e r o i̯ n e n	3
inkivääri	i ŋ k i ʋ æː r i	12
inkkari	i ŋ kː ɑ r i	0
inkkarikanootti	i ŋ kː ɑ r i k ɑ n oː tː i	0
inkonsistentti	i n k o n s i s t e n tː i	0
inkontinenssisuoja	i ŋ k o n t i n e n sː i s u o̯ j ɑ	0
inkoo	i ŋ k oː	7
inkoolainen	i ŋ k oː l ɑ i̯ n e n	1
inkoonpuuro	i ŋ k oː n p uː r o	0
inkrementaalinen	i ŋ k r e m e n t ɑː l i n e n	2
inkubaatio	i ŋ k u b ɑː t i o	0
inkunaabeli	i ŋ k u n ɑː b e l i	0
inkvisitorinen	i ŋ k ʋ i s i t o r i n e n	0
innokkuus	i nː o kː uː s	5
innostaminen	i nː o s t ɑ m i n e n	12
innostuksissaan	i nː o s t u k s i sː ɑː n	1
innostuminen	i nː o s t u m i n e n	2
innovaatio	i nː o ʋ ɑː t i o	32
innovaatioyhteiskunta	i nː o ʋ ɑː t i o y h t e i̯ s k u n t ɑ	0
innovaatioympäristö	i nː o ʋ ɑː t i o y m p æ r i s t ø	0
innovoida	i nː o ʋ o i̯ d ɑˣ	2
insesti	i n s e s t i	3
insinööriajo	i n s i n øː r i ɑ j o	0
insinöörineuvos	i n s i n øː r i n e u̯ ʋ o s	0
insinööritiede	i n s i n øː r i t i e̯ d eˣ	1
insinööritoimisto	i n s i n øː r i t o i̯ m i s t o	64
insinööriupseeri	i n s i n øː r i u p s eː r i	0
inspiroiminen	i n s p i r o i̯ m i n e n	0
inspiroituminen	i n s p i r o i̯ t u m i n e n	0
installointi	i n s t ɑ lː o i̯ n t i	0
instrumentaali	i n s t r u m e n t ɑː l i	11
instrumentaaliryhmä	i n s t r u m e n t ɑː l i r y h m æ	0
instrumentalismi	i n s t r u m e n t ɑ l i s m i	0
instrumentoiminen	i n s t r u m e n t o i̯ m i n e n	0
insuliinikynä	i n s u l iː n i k y n æ	0
intarsia	i n t ɑ r s i ɑ	1
integraalilaskenta	i n t e ɡ r ɑː l i l ɑ s k e n t ɑ	8
integraalimuunnos	i n t e ɡ r ɑː l i m uː nː o s	1
integraalitesti	i n t e ɡ r ɑː l i t e s t i	0
integraaliyhtälö	i n t e ɡ r ɑː l i y h t æ l ø	0
integraattori	i n t e ɡ r ɑː tː o r i	3
integrandi	i n t e ɡ r ɑ n d i	0
integrointimuuttuja	i n t e ɡ r o i̯ n t i m uː tː u j ɑ	0
integroituminen	i n t e ɡ r o i̯ t u m i n e n	18
integumentti	i n t e ɡ u m e n tː i	0
intellektuaalinen	i n t e lː e k t u ɑː l i n e n	12
intelligentti	i n t e lː i ɡ e n tː i	2
intensiteettitaso	i n t e n s i t eː tː i t ɑ s o	0
interfaasi	i n t e r f ɑː s i	0
interferoni	i n t e r f e r o n i	10
interglasiaalikausi	i n t e r ɡ l ɑ s i ɑː l i k ɑ u̯ s i	0
intermediaarinen	i n t e r m e d i ɑː r i n e n	0
intermediäärinen	i n t e r m e d i æː r i n e n	0
internet	i n tː e r n e t	926
interpolaatio	i n t e r p o l ɑː t i o	0
interpoloida	i n t e r p o l o i̯ d ɑˣ	1
interpolointipolynomi	i n t e r p o l o i̯ n t i p o l y n o m i	0
interrailkortti	i n t e r r e i̯ l k o r tː i	0
intertekstuaalisesti	i n t e r t e k s t u ɑː l i s e s t iˣ	0
intervalli	i n t e r ʋ ɑ lː i	2
interventiovarasto	i n t e r ʋ e n t i o ʋ ɑ r ɑ s t o	0
intia	i n t i ɑ	42
intiaani	i n t i ɑː n i	0
intiaanikesä	i n t i ɑː n i k e s æ	4
intianlentäväkoira	i n t i ɑ n l e n t æ ʋ æ k o i̯ r ɑ	0
into	i n t o	66
intohimottomasti	i n t o h i m o tː o m ɑ s t iˣ	1
intresantti	i n t r e s ɑ n tː i	1
intressiryhmä	i n t r e sː i r y h m æ	1
intressitaho	i n t r e sː i t ɑ h o	0
intro	i n t r o	20
introni	i n t r o n i	0
intrusiivinen	i n t r u s iː ʋ i n e n	0
intruusio	i n t r uː s i o	0
intti	i n tː i	2
inttislangi	i n tː i s l ɑ ŋː i	0
inttäminen	i n tː æ m i n e n	0
inttää	i n tː æːˣ	2
intuitio	i n t u i̯ t i o	17
invalidi	i n ʋ ɑ l i d i	3
invalidi	i n ʋ ɑ l iː d i	3
invalidihissi	i n ʋ ɑ l i d i h i sː i	0
invasiivinen	i n ʋ ɑ s iː ʋ i n e n	2
inventio	i n ʋ e n t i o	2
inventointikertomus	i n ʋ e n t o i̯ n t i k e r t o m u s	0
investoiminen	i n ʋ e s t o i̯ m i n e n	4
investointipankki	i n ʋ e s t o i̯ n t i p ɑ ŋ kː i	5
investointirahasto	i n ʋ e s t o i̯ n t i r ɑ h ɑ s t o	2
involuutio	i n ʋ o l uː t i o	0
ioni	i o n i	3
ionihila	i o n i h i l ɑ	0
ionimoottori	i o n i m oː tː o r i	1
ioninvaihtaja	i o n i n ʋ ɑ i̯ h t ɑ j ɑ	0
ionisaatioenergia	i o n i s ɑː t i o e n e r ɡ i ɑ	0
ionisaatiokammio	i o n i s ɑː t i o k ɑ mː i o	1
ionisoituminen	i o n i s o i̯ t u m i n e n	0
ionisoitumisenergia	i o n i s o i̯ t u m i s e n e r ɡ i ɑ	0
ionitulo	i o n i t u l o	0
ioniyhdiste	i o n i y h d i s t eˣ	0
ioota	j oː t ɑ	0
iowa	i o ʋ ɑ	0
iowa	ɑ i̯ o ʋ ɑ	0
ip.	i l t ɑ p æ i̯ ʋ æ lː æ	0
ip.	iː p eː	0
ipsilateraalinen	i p s i l ɑ t e r ɑː l i n e n	0
irene	i r e n e	38
irina	i r i n ɑ	30
irja	i r j ɑ	97
irkata	i r k ɑ t ɑˣ	0
irkkaaminen	i r kː ɑː m i n e n	0
irkku	i r kː u	0
irkkulainen	i r kː u l ɑ i̯ n e n	0
irlanti	i r l ɑ n t i	28
irma	i r m ɑ	132
irmeli	i r m e l i	54
irrallaan	i rː ɑ lː ɑː n	74
irralleen	i rː ɑ lː eː n	17
irrallisesti	i rː ɑ lː i s e s t iˣ	1
irrationaali	i rː ɑ t i o n ɑː l i	0
irrationaalisesti	i rː ɑ t i o n ɑː l i s e s t iˣ	1
irreaalinen	i rː e ɑː l i n e n	0
irredentismi	i rː e d e n t i s m i	0
irrottaa	i rː o tː ɑːˣ	94
irrottaminen	i rː o tː ɑ m i n e n	15
irrotteleminen	i rː o tː e l e m i n e n	0
irrotustyö	i rː o t u s t y ø̯	1
irstaileminen	i r s t ɑ i̯ l e m i n e n	0
irstailu	i r s t ɑ i̯ l u	0
irstainen	i r s t ɑ i̯ n e n	0
irtautuminen	i r t ɑ u t u m i n e n	7
irti	i r t iˣ	572
irtikytkentä	i r t iˣ k y t k e n t æ	0
irtisanomisaika	i r t iˣ s ɑ n o m i s ɑ i̯ k ɑ	44
irtoarkki	i r t o ɑ r kː i	0
irtoesine	i r t o e s i n eˣ	0
irtohame	i r t o h ɑ m eˣ	0
irtohiekka	i r t o h i e̯ kː ɑ	1
irtohiha	i r t o h i h ɑ	0
irtohiukset	i r t o h i u̯ k s e t	0
irtohousut	i r t o h o u̯ s u t	1
irtokaulus	i r t o k ɑ u̯ l u s	0
irtokauppa	i r t o k ɑ u̯ pː ɑ	0
irtokuutio	i r t o k uː t i o	0
irtokuutiometri	i r t o k uː t i o m e t r i	0
irtoköli	i r t o k ø l i	0
irtolasti	i r t o l ɑ s t i	0
irtolastialus	i r t o l ɑ s t i ɑ l u s	0
irtolehti	i r t o l e h t i	0
irtolumi	i r t o l u m i	0
irtolöytö	i r t o l ø y̯ t ø	0
irtolöytöpaikka	i r t o l ø y̯ t ø p ɑ i̯ kː ɑ	0
irtomaa	i r t o m ɑː	0
irtomyynti	i r t o m yː n t i	0
irtonappi	i r t o n ɑ pː i	0
irtonenä	i r t o n e n æ	0
irtopohjavuoka	i r t o p o h j ɑ ʋ u o̯ k ɑ	0
irtopyörä	i r t o p y ø̯ r æ	0
irtopäällinen	i r t o p æː lː i n e n	0
irtoripset	i r t o r i p s e t	1
irtoselkä	i r t o s e l k æ	0
irtosolunäyte	i r t o s o l u n æ y̯ t eˣ	0
irtosuhde	i r t o s u h d eˣ	0
irtotasku	i r t o t ɑ s k u	0
irtotavara	i r t o t ɑ ʋ ɑ r ɑ	0
irtotee	i r t o t eː	0
irtouitto	i r t o u i̯ tː o	1
irtovuori	i r t o ʋ u o̯ r i	0
irveen	i r ʋ eː n	1
irvessä	i r ʋ e sː æ	13
irviin	i r ʋ iː n	0
irvikuva	i r ʋ i k u ʋ ɑ	3
irvileuka	i r ʋ i l e u̯ k ɑ	0
irvissä	i r ʋ i sː æ	0
irvistys	i r ʋ i s t y s	1
irvistyttää	i r ʋ i s t y tː æːˣ	0
irvistäminen	i r ʋ i s t æ m i n e n	0
irvistää	i r ʋ i s t æːˣ	3
isabella	i s ɑ b e lː ɑ	12
isentalpinen	i s e n t ɑ l p i n e n	0
isentrooppinen	i s e n t r oː pː i n e n	0
isi	i s i	12
isisi	i s i s i	0
iskelmä	i s k e l m æ	5
iskelmäteksti	i s k e l m æ t e k s t i	0
iskeminen	i s k e m i n e n	0
iskettäneen	i s k e tː æ n eː n	0
isketään	i s k e t æː n	7
iskevästi	i s k e ʋ æ s t iˣ	3
iskeytyä	i s k e y t y æˣ	1
iskeä	i s k e æˣ	40
iskias	i s k i ɑ s	0
iskiashermo	i s k i ɑ s h e r m o	0
isko	i s k o	2
iskostuminen	i s k o s t u m i n e n	0
isku	i s k u	60
iskuala	i s k u ɑ l ɑ	0
iskukuumennus	i s k u k uː m e nː u s	0
iskunkestävyys	i s k u n k e s t æ ʋ yː s	2
iskunkestävä	i s k u n k e s t æ ʋ æ	8
iskuporakone	i s k u p o r ɑ k o n eˣ	0
iskuryhmä	i s k u r y h m æ	3
iskuvasara	i s k u ʋ ɑ s ɑ r ɑ	4
iskuvoima	i s k u ʋ o i̯ m ɑ	3
iskä	i s k æ	9
islamilaisuus	i s l ɑ m i l ɑ i̯ s uː s	5
islamintutkija	i s l ɑ m i n t u t k i j ɑ	0
islanti	i s l ɑ n t i	46
islantilainen	i s l ɑ n t i l ɑ i̯ n e n	9
ismael	i s m ɑ e l	6
ismo	i s m o	167
isoaminen	i s o ɑ m i n e n	0
isoaukile	i s o ɑ u k i l eˣ	0
isohapero	i s o h ɑ p e r o	0
isoinen	i s o i̯ n e n	0
isojako	i s o j ɑ k o	6
isojokelainen	i s o j o k e l ɑ i̯ n e n	2
isojoki	i s o j o k i	13
isojokinen	i s o j o k i n e n	0
isokasvuinen	i s o k ɑ s ʋ u i̯ n e n	1
isokoori	i s o k oː r i	0
isokukkainen	i s o k u kː ɑ i̯ n e n	0
isokuvioinen	i s o k u ʋ i o i̯ n e n	0
isokyrö	i s o k y r ø	6
isokyröläinen	i s o k y r ø l æ i̯ n e n	2
isolantio	i s o l ɑ n t i o	0
isomeraasi	i s o m e r ɑː s i	0
isomeria	i s o m e r i ɑ	0
isomorfinen	i s o m o r f i n e n	0
isomorfismi	i s o m o r f i s m i	0
isoneminen	i s o n e m i n e n	0
isoreikäinen	i s o r e i̯ k æ i̯ n e n	1
isoruutuinen	i s o r uː t u i̯ n e n	0
isorytminen	i s o r y t m i n e n	0
isoräpelö	i s o r æ p e l ø	0
isosiipinen	i s o s iː p i n e n	0
isosilmäinen	i s o s i l m æ i̯ n e n	0
isostaattinen	i s o s t ɑː tː i n e n	0
isosti	i s o s t iˣ	9
isosuinen	i s o s u i̯ n e n	0
isotalo	i s o t ɑ l o	43
isotella	i s o t e lː ɑˣ	1
isotooppianalyysi	i s o t oː pː i ɑ n ɑ l yː s i	0
isotopomeeri	i s o t o p o m eː r i	0
isovarpuinen	i s o ʋ ɑ r p u i̯ n e n	1
isovarvas	i s o ʋ ɑ r ʋ ɑ s	2
isovasara	i s o ʋ ɑ s ɑ r ɑ	0
isovatsainen	i s o ʋ ɑ t s ɑ i̯ n e n	0
isoympyrä	i s o y m p y r æ	0
isoäiti	i s o æ i̯ t i	30
isoääninen	i s o æː n i n e n	1
ispinä	i s p i n æ	0
ispinäpottu	i s p i n æ p o tː u	0
israel	i s r ɑ e l	148
istahtaa	i s t ɑ h t ɑːˣ	20
isto	i s t o	15
istua	i s t u ɑˣ	116
istualla	i s t u ɑ lː ɑ	0
istuallaan	i s t u ɑ lː ɑː n	1
istualle	i s t u ɑ lː eˣ	0
istualleen	i s t u ɑ lː eː n	1
istualta	i s t u ɑ l t ɑ	0
istualtaan	i s t u ɑ l t ɑː n	6
istuin	i s t u i̯ n	76
istuinalusta	i s t u i̯ n ɑ l u s t ɑ	0
istuinkyhmy	i s t u i̯ n k y h m y	0
istuintyyny	i s t u i̯ n t yː n y	2
istukassipuli	i s t u k ɑ s s i p u l i	0
istukkaan	i s t u kː ɑː n	2
istukkaventtiili	i s t u kː ɑ ʋ e n tː iː l i	0
istumalta	i s t u m ɑ l t ɑ	11
istumatyö	i s t u m ɑ t y ø̯	5
istuntohuone	i s t u n t o h u o̯ n eˣ	0
istuntokausi	i s t u n t o k ɑ u̯ s i	1
istuntosali	i s t u n t o s ɑ l i	3
istuttaminen	i s t u tː ɑ m i n e n	9
istutuskone	i s t u t u s k o n eˣ	0
istuutuminen	i s t uː t u m i n e n	2
istuvilla	i s t u ʋ i lː ɑ	1
istuvillaan	i s t u ʋ i lː ɑː n	0
istuville	i s t u ʋ i lː eˣ	1
istuvilleen	i s t u ʋ i lː eː n	1
istuvilta	i s t u ʋ i l t ɑ	1
istuviltaan	i s t u ʋ i l t ɑː n	0
isyysraha	i s yː s r ɑ h ɑ	0
isä	i s æ	974
isänisä	i s æ n i s æ	2
isänmurha	i s æ n m u r h ɑ	0
isännimi	i s æ n n i m i	2
isännänviiri	i s æ nː æ n ʋ iː r i	2
isäntä	i s æ n t æ	195
isäntänimi	i s æ n t æ n i m i	0
isäntäväki	i s æ n t æ ʋ æ k i	14
isäsi	i s æ s i	17
italia	i t ɑ l i ɑ	85
italialaismies	i t ɑ l i ɑ l ɑ i̯ s m i e̯ s	0
italialaisnainen	i t ɑ l i ɑ l ɑ i̯ s n ɑ i̯ n e n	0
italianisti	i t ɑ l i ɑ n i s t i	0
itara	i t ɑ r ɑ	0
iteratiivinen	i t e r ɑ t iː ʋ i n e n	3
iterointimenetelmä	i t e r o i̯ n t i m e n e t e l m æ	0
iti	i t i	2
itikka	i t i kː ɑ	0
itiö	i t i ø	1
itiöemä	i t i ø e m æ	2
itiölava	i t i ø l ɑ ʋ ɑ	0
itkeminen	i t k e m i n e n	3
itkettynyt	i t k e tː y n y t	0
itkettää	i t k e tː æːˣ	5
itkeä	i t k e æˣ	23
itkijä	i t k i j æ	1
itku	i t k u	29
itkuhälytin	i t k u h æ l y t i n	0
itkukohtaus	i t k u k o h t ɑ u s	0
itkumuuri	i t k u m uː r i	1
itkunpuuska	i t k u n p uː s k ɑ	0
itkunsekainen	i t k u n s e k ɑ i̯ n e n	0
itkupilli	i t k u p i lː i	0
itkusilmin	i t k u s i l m i n	0
itse	i t s e	8041
itse	i t s eˣ	8041
itseadjungoituva	i t s e ɑ d j u ŋː o i̯ t u ʋ ɑ	0
itsehoitolääke	i t s e h o i̯ t o l æː k eˣ	0
itseisarvo	i t s e i̯ s ɑ r ʋ o	31
itseiva	i t s e i ʋ ɑ	0
itseiva	i t s eˣ i ʋ ɑ	0
itsekkäisyys	i t s e kː æ i̯ s yː s	0
itselleen	i t s e lː eː n	1123
itsellinen	i t s e lː i n e n	4
itsemme	i t s e mː e	88
itsemurha	i t s e m u r h ɑ	16
itsemurhapäänsärky	i t s e m u r h ɑ p æː n s æ r k y	0
itseni	i t s e n i	141
itsenne	i t s e nː e	20
itsensä	i t s e n s æˣ	1704
itsenäinen	i t s e n æ i̯ n e n	332
itsenäistäminen	i t s e n æ i̯ s t æ m i n e n	3
itsenäisyys	i t s e n æ i̯ s yː s	71
itseorganisoituminen	i t s e o r ɡ ɑ n i s o i̯ t u m i n e n	2
itsepalvelukassa	i t s e p ɑ l ʋ e l u k ɑ sː ɑ	0
itsepetos	i t s e p e t o s	5
itsepetos	i t s eˣ p e t o s	5
itsepäinen	i t s e p æ i̯ n e n	8
itsepäinen	i t s eˣ p æ i̯ n e n	8
itserakas	i t s e r ɑ k ɑ s	3
itserakas	i t s eˣ r ɑ k ɑ s	3
itserakkaasti	i t s e r ɑ kː ɑː s t iˣ	0
itseriittoisesti	i t s e r iː tː o i̯ s e s t iˣ	1
itsesi	i t s e s i	146
itsesiitos	i t s e s iː t o s	0
itsesiitos	i t s eˣ s iː t o s	0
itsesimilaarinen	i t s e s i m i l ɑː r i n e n	0
itsessään	i t s e sː æː n	261
itsetarkoitus	i t s e t ɑ r k o i̯ t u s	41
itsetekeminen	i t s e t e k e m i n e n	0
itsetärkeys	i t s e t æ r k e y s	0
itsevaltaisesti	i t s e ʋ ɑ l t ɑ i̯ s e s t iˣ	2
itsevaltiaasti	i t s e ʋ ɑ l t i ɑː s t iˣ	0
itsevarmasti	i t s e ʋ ɑ r m ɑ s t iˣ	4
itu	i t u	16
ituplasma	i t u p l ɑ s m ɑ	0
iturata	i t u r ɑ t ɑ	0
itusolu	i t u s o l u	0
itä	i t æ	26
itäauto	i t æ ɑ u t o	0
itämaa	i t æ m ɑː	0
itämerensara	i t æ m e r e n s ɑ r ɑ	0
itämeri	i t æ m e r i	23
itäminen	i t æ m i n e n	2
itämurre	i t æ m u rː eˣ	1
itämyrsky	i t æ m y r s k y	0
itäranta	i t æ r ɑ n t ɑ	4
itäryhmä	i t æ r y h m æ	0
itävalta	i t æ ʋ ɑ l t ɑ	60
itää	i t æː	29
itää	i t æːˣ	29
iva	i ʋ ɑ	5
ivaaminen	i ʋ ɑː m i n e n	0
ivallisesti	i ʋ ɑ lː i s e s t iˣ	1
ivalo	i ʋ ɑ l o	6
ivalojoki	i ʋ ɑ l o j o k i	1
ivata	i ʋ ɑ t ɑˣ	0
ivy	i ʋ y	6
iäinen	i æ i̯ n e n	2
iäisesti	i æ i̯ s e s t iˣ	0
iäisyysarvo	i æ i̯ s yː s ɑ r ʋ o	0
iäkäs	i æ k æ s	21
iänmääritys	i æ n m æː r i t y s	1
iät	i æ t	22
iäti	i æ t i	6
iätä	i æ t æˣ	0
iätön	i æ t ø n	2
ja	j ɑ	482753
jaa	j ɑː	154
jaa	j ɑːˣ	154
jaaha	j ɑː h ɑ	4
jaakko	j ɑː kː o	672
jaakkola	j ɑː kː o l ɑ	79
jaakobinsauva	j ɑː k o b i n s ɑ u̯ ʋ ɑ	0
jaakola	j ɑː k o l ɑ	13
jaakoppi	j ɑː k o pː i	1
jaama	j ɑː m ɑ	0
jaana	j ɑː n ɑ	285
jaaritteleminen	j ɑː r i tː e l e m i n e n	0
jaarittelu	j ɑː r i tː e l u	0
jaarli	j ɑː r l i	7
jaava	j ɑː ʋ ɑ	2
jade	j ɑ d e	1
jae	j ɑ eˣ	24
jaella	j ɑ e lː ɑˣ	9
jaha	j ɑ h ɑ	3
jahkaileminen	j ɑ h k ɑ i̯ l e m i n e n	0
jahtaaminen	j ɑ h t ɑː m i n e n	2
jahti	j ɑ h t i	4
jahtivouti	j ɑ h t i ʋ o u̯ t i	1
jakaa	j ɑ k ɑːˣ	995
jakama	j ɑ k ɑ m ɑ	9
jakaumafunktio	j ɑ k ɑ u m ɑ f u ŋ k t i o	0
jakaus	j ɑ k ɑ u s	0
jakautua	j ɑ k ɑ u t u ɑˣ	17
jakautuma	j ɑ k ɑ u t u m ɑ	9
jakautunut	j ɑ k ɑ u t u n u t	45
jakeluasema	j ɑ k e l u ɑ s e m ɑ	5
jakelujärjestelmä	j ɑ k e l u j æ r j e s t e l m æ	5
jakelukeskus	j ɑ k e l u k e s k u s	5
jakelukustannukset	j ɑ k e l u k u s t ɑ nː u k s e t	3
jakelutie	j ɑ k e l u t i e̯	6
jakeluverkko	j ɑ k e l u ʋ e r kː o	0
jakki	j ɑ kː i	0
jakkihedelmä	j ɑ kː i h e d e l m æ	0
jakkiliitin	j ɑ kː i l iː t i n	0
jakkupuku	j ɑ kː u p u k u	5
jako	j ɑ k o	200
jakoalgoritmi	j ɑ k o ɑ l ɡ o r i t m i	0
jakokulma	j ɑ k o k u l m ɑ	1
jakokunta	j ɑ k o k u n t ɑ	1
jakolaite	j ɑ k o l ɑ i̯ t eˣ	0
jakomerkki	j ɑ k o m e r kː i	0
jakopiste	j ɑ k o p i s t eˣ	0
jakorasia	j ɑ k o r ɑ s i ɑ	0
jakorengas	j ɑ k o r e ŋː ɑ s	0
jakosuodin	j ɑ k o s u o̯ d i n	6
jakotislaus	j ɑ k o t i s l ɑ u s	0
jakotislauskolonni	j ɑ k o t i s l ɑ u s k o l o nː i	0
jakotukki	j ɑ k o t u kː i	1
jaksaa	j ɑ k s ɑː	163
jaksaa	j ɑ k s ɑːˣ	163
jaksaminen	j ɑ k s ɑ m i n e n	56
jaksella	j ɑ k s e lː ɑˣ	0
jakso	j ɑ k s o	271
jaksoittain	j ɑ k s o i̯ tː ɑ i̯ n	19
jaksoittaisesti	j ɑ k s o i̯ tː ɑ i̯ s e s t iˣ	0
jaksottaminen	j ɑ k s o tː ɑ m i n e n	3
jalan	j ɑ l ɑ n	131
jalankulkija	j ɑ l ɑ n k u l k i j ɑ	11
jalannousu	j ɑ l ɑ n n o u̯ s u	0
jalansija	j ɑ l ɑ n s i j ɑ	8
jalantie	j ɑ l ɑ n t i e̯	0
jalas	j ɑ l ɑ s	7
jalaspilvi	j ɑ l ɑ s p i l ʋ i	0
jalava	j ɑ l ɑ ʋ ɑ	24
jalka	j ɑ l k ɑ	93
jalkaa	j ɑ l k ɑː	59
jalkaholvi	j ɑ l k ɑ h o l ʋ i	1
jalkaisin	j ɑ l k ɑ i̯ s i n	19
jalkajousi	j ɑ l k ɑ j o u̯ s i	1
jalkalamppu	j ɑ l k ɑ l ɑ m pː u	1
jalkamylly	j ɑ l k ɑ m y lː y	1
jalkapallo	j ɑ l k ɑ p ɑ lː o	56
jalkapyyhkäisy	j ɑ l k ɑ p yː h k æ i̯ s y	0
jalkapöydänluu	j ɑ l k ɑ p ø y̯ d æ n l uː	0
jalkasara	j ɑ l k ɑ s ɑ r ɑ	3
jalkatie	j ɑ l k ɑ t i e̯	0
jalkatyyny	j ɑ l k ɑ t yː n y	0
jalkava	j ɑ l k ɑ ʋ ɑ	0
jalkavaimo	j ɑ l k ɑ ʋ ɑ i̯ m o	1
jalkavika	j ɑ l k ɑ ʋ i k ɑ	0
jalkaväli	j ɑ l k ɑ ʋ æ l i	0
jalkeille	j ɑ l k e i̯ lː eˣ	13
jalkineteollisuus	j ɑ l k i n eˣ t e o lː i s uː s	0
jalkio	j ɑ l k i o	0
jalkoväli	j ɑ l k o ʋ æ l i	0
jallittaminen	j ɑ lː i tː ɑ m i n e n	0
jallu	j ɑ lː u	5
jalmar	j ɑ l m ɑ r	0
jalmari	j ɑ l m ɑ r i	39
jalo	j ɑ l o	34
jalofasaani	j ɑ l o f ɑ s ɑː n i	0
jalokivisormus	j ɑ l o k i ʋ i s o r m u s	0
jalokivityö	j ɑ l o k i ʋ i t y ø̯	0
jalomielinen	j ɑ l o m i e̯ l i n e n	1
jalomielisesti	j ɑ l o m i e̯ l i s e s t iˣ	0
jalopeura	j ɑ l o p e u̯ r ɑ	6
jalopuu	j ɑ l o p uː	0
jalostaa	j ɑ l o s t ɑːˣ	45
jalostaminen	j ɑ l o s t ɑ m i n e n	14
jalostamo	j ɑ l o s t ɑ m o	1
jalostustoiminto	j ɑ l o s t u s t o i̯ m i n t o	0
jaloteräs	j ɑ l o t e r æ s	1
jalustin	j ɑ l u s t i n	2
jalustinlihas	j ɑ l u s t i n l i h ɑ s	0
jamaika	j ɑ m ɑ i̯ k ɑ	4
jamakka	j ɑ m ɑ kː ɑ	2
jami	j ɑ m i	17
jammailla	j ɑ mː ɑ i̯ lː ɑˣ	2
jammata	j ɑ mː ɑ t ɑˣ	0
jana	j ɑ n ɑ	14
janakkala	j ɑ n ɑ kː ɑ l ɑ	9
janakkalainen	j ɑ n ɑ kː ɑ l ɑ i̯ n e n	0
janakkalalainen	j ɑ n ɑ kː ɑ l ɑ l ɑ i̯ n e n	0
janhunen	j ɑ n h u n e n	15
janhus	j ɑ n h u s	0
jani	j ɑ n i	345
janika	j ɑ n i k ɑ	2
janina	j ɑ n i n ɑ	19
janita	j ɑ n i t ɑ	8
jankko	j ɑ ŋ kː o	2
jankuttaminen	j ɑ ŋ k u tː ɑ m i n e n	1
janna	j ɑ nː ɑ	5
janne	j ɑ nː e	840
jano	j ɑ n o	30
janoisa	j ɑ n o i̯ s ɑ	0
janoissaan	j ɑ n o i̯ sː ɑː n	2
janojuoma	j ɑ n o j u o̯ m ɑ	2
janontunne	j ɑ n o n t u nː eˣ	1
janssoninkiusaus	j ɑ n sː o n i n k i u̯ s ɑ u s	0
jantunen	j ɑ n t u n e n	17
jaosto	j ɑ o s t o	117
jaottaminen	j ɑ o tː ɑ m i n e n	0
jaotteleminen	j ɑ o tː e l e m i n e n	0
japani	j ɑ p ɑ n i	67
japanilaismies	j ɑ p ɑ n i l ɑ i̯ s m i e̯ s	0
japanilaisnainen	j ɑ p ɑ n i l ɑ i̯ s n ɑ i̯ n e n	0
japanilaisuus	j ɑ p ɑ n i l ɑ i̯ s uː s	0
japaninlokki	j ɑ p ɑ n i n l o kː i	0
japaninmispeli	j ɑ p ɑ n i n m i s p e l i	0
japonismi	j ɑ p o n i s m i	0
japsi	j ɑ p s i	0
jargon	j ɑ r ɡ o n	1
jari	j ɑ r i	828
jarkko	j ɑ r kː o	330
jarmo	j ɑ r m o	534
jarno	j ɑ r n o	108
jarosiitti	j ɑ r o s iː tː i	0
jarru	j ɑ rː u	22
jarrukahva	j ɑ rː u k ɑ h ʋ ɑ	0
jarruneste	j ɑ rː u n e s t eˣ	1
jarrupoljin	j ɑ rː u p o l j i n	1
jarrutella	j ɑ rː u t e lː ɑˣ	4
jarrutin	j ɑ rː u t i n	0
jarruttaminen	j ɑ rː u tː ɑ m i n e n	3
jarrutusalue	j ɑ rː u t u s ɑ l u eˣ	0
jarrutussäteily	j ɑ rː u t u s s æ t e i̯ l y	0
jarruvarjo	j ɑ rː u ʋ ɑ r j o	0
jaska	j ɑ s k ɑ	41
jasmiina	j ɑ s m iː n ɑ	1
jasmin	j ɑ s m i n	17
jasper	j ɑ s p e r	2
jatkaa	j ɑ t k ɑːˣ	1864
jatkojalostus	j ɑ t k o j ɑ l o s t u s	16
jatkokoulutus	j ɑ t k o k o u̯ l u t u s	28
jatkolähettää	j ɑ t k o l æ h e tː æːˣ	0
jatkomatka	j ɑ t k o m ɑ t k ɑ	1
jatkosopimus	j ɑ t k o s o p i m u s	5
jatkotutkinto	j ɑ t k o t u t k i n t o	13
jatkua	j ɑ t k u ɑˣ	134
jatkumo	j ɑ t k u m o	20
jatkumomekaniikka	j ɑ t k u m o m e k ɑ n iː kː ɑ	0
jatkuvuus	j ɑ t k u ʋ uː s	70
jatsi	j ɑ t s i	1
jatta	j ɑ tː ɑ	6
jatuli	j ɑ t u l i	2
jatulinpatsas	j ɑ t u l i n p ɑ t s ɑ s	0
jauhaa	j ɑ u̯ h ɑːˣ	12
jauhaminen	j ɑ u̯ h ɑ m i n e n	1
jauhattaminen	j ɑ u̯ h ɑ tː ɑ m i n e n	0
jauheliha	j ɑ u̯ h e l i h ɑ	10
jauheliha	j ɑ u̯ h eˣ l i h ɑ	10
jauhelihapihvi	j ɑ u̯ h e lː i h ɑ p i h ʋ i	1
jauhemaalaus	j ɑ u̯ h eˣ m ɑː l ɑ u s	1
jauhemaksapihvi	j ɑ u̯ h eˣ m ɑ k s ɑ p i h ʋ i	0
jauhesammutin	j ɑ u̯ h eˣ s ɑ mː u t i n	2
jauhinkivi	j ɑ u̯ h i n k i ʋ i	0
jauho	j ɑ u̯ h o	9
jauhohinkalo	j ɑ u̯ h o h i ŋ k ɑ l o	0
jauhokalja	j ɑ u̯ h o k ɑ l j ɑ	0
jauholapio	j ɑ u̯ h o l ɑ p i o	0
jauhomato	j ɑ u̯ h o m ɑ t o	0
jauhonpöly	j ɑ u̯ h o n p ø l y	0
jauhopeukalo	j ɑ u̯ h o p e u̯ k ɑ l o	0
jauhopukki	j ɑ u̯ h o p u kː i	2
jauhopussi	j ɑ u̯ h o p u sː i	0
jauhosavikka	j ɑ u̯ h o s ɑ ʋ i kː ɑ	1
jauhosäkki	j ɑ u̯ h o s æ kː i	0
jauhottaminen	j ɑ u̯ h o tː ɑ m i n e n	0
jauhovelli	j ɑ u̯ h o ʋ e lː i	0
jazz	j ɑ t s	117
jee	j eː	4
jeeppi	j eː pː i	2
jeesaaminen	j eː s ɑː m i n e n	0
jeesata	j eː s ɑ t ɑˣ	0
jeesus	j eː s u s	879
jekku	j e kː u	1
jelena	j e l e n ɑ	12
jellona	j e lː o n ɑ	0
jelppiä	j e l pː i æˣ	1
jemina	j e m i n ɑ	3
jengityö	j e ŋː i t y ø̯	2
jenkka	j e ŋ kː ɑ	7
jenkki	j e ŋ kː i	12
jenkkifutis	j e ŋ kː i f u t i s	0
jenna	j e nː ɑ	16
jenni	j e nː i	102
jenny	j e nː y	26
jep	j e p	7
jepulis	j e p u l i s	0
jere	j e r e	53
jeremias	j e r e m i ɑ s	12
jersey	d ʒ øː z i	7
jersey	j e r s e i̯	7
jersey	j e r s e y	7
jerseyneulos	d ʒ øː s i n e u̯ l o s	0
jerseyneulos	j e r s e i̯ n e u̯ l o s	0
jerseyneulos	j e r s e y n e u̯ l o s	0
jesse	j e sː e	35
jessika	j e sː i k ɑ	1
jessör	j e sː ø r	0
jetsulleen	j e t s u lː eː n	0
jiekiö	j i e̯ k i ø	0
jii	j iː	2
jiiri	j iː r i	1
jiirisaha	j iː r i s ɑ h ɑ	0
jimi	j i m i	34
jkr.	j iː k oː æ r	0
jo	j o	19348
jockey	j o kː e i̯	0
jodisprii	j o d i s p r iː	0
jodisuola	j o d i s u o̯ l ɑ	0
joditabletti	j o d i t ɑ b l e tː i	0
jodlaus	j o d l ɑ u s	0
joel	j o e l	48
joensuu	j o e n s uː	143
jogurtti	j o ɡ u r tː i	10
jogurtti	j u k u r tː i	10
jogurtti	j u ɡ u r tː i	10
jogurttijäädyke	j o ɡ u r tː i j æː d y k eˣ	0
jogurttijäädyke	j u ɡ u r tː i j æː d y k eˣ	0
jogurttikastike	j o ɡ u r tː i k ɑ s t i k eˣ	0
jogurttikastike	j u ɡ u r tː i k ɑ s t i k eˣ	0
johanna	j o h ɑ nː ɑ	377
johanneksenleipä	j o h ɑ nː e k s e n l e i̯ p æ	0
johannes	j o h ɑ nː e s	312
johde	j o h d eˣ	2
johdeaita	j o h d eˣ ɑ i̯ t ɑ	0
johdonmukaisuus	j o h d o n m u k ɑ i̯ s uː s	11
johdottaminen	j o h d o tː ɑ m i n e n	0
johtaa	j o h t ɑː	1690
johtaa	j o h t ɑːˣ	1690
johtaminen	j o h t ɑ m i n e n	226
johtamistaito	j o h t ɑ m i s t ɑ i̯ t o	6
johtamistaitoinen	j o h t ɑ m i s t ɑ i̯ t o i̯ n e n	0
johtamistyyli	j o h t ɑ m i s t yː l i	2
johteinen	j o h t e i̯ n e n	0
johto	j o h t o	388
johtoelin	j o h t o e l i n	1
johtohahmo	j o h t o h ɑ h m o	12
johtohenkilö	j o h t o h e ŋ k i l ø	0
johtojänne	j o h t o j æ nː eˣ	0
johtoreuna	j o h t o r e u̯ n ɑ	0
johtoryhmä	j o h t o r y h m æ	257
johtosarja	j o h t o s ɑ r j ɑ	0
johtosolukko	j o h t o s o l u kː o	0
johtosuora	j o h t o s u o̯ r ɑ	0
johtosävel	j o h t o s æ ʋ e l	0
johtosääntö	j o h t o s æː n t ø	45
joi	j o i̯	23
joisi	j o i̯ s i	3
jojo	j o j o	1
joka	j o k ɑ	32154
jokainen	j o k ɑ i̯ n e n	2464
jokamiehenluokka	j o k ɑ m i e̯ h e n l u o̯ kː ɑ	2
jokamiehenoikeus	j o k ɑ m i e̯ h e n o i̯ k e u s	4
jokamiesluokka	j o k ɑ m i e̯ s l u o̯ kː ɑ	2
jokela	j o k e l ɑ	98
jokelainen	j o k e l ɑ i̯ n e n	6
jokeltaminen	j o k e l t ɑ m i n e n	0
jokeri	j o k e r i	42
jokerilyöjä	j o k e r i l y ø̯ j æ	0
joki	j o k i	132
jokialue	j o k i ɑ l u eˣ	2
jokialus	j o k i ɑ l u s	0
jokikalastus	j o k i k ɑ l ɑ s t u s	0
jokikulta	j o k i k u l t ɑ	0
jokilappalainen	j o k i l ɑ pː ɑ l ɑ i̯ n e n	0
jokimainen	j o k i m ɑ i̯ n e n	0
jokin	j o k i n	1064
jokinen	j o k i n e n	152
jokioinen	j o k i o i̯ n e n	10
jokioislainen	j o k i o i̯ s l ɑ i̯ n e n	1
jokipato	j o k i p ɑ t o	0
jokiranta	j o k i r ɑ n t ɑ	12
jokivene	j o k i ʋ e n eˣ	1
jokkis	j o kː i s	0
jokotai	j o k o t ɑ i̯	0
jokseenkaan	j o k s eː ŋ k ɑː n	0
jokseenkin	j o k s eː ŋ k i n	163
joku	j o k u	1759
jokulähetys	j o k u l æ h e t y s	0
jollei	j o lː e i̯	399
jolloinkin	j o lː o i̯ ŋ k i n	0
joltinenkin	j o l t i n e ŋ k i n	2
joltisestikin	j o l t i s e s t iˣ k i n	0
jomala	j u mː ɑ l ɑ	2
jommoinen	j o mː o i̯ n e n	0
jompi	j o m p i	16
jompikumpi	j o m p i k u m p i	60
joni	j o n i	102
jonkin	j o ŋ k i n	1955
jonna	j o nː ɑ	65
jonne	j o nː e	595
jonne	j o nː eˣ	595
jono	j o n o	38
jonokompakti	j o n o k o m p ɑ k t i	0
jonosalaaja	j o n o s ɑ l ɑː j ɑ	0
jonosalaus	j o n o s ɑ l ɑ u s	0
jonottaa	j o n o tː ɑː	19
jonottaa	j o n o tː ɑːˣ	19
jonotusaika	j o n o t u s ɑ i̯ k ɑ	18
jonotusviive	j o n o t u s ʋ iː ʋ eˣ	0
jonovuoristo	j o n o ʋ u o̯ r i s t o	0
joo	j oː	100
jooga	j oː ɡ ɑ	25
joona	j oː n ɑ	37
joonas	j oː n ɑ s	87
joonatan	j oː n ɑ t ɑ n	5
jooseppi	j oː s e pː i	11
joota	j oː t ɑ	0
jopa	j o p ɑ	4916
jordania	j o r d ɑ n i ɑ	4
jori	j o r i	19
joriini	j o r iː n i	0
jorma	j o r m ɑ	663
joroinen	j o r o i̯ n e n	10
joroislainen	j o r o i̯ s l ɑ i̯ n e n	0
jorottaminen	j o r o tː ɑ m i n e n	0
jortsut	j o r t s u t	0
jos	j o s	21759
josefiina	j o s e f iː n ɑ	2
joskus	j o s k u s	2638
jossitella	j o sː i t e lː ɑˣ	5
jossitteleminen	j o sː i tː e l e m i n e n	0
jossittelu	j o sː i tː e l u	1
jota	j o t ɑ	4840
jota	j oː t ɑ	4840
jotenkuten	j o t e n k u t e n	15
joteskin	j o t e s k i n	3
jotos	j o t o s	4
jotta	j o tː ɑ	4108
jou	j o u̯	0
jouheasti	j o u̯ h e ɑ s t iˣ	2
jouhikantele	j o u̯ h i k ɑ n t e l e	0
jouhikas	j o u̯ h i k ɑ s	0
jouhipaita	j o u̯ h i p ɑ i̯ t ɑ	0
joukahainen	j o u̯ k ɑ h ɑ i̯ n e n	7
joukko	j o u̯ kː o	809
joukkoalgebra	j o u̯ kː o ɑ l ɡ e b r ɑ	0
joukkoampuminen	j o u̯ kː o ɑ m p u m i n e n	0
joukkoerotus	j o u̯ kː o e r o t u s	0
joukkohautaus	j o u̯ kː o h ɑ u̯ t ɑ u s	0
joukkoirtisanominen	j o u̯ kː o i r t iˣ s ɑ n o m i n e n	0
joukkoirtisanoutuminen	j o u̯ kː o i r t iˣ s ɑ n o u t u m i n e n	0
joukkojenhallinta	j o u̯ kː o j e n h ɑ lː i n t ɑ	0
joukkoliikennekaista	j o u̯ kː o l iː k e nː eˣ k ɑ i̯ s t ɑ	0
joukkoliikenneväline	j o u̯ kː o l iː k e nː eˣ ʋ æ l i n eˣ	0
joukkomielenosoitus	j o u̯ kː o m i e̯ l e n o s o i̯ t u s	0
joukkopako	j o u̯ kː o p ɑ k o	1
joukkoristiside	j o u̯ kː o r i s t i s i d eˣ	0
joukkosielu	j o u̯ kː o s i e̯ l u	0
joukkosukupuutto	j o u̯ kː o s u k u p uː tː o	0
joukkosurma	j o u̯ kː o s u r m ɑ	0
joukkotiedotus	j o u̯ kː o t i e̯ d o t u s	9
joukkotiedotuskasvatus	j o u̯ kː o t i e̯ d o t u s k ɑ s ʋ ɑ t u s	0
joukkotiedotusväline	j o u̯ kː o t i e̯ d o t u s ʋ æ l i n eˣ	0
joukkotuhoase	j o u̯ kː o t u h o ɑ s eˣ	1
joukkotuhonta	j o u̯ kː o t u h o n t ɑ	0
joukkotyöriita	j o u̯ kː o t y ø̯ r iː t ɑ	0
joukkovelkakirjalaina	j o u̯ kː o ʋ e l k ɑ k i r j ɑ l ɑ i̯ n ɑ	1
joukkovoima	j o u̯ kː o ʋ o i̯ m ɑ	0
joukkue	j o u̯ kː u eˣ	1032
joukkuelaji	j o u̯ kː u eˣ l ɑ j i	3
jouko	j o u̯ k o	432
joulu	j o u̯ l u	108
jouluaamu	j o u̯ l u ɑː m u	0
jouluaattoilta	j o u̯ l u ɑː tː o i l t ɑ	0
jouluapulainen	j o u̯ l u ɑ p u l ɑ i̯ n e n	0
jouluateria	j o u̯ l u ɑ t e r i ɑ	4
jouluevankeliumi	j o u̯ l u e ʋ ɑ ŋ k e l i u m i	2
jouluglögi	j o u̯ l u ɡ l ø ɡ i	1
jouluikkuna	j o u̯ l u i kː u n ɑ	0
jouluilta	j o u̯ l u i l t ɑ	0
joulujuhla	j o u̯ l u j u h l ɑ	16
joulukaktus	j o u̯ l u k ɑ k t u s	0
joulukala	j o u̯ l u k ɑ l ɑ	0
joulukalenteri	j o u̯ l u k ɑ l e n t e r i	5
joulukalkkuna	j o u̯ l u k ɑ l kː u n ɑ	0
joulukataja	j o u̯ l u k ɑ t ɑ j ɑ	0
joulukatu	j o u̯ l u k ɑ t u	0
joulukello	j o u̯ l u k e lː o	0
joulukirja	j o u̯ l u k i r j ɑ	0
joulukukka	j o u̯ l u k u kː ɑ	0
joulukuu	j o u̯ l u k uː	31
joulukuusenjalka	j o u̯ l u k uː s e n j ɑ l k ɑ	0
joulukuusenkoriste	j o u̯ l u k uː s e n k o r i s t eˣ	0
joulukuusenkynttilä	j o u̯ l u k uː s e n k y n tː i l æ	0
joulukynttilä	j o u̯ l u k y n tː i l æ	0
joululahjapaketti	j o u̯ l u l ɑ h j ɑ p ɑ k e tː i	0
joululehti	j o u̯ l u l e h t i	1
joululeikki	j o u̯ l u l e i̯ kː i	1
joululeipä	j o u̯ l u l e i̯ p æ	0
joululiina	j o u̯ l u l iː n ɑ	0
joululyhde	j o u̯ l u l y h d eˣ	0
joulumarkkinat	j o u̯ l u m ɑ r kː i n ɑ t	5
joulumerkki	j o u̯ l u m e r kː i	0
joulumyynti	j o u̯ l u m yː n t i	2
joulunaika	j o u̯ l u n ɑ i̯ k ɑ	1
joulunaluspäivä	j o u̯ l u n ɑ l u s p æ i̯ ʋ æ	0
joulunalusviikko	j o u̯ l u n ɑ l u s ʋ iː kː o	0
joulunpyhä	j o u̯ l u n p y h æ	0
joulunumero	j o u̯ l u n u m e r o	3
joulunäytelmä	j o u̯ l u n æ y̯ t e l m æ	1
jouluostos	j o u̯ l u o s t o s	1
joulupaketti	j o u̯ l u p ɑ k e tː i	2
joulupaperi	j o u̯ l u p ɑ p e r i	0
joulupata	j o u̯ l u p ɑ t ɑ	0
jouluporsas	j o u̯ l u p o r s ɑ s	0
jouluposti	j o u̯ l u p o s t i	0
joulupuuro	j o u̯ l u p uː r o	5
jouluraha	j o u̯ l u r ɑ h ɑ	0
jouluristi	j o u̯ l u r i s t i	0
jouluruno	j o u̯ l u r u n o	0
jouluruoka	j o u̯ l u r u o̯ k ɑ	5
jouluruuhka	j o u̯ l u r uː h k ɑ	0
jouluruusu	j o u̯ l u r uː s u	0
joulusauna	j o u̯ l u s ɑ u̯ n ɑ	3
jouluseimi	j o u̯ l u s e i̯ m i	0
joulusiivous	j o u̯ l u s iː ʋ o u s	0
joulutodistus	j o u̯ l u t o d i s t u s	0
joulutunnelma	j o u̯ l u t u nː e l m ɑ	3
jouluvalmistelut	j o u̯ l u ʋ ɑ l m i s t e l u t	0
jouluviikko	j o u̯ l u ʋ iː kː o	0
jouluvirsi	j o u̯ l u ʋ i r s i	0
jouluyö	j o u̯ l u y ø	3
jouni	j o u̯ n i	440
jousentuki	j o u̯ s e n t u k i	0
jousi	j o u̯ s i	20
jousihaka	j o u̯ s i h ɑ k ɑ	0
jousikvartetto	j o u̯ s i k ʋ ɑ r t e tː o	4
jousimies	j o u̯ s i m i e̯ s	3
jousittaminen	j o u̯ s i tː ɑ m i n e n	0
jousivaaka	j o u̯ s i ʋ ɑː k ɑ	0
jousiäes	j o u̯ s i æ e s	0
joustaminen	j o u̯ s t ɑ m i n e n	1
joustavasti	j o u̯ s t ɑ ʋ ɑ s t iˣ	347
joustinpatja	j o u̯ s t i n p ɑ t j ɑ	2
joustomekanismi	j o u̯ s t o m e k ɑ n i s m i	0
joustotyö	j o u̯ s t o t y ø̯	3
joutaa	j o u̯ t ɑːˣ	7
joutaminen	j o u̯ t ɑ m i n e n	0
jouten	j o u̯ t e n	5
joutessa	j o u̯ t e sː ɑ	0
joutessaan	j o u̯ t e sː ɑː n	1
joutilaisuus	j o u̯ t i l ɑ i̯ s uː s	0
joutohede	j o u̯ t o h e d eˣ	0
joutonäyttö	j o u̯ t o n æ y̯ tː ø	0
joutoväki	j o u̯ t o ʋ æ k i	0
joutsa	j o u̯ t s ɑ	19
joutsalainen	j o u̯ t s ɑ l ɑ i̯ n e n	4
joutsen	j o u̯ t s e n	30
joutua	j o u̯ t u ɑˣ	343
joutuisasti	j o u̯ t u i̯ s ɑ s t iˣ	11
joutuminen	j o u̯ t u m i n e n	55
joystick	d ʒ o i̯ s t i k	5
juankoski	j u ɑ n k o s k i	8
jugurtti	j u ɡ u r tː i	1
juha	j u h ɑ	1274
juhana	j u h ɑ n ɑ	63
juhani	j u h ɑ n i	650
juhannus	j u h ɑ nː u s	17
juhannusjuusto	j u h ɑ nː u s j uː s t o	0
juhannuspäivä	j u h ɑ nː u s p æ i̯ ʋ æ	1
juhannustanssit	j u h ɑ nː u s t ɑ n sː i t	0
juhannustuli	j u h ɑ nː u s t u l i	0
juhla	j u h l ɑ	148
juhlaesitelmä	j u h l ɑ e s i t e l m æ	1
juhlahetki	j u h l ɑ h e t k i	2
juhlahumu	j u h l ɑ h u m u	0
juhlahuoneisto	j u h l ɑ h u o̯ n e i̯ s t o	2
juhlaillallinen	j u h l ɑ i lː ɑ lː i n e n	3
juhlajulkaisu	j u h l ɑ j u l k ɑ i̯ s u	2
juhlajumalanpalvelus	j u h l ɑ j u m ɑ l ɑ n p ɑ l ʋ e l u s	3
juhlakalu	j u h l ɑ k ɑ l u	1
juhlakenkä	j u h l ɑ k e ŋ k æ	0
juhlakirja	j u h l ɑ k i r j ɑ	11
juhlakonsertti	j u h l ɑ k o n s e r tː i	3
juhlakulkue	j u h l ɑ k u l k u eˣ	0
juhlakunto	j u h l ɑ k u n t o	0
juhlaliputettu	j u h l ɑ l i p u t e tː u	0
juhlaliputus	j u h l ɑ l i p u t u s	0
juhlaluento	j u h l ɑ l u e n t o	1
juhlamenot	j u h l ɑ m e n o t	0
juhlamerkki	j u h l ɑ m e r kː i	0
juhlamieli	j u h l ɑ m i e̯ l i	0
juhlamielinen	j u h l ɑ m i e̯ l i n e n	0
juhlanumero	j u h l ɑ n u m e r o	5
juhlanäyttely	j u h l ɑ n æ y̯ tː e l y	7
juhlanäytäntö	j u h l ɑ n æ y̯ t æ n t ø	0
juhlapaikka	j u h l ɑ p ɑ i̯ kː ɑ	4
juhlapalvelu	j u h l ɑ p ɑ l ʋ e l u	2
juhlapostimerkki	j u h l ɑ p o s t i m e r kː i	0
juhlapuhuja	j u h l ɑ p u h u j ɑ	2
juhlapukuinen	j u h l ɑ p u k u i̯ n e n	1
juhlapyhä	j u h l ɑ p y h æ	1
juhlapäivällinen	j u h l ɑ p æ i̯ ʋ æ lː i n e n	1
juhlaraha	j u h l ɑ r ɑ h ɑ	7
juhlasaatto	j u h l ɑ s ɑː tː o	0
juhlatilaisuus	j u h l ɑ t i l ɑ i̯ s uː s	10
juhlatoimikunta	j u h l ɑ t o i̯ m i k u n t ɑ	2
juhlatuli	j u h l ɑ t u l i	0
juhlatunnelma	j u h l ɑ t u nː e l m ɑ	1
juhlatuuli	j u h l ɑ t uː l i	0
juhlavaate	j u h l ɑ ʋ ɑː t eˣ	0
juhlavalaistu	j u h l ɑ ʋ ɑ l ɑ i̯ s t u	0
juhlavalaistus	j u h l ɑ ʋ ɑ l ɑ i̯ s t u s	1
juhlavalmistelut	j u h l ɑ ʋ ɑ l m i s t e l u t	1
juhlavasti	j u h l ɑ ʋ ɑ s t iˣ	10
juhlavieras	j u h l ɑ ʋ i e̯ r ɑ s	0
juhlavuus	j u h l ɑ ʋ uː s	1
juhlayleisö	j u h l ɑ y l e i̯ s ø	3
juhliminen	j u h l i m i n e n	4
juho	j u h o	338
juhola	j u h o l ɑ	5
juhta	j u h t ɑ	3
juju	j u j u	12
juka	j u k ɑ	4
jukka	j u kː ɑ	1261
juko	j u k o	2
juksaaminen	j u k s ɑː m i n e n	0
jukurtti	j u k u r tː i	0
julia	j uː l i ɑ	48
julistaa	j u l i s t ɑː	204
julistaa	j u l i s t ɑːˣ	204
julistaminen	j u l i s t ɑ m i n e n	20
julistautuminen	j u l i s t ɑ u t u m i n e n	2
julius	j u l i u s	44
juljeta	j u l j e t ɑˣ	0
julkaisemisvuosi	j u l k ɑ i̯ s e m i s ʋ u o̯ s i	0
julkaista	j u l k ɑ i̯ s t ɑˣ	260
julkaisuarkisto	j u l k ɑ i̯ s u ɑ r k i s t o	0
julkaisuerä	j u l k ɑ i̯ s u e r æ	0
julkaisukanava	j u l k ɑ i̯ s u k ɑ n ɑ ʋ ɑ	3
julkaisumaksu	j u l k ɑ i̯ s u m ɑ k s u	1
julkaisuohjelma	j u l k ɑ i̯ s u o h j e l m ɑ	0
julkaisutieto	j u l k ɑ i̯ s u t i e̯ t o	0
julkaisuvuosi	j u l k ɑ i̯ s u ʋ u o̯ s i	7
julkea	j u l k e ɑ	2
julkeasti	j u l k e ɑ s t iˣ	2
julkeus	j u l k e u s	0
julkisivuelementti	j u l k i s i ʋ u e l e m e n tː i	0
julkisivupiirustus	j u l k i s i ʋ u p iː r u s t u s	0
julkisohjelma	j u l k i s o h j e l m ɑ	1
julkistaminen	j u l k i s t ɑ m i n e n	38
julkisuuskuva	j u l k i s uː s k u ʋ ɑ	4
julkkisviihde	j u l kː i s ʋ iː h d eˣ	0
julmettu	j u l m e tː u	2
julmetusti	j u l m e t u s t iˣ	2
jumala	j u m ɑ l ɑ	1554
jumalaisesti	j u m ɑ l ɑ i̯ s e s t iˣ	1
jumalanilma	j u m ɑ l ɑ n i l m ɑ	0
jumalattomasti	j u m ɑ l ɑ tː o m ɑ s t iˣ	0
jumalauta	j u m ɑ l ɑ u t ɑ	7
jumalisesti	j u m ɑ l i s e s t iˣ	1
jumbo	j u m b o	6
jumbojetti	j u m b o j e tː i	0
jumbokoko	j u m b o k o k o	0
jumbosija	j u m b o s i j ɑ	0
jumittaminen	j u m i tː ɑ m i n e n	0
jumittuminen	j u m i tː u m i n e n	1
jumppa	j u m pː ɑ	22
jumppapallo	j u m pː ɑ p ɑ lː o	0
jumppavideo	j u m pː ɑ ʋ i d e o	0
jumputtaminen	j u m p u tː ɑ m i n e n	0
junaileminen	j u n ɑ i̯ l e m i n e n	0
junalaituri	j u n ɑ l ɑ i̯ t u r i	0
junanraide	j u n ɑ n r ɑ i̯ d eˣ	0
junki	j u ŋ k i	0
junktuuri	j u ŋ k t uː r i	0
junnila	j u nː i l ɑ	27
juntta	j u n tː ɑ	0
junttaaminen	j u n tː ɑː m i n e n	0
juntti	j u n tː i	3
junttila	j u n tː i l ɑ	16
juntunen	j u n t u n e n	60
juo	j u o̯	81
juo	j u o̯ˣ	81
juoda	j u o̯ d ɑˣ	115
juoheasti	j u o̯ h e ɑ s t iˣ	1
juohevasti	j u o̯ h e ʋ ɑ s t iˣ	4
juoksemaan	j u o̯ k s e m ɑː n	52
juoksemasta	j u o̯ k s e m ɑ s t ɑ	1
juokseminen	j u o̯ k s e m i n e n	11
juoksenteleminen	j u o̯ k s e n t e l e m i n e n	0
juoksevasti	j u o̯ k s e ʋ ɑ s t iˣ	6
juoksu	j u o̯ k s u	70
juoksulimitys	j u o̯ k s u l i m i t y s	0
juoksurata	j u o̯ k s u r ɑ t ɑ	2
juoksurattaat	j u o̯ k s u r ɑ tː ɑː t	0
juoksutiili	j u o̯ k s u t iː l i	0
juoksutinjuusto	j u o̯ k s u t i n j uː s t o	0
juoksuttaa	j u o̯ k s u tː ɑːˣ	9
juoksuttaminen	j u o̯ k s u tː ɑ m i n e n	0
juoksuvaunu	j u o̯ k s u ʋ ɑ u̯ n u	0
juoksuvaunut	j u o̯ k s u ʋ ɑ u̯ n u t	0
juolasara	j u o̯ l ɑ s ɑ r ɑ	0
juoma	j u o̯ m ɑ	62
juomahimo	j u o̯ m ɑ h i m o	1
juomakausi	j u o̯ m ɑ k ɑ u̯ s i	0
juomakuppi	j u o̯ m ɑ k u pː i	0
juomalista	j u o̯ m ɑ l i s t ɑ	0
juomanippa	j u o̯ m ɑ n i pː ɑ	0
juomasarvi	j u o̯ m ɑ s ɑ r ʋ i	0
juomatapa	j u o̯ m ɑ t ɑ p ɑ	1
juominen	j u o̯ m i n e n	68
juonellisesti	j u o̯ n e lː i s e s t iˣ	1
juoni	j u o̯ n i	62
juoni	j u o̯ n iˣ	62
juonikkaasti	j u o̯ n i kː ɑː s t iˣ	2
juonimalmi	j u o̯ n i m ɑ l m i	0
juontaminen	j u o̯ n t ɑ m i n e n	2
juontosakset	j u o̯ n t o s ɑ k s e t	0
juopotteleminen	j u o̯ p o tː e l e m i n e n	0
juopuminen	j u o̯ p u m i n e n	3
juoruaminen	j u o̯ r u ɑ m i n e n	0
juorupalsta	j u o̯ r u p ɑ l s t ɑ	0
juosta	j u o̯ s t ɑˣ	86
juostaan	j u o̯ s t ɑː n	34
juostaneen	j u o̯ s t ɑ n eː n	0
juostiin	j u o̯ s t iː n	21
juotoslaasti	j u o̯ t o s l ɑː s t i	0
juotostina	j u o̯ t o s t i n ɑ	0
juottaa	j u o̯ tː ɑːˣ	10
juottotina	j u o̯ tː o t i n ɑ	0
juottovasara	j u o̯ tː o ʋ ɑ s ɑ r ɑ	0
juovamuuntaja	j u o̯ ʋ ɑ m uː n t ɑ j ɑ	0
juovittaminen	j u o̯ ʋ i tː ɑ m i n e n	0
juovuttaminen	j u o̯ ʋ u tː ɑ m i n e n	0
juratsi	j u r ɑ t s i	0
juri	j u r i	21
juridisesti	j u r i d i s e s t iˣ	22
jurista	j u r i s t ɑˣ	0
juristi	j u r i s t i	10
jurnuttaminen	j u r n u tː ɑ m i n e n	0
jurosti	j u r o s t iˣ	0
jussi	j u sː i	780
jussiivi	j u sː iː ʋ i	0
jussila	j u sː i l ɑ	58
jussinparta	j u sː i n p ɑ r t ɑ	0
jussipaita	j u sː i p ɑ i̯ t ɑ	0
just	j u s t	95
justeeri	j u s t eː r i	1
justiina	j u s t iː n ɑ	2
justus	j u s t u s	8
jutata	j u t ɑ t ɑˣ	0
jutta	j u tː ɑ	24
jutteleminen	j u tː e l e m i n e n	1
juttu	j u tː u	513
juttuhetki	j u tː u h e t k i	0
juu	j uː	21
juuka	j uː k ɑ	9
juukalainen	j uː k ɑ l ɑ i̯ n e n	0
juuli	j uː l i	0
juulia	j uː l i ɑ	4
juupajokelainen	j uː p ɑ j o k e l ɑ i̯ n e n	0
juupajoki	j uː p ɑ j o k i	7
juupajokinen	j uː p ɑ j o k i n e n	0
juurenhaara	j uː r e n h ɑː r ɑ	0
juurenotto	j uː r e n o tː o	0
juuresharja	j uː r e s h ɑ r j ɑ	0
juureva	j uː r e ʋ ɑ	5
juuri	j uː r i	4928
juuriartisokka	j uː r i ɑ r t i s o kː ɑ	0
juurieläin	j uː r i e l æ i̯ n	0
juurifunktio	j uː r i f u ŋ k t i o	0
juuriharja	j uː r i h ɑ r j ɑ	0
juurihoitaa	j uː r i h o i̯ t ɑːˣ	0
juurihuntu	j uː r i h u n t u	0
juurijalkainen	j uː r i j ɑ l k ɑ i̯ n e n	0
juurikalvo	j uː r i k ɑ l ʋ o	0
juurikarva	j uː r i k ɑ r ʋ ɑ	0
juurikori	j uː r i k o r i	0
juuriköysi	j uː r i k ø y̯ s i	0
juurilaho	j uː r i l ɑ h o	1
juurilauseke	j uː r i l ɑ u̯ s e k eˣ	0
juurimato	j uː r i m ɑ t o	0
juurimatto	j uː r i m ɑ tː o	0
juurinystyrä	j uː r i n y s t y r æ	0
juuriolut	j uː r i o l u t	0
juuriosa	j uː r i o s ɑ	0
juuriosio	j uː r i o s i o	0
juuripaakku	j uː r i p ɑː kː u	1
juuripaikka	j uː r i p ɑ i̯ kː ɑ	0
juuripaine	j uː r i p ɑ i̯ n eˣ	0
juuripermanentti	j uː r i p e r m ɑ n e n tː i	0
juuripuu	j uː r i p uː	0
juurisilmu	j uː r i s i l m u	0
juuritesti	j uː r i t e s t i	0
juuritäyte	j uː r i t æ y̯ t eˣ	0
juurivarmenne	j uː r i ʋ ɑ r m e nː eˣ	0
juuriverso	j uː r i ʋ e r s o	0
juurivesa	j uː r i ʋ e s ɑ	1
juurtaminen	j uː r t ɑ m i n e n	0
juuso	j uː s o	71
juusto	j uː s t o	24
juustoaine	j uː s t o ɑ i̯ n eˣ	0
juustoinen	j uː s t o i̯ n e n	0
juustokastike	j uː s t o k ɑ s t i k eˣ	0
juustokeitto	j uː s t o k e i̯ tː o	0
juustolaji	j uː s t o l ɑ j i	0
juustolauta	j uː s t o l ɑ u̯ t ɑ	0
juustomaito	j uː s t o m ɑ i̯ t o	0
juustomestari	j uː s t o m e s t ɑ r i	2
juustomuotti	j uː s t o m u o̯ tː i	0
juustopaisti	j uː s t o p ɑ i̯ s t i	0
juustoraaste	j uː s t o r ɑː s t eˣ	7
juustoteollisuus	j uː s t o t e o lː i s uː s	0
juutti	j uː tː i	2
juuttua	j uː tː u ɑˣ	3
juuttuminen	j uː tː u m i n e n	3
juva	j u ʋ ɑ	81
juvalainen	j u ʋ ɑ l ɑ i̯ n e n	1
juvonen	j u ʋ o n e n	59
jykevä	j y k e ʋ æ	9
jylhästi	j y l h æ s t iˣ	0
jyllanti	j y lː ɑ n t i	0
jymyhitti	j y m y h i tː i	0
jymähtäminen	j y m æ h t æ m i n e n	0
jyri	j y r i	60
jyrinpäivä	j y r i n p æ i̯ ʋ æ	0
jyrinä	j y r i n æ	2
jyriseminen	j y r i s e m i n e n	0
jyristä	j y r i s t æ	1
jyristä	j y r i s t æˣ	1
jyrketä	j y r k e t æˣ	0
jyrki	j y r k i	354
jyrkkä	j y r kː æ	62
jyrkkö	j y r kː ø	0
jyrsinterä	j y r s i n t e r æ	0
jyrähtäminen	j y r æ h t æ m i n e n	0
jyskyttäminen	j y s k y tː æ m i n e n	0
jysähtäminen	j y s æ h t æ m i n e n	0
jytkyttäminen	j y t k y tː æ m i n e n	0
jyvittäminen	j y ʋ i tː æ m i n e n	1
jyvä	j y ʋ æ	9
jyväskylä	j y ʋ æ s k y l æ	260
jyvässolu	j y ʋ æ s s o l u	0
jäi	j æ i̯	1786
jäinen	j æ i̯ n e n	11
jäkälä	j æ k æ l æ	11
jäkälänkeruu	j æ k æ l æ n k e r uː	0
jäkättäminen	j æ k æ tː æ m i n e n	0
jäljitteleminen	j æ l j i tː e l e m i n e n	0
jäljittelyrikos	j æ l j i tː e l y r i k o s	0
jäljittäminen	j æ l j i tː æ m i n e n	1
jäljittää	j æ l j i tː æːˣ	32
jälkeen	j æ l k eː n	15661
jälkeinen	j æ l k e i̯ n e n	136
jälki	j æ l k i	82
jälkijuuri	j æ l k i j uː r i	0
jälkijättöinen	j æ l k i j æ tː ø i̯ n e n	0
jälkikäsitellä	j æ l k i k æ s i t e lː æˣ	0
jälkikäsittely	j æ l k i k æ s i tː e l y	4
jälkimaailma	j æ l k i m ɑː i l m ɑ	7
jälkimarkkinat	j æ l k i m ɑ r kː i n ɑ t	1
jälkimmäinen	j æ l k i mː æ i̯ n e n	153
jälkipainatus	j æ l k i p ɑ i̯ n ɑ t u s	0
jälkipuhe	j æ l k i p u h eˣ	0
jälkiruokaviini	j æ l k i r u o̯ k ɑ ʋ iː n i	1
jälkisilmu	j æ l k i s i l m u	0
jälkitisle	j æ l k i t i s l eˣ	0
jälkityö	j æ l k i t y ø̯	1
jälkiuuni	j æ l k i uː n i	0
jälkiääni	j æ l k i æː n i	0
jälleen	j æ lː eː n	1822
jälleenrakentaa	j æ lː eː n r ɑ k e n t ɑːˣ	2
jälleenyhdistyminen	j æ lː eː n y h d i s t y m i n e n	1
jämerästi	j æ m e r æ s t iˣ	2
jämeä	j æ m e æ	0
jämijärveläinen	j æ m i j æ r ʋ e l æ i̯ n e n	0
jämijärvi	j æ m i j æ r ʋ i	6
jämsä	j æ m s æ	36
jämsäläinen	j æ m s æ l æ i̯ n e n	3
jämtti	j æ m tː i	0
jämäkästi	j æ m æ k æ s t iˣ	8
jänis	j æ n i s	35
jänisrutto	j æ n i s r u tː o	1
jänkkä	j æ ŋ kː æ	0
jänkä	j æ ŋ k æ	1
jänkäkoira	j æ ŋ k æ k o i̯ r ɑ	0
jänne	j æ nː eˣ	5
jännebetoni	j æ nː eˣ b e t o n i	0
jännelanka	j æ nː eˣ l ɑ ŋ k ɑ	0
jännite	j æ nː i t eˣ	75
jännitelähde	j æ nː i t eˣ l æ h d eˣ	0
jännitemuuntaja	j æ nː i t eˣ m uː n t ɑ j ɑ	0
jänniteregulaattori	j æ nː i t eˣ r e ɡ u l ɑː tː o r i	0
jännitesarja	j æ nː i t eˣ s ɑ r j ɑ	0
jännitteensäädin	j æ nː i tː eː n s æː d i n	0
jännittäjätyyppi	j æ nː i tː æ j æ t yː pː i	0
jännittäminen	j æ nː i tː æ m i n e n	8
jännittävä	j æ nː i tː æ ʋ æ	68
jännittävästi	j æ nː i tː æ ʋ æ s t iˣ	2
jännästi	j æ nː æ s t iˣ	2
jännätä	j æ nː æ t æˣ	0
jänskästi	j æ n s k æ s t iˣ	0
jäntevästi	j æ n t e ʋ æ s t iˣ	2
jänönsara	j æ n ø n s ɑ r ɑ	0
järeä	j æ r e æ	24
järeästi	j æ r e æ s t iˣ	2
järjesteillä	j æ r j e s t e i̯ lː æ	0
järjestelmäarkkitehtuuri	j æ r j e s t e l m æ ɑ r kː i t e h t uː r i	1
järjestelmäkutsu	j æ r j e s t e l m æ k u t s u	0
järjestelmällisyys	j æ r j e s t e l m æ lː i s yː s	4
järjestelmäloki	j æ r j e s t e l m æ l o k i	0
järjestelmänvalvoja	j æ r j e s t e l m æ n ʋ ɑ l ʋ o j ɑ	1
järjestelmäpelaaminen	j æ r j e s t e l m æ p e l ɑː m i n e n	0
järjestelmäpiiri	j æ r j e s t e l m æ p iː r i	0
järjestelyalue	j æ r j e s t e l y ɑ l u eˣ	0
järjestelyjuna	j æ r j e s t e l y j u n ɑ	1
järjestelyratapiha	j æ r j e s t e l y r ɑ t ɑ p i h ɑ	0
järjestelytaito	j æ r j e s t e l y t ɑ i̯ t o	0
järjestelyveturi	j æ r j e s t e l y ʋ e t u r i	0
järjestyksenpito	j æ r j e s t y k s e n p i t o	4
järjestynyt	j æ r j e s t y n y t	9
järjestysasteikko	j æ r j e s t y s ɑ s t e i̯ kː o	0
järjestysasteikollinen	j æ r j e s t y s ɑ s t e i̯ k o lː i n e n	0
järjestyshäiriö	j æ r j e s t y s h æ i̯ r i ø	1
järjestysteoria	j æ r j e s t y s t e o r i ɑ	0
järjestyä	j æ r j e s t y æˣ	6
järjestäminen	j æ r j e s t æ m i n e n	435
järjestämisvastuu	j æ r j e s t æ m i s ʋ ɑ s t uː	12
järjestämisvelvollisuus	j æ r j e s t æ m i s ʋ e l ʋ o lː i s uː s	4
järjestäytymiskokous	j æ r j e s t æ y t y m i s k o k o u s	8
järjestää	j æ r j e s t æːˣ	2500
järjestöelämä	j æ r j e s t ø e l æ m æ	0
järjestöneuvos	j æ r j e s t ø n e u̯ ʋ o s	0
järjettömästi	j æ r j e tː ø m æ s t iˣ	3
järkeenkäypä	j æ r k eː n k æ y̯ p æ	2
järkeily	j æ r k e i̯ l y	1
järkeistäminen	j æ r k e i̯ s t æ m i n e n	6
järkevöityminen	j æ r k e ʋ ø i̯ t y m i n e n	0
järki	j æ r k i	80
järkikulta	j æ r k i k u l t ɑ	0
järkiperäisesti	j æ r k i p e r æ i̯ s e s t iˣ	4
järkky	j æ r kː y	0
järkkymättömästi	j æ r kː y m æ tː ø m æ s t iˣ	0
järkkääminen	j æ r kː æː m i n e n	0
järkyttyminen	j æ r k y tː y m i n e n	0
järkyttäminen	j æ r k y tː æ m i n e n	0
järkyttävästi	j æ r k y tː æ ʋ æ s t iˣ	2
järkähtämättömästi	j æ r k æ h t æ m æ tː ø m æ s t iˣ	2
järvelä	j æ r ʋ e l æ	44
järveläinen	j æ r ʋ e l æ i̯ n e n	11
järvenjää	j æ r ʋ e n j æː	0
järvenlasku	j æ r ʋ e n l ɑ s k u	1
järvenpinta	j æ r ʋ e n p i n t ɑ	2
järvenpohja	j æ r ʋ e n p o h j ɑ	0
järvenpää	j æ r ʋ e n p æː	93
järvenpääläinen	j æ r ʋ e n p æː l æ i̯ n e n	4
järvenselkä	j æ r ʋ e n s e l k æ	2
järvi	j æ r ʋ i	129
järvirikas	j æ r ʋ i r i k ɑ s	0
järvisyyhy	j æ r ʋ i s yː h y	4
järähdellä	j æ r æ h d e lː æˣ	0
jäsen	j æ s e n	1581
jäsennellä	j æ s e nː e lː æˣ	11
jäsenpalvelu	j æ s e n p ɑ l ʋ e l u	3
jäsenteleminen	j æ s e n t e l e m i n e n	0
jäsentenvälinen	j æ s e n t e n ʋ æ l i n e n	2
jäsentenväliset	j æ s e n t e n ʋ æ l i s e t	2
jäsentäjä	j æ s e n t æ j æ	0
jästi	j æ s t i	0
jästipää	j æ s t i p æː	1
jäte	j æ t eˣ	129
jäteaine	j æ t eˣ ɑ i̯ n eˣ	0
jäteasema	j æ t eˣ ɑ s e m ɑ	12
jätehierarkia	j æ t eˣ h i e̯ r ɑ r k i ɑ	0
jätekatos	j æ t eˣ k ɑ t o s	1
jätekuilu	j æ t eˣ k u i̯ l u	0
jätelaki	j æ t eˣ l ɑ k i	10
jätepuristin	j æ t eˣ p u r i s t i n	3
jätepuu	j æ t eˣ p uː	3
jätevero	j æ t eˣ ʋ e r o	4
jäteöljy	j æ t e ø l j y	1
jätinkirkko	j æ t i n k i r kː o	0
jätkä	j æ t k æ	20
jätteenkuljetusauto	j æ tː eː n k u l j e t u s ɑ u t o	0
jätteenpoltto	j æ tː eː n p o l tː o	4
jättikatkarapu	j æ tː i k ɑ t k ɑ r ɑ p u	0
jättiläiskäärme	j æ tː i l æ i̯ s k æː r m eˣ	0
jättiruoko	j æ tː i r u o̯ k o	0
jättää	j æ tː æːˣ	1510
jättökulma	j æ tː ø k u l m ɑ	0
jättöpyörre	j æ tː ø p y ø̯ rː e	0
jättösarvi	j æ tː ø s ɑ r ʋ i	0
jätättää	j æ t æ tː æːˣ	2
jäyhästi	j æ y̯ h æ s t iˣ	0
jäykistyminen	j æ y̯ k i s t y m i n e n	4
jäykistäminen	j æ y̯ k i s t æ m i n e n	1
jäykkäkouristus	j æ y̯ kː æ k o u̯ r i s t u s	5
jäytää	j æ y̯ t æːˣ	4
jää	j æː	2762
jää	j æːˣ	2762
jääaavikko	j æː ɑː ʋ i kː o	0
jääbaletti	j æː b ɑ l e tː i	0
jäädyke	j æː d y k eˣ	2
jäädyttäminen	j æː d y tː æ m i n e n	0
jäädyttää	j æː d y tː æːˣ	13
jäädä	j æː d æˣ	576
jääeste	j æː e s t eˣ	0
jääetikka	j æː e t i kː ɑ	0
jääharkko	j æː h ɑ r kː o	0
jäähaude	j æː h ɑ u̯ d eˣ	0
jäähdytysaine	j æː h d y t y s ɑ i̯ n eˣ	0
jäähdytyselementti	j æː h d y t y s e l e m e n tː i	0
jäähdytyslevy	j æː h d y t y s l e ʋ y	0
jäähelmi	j æː h e l m i	0
jäähile	j æː h i l eˣ	1
jäähtyä	j æː h t y æˣ	31
jääjogurtti	j æː j o ɡ u r tː i	0
jääjogurtti	j æː j u ɡ u r tː i	0
jääkaappi	j æː k ɑː pː i	66
jääkaappikylmä	j æː k ɑː pː i k y l m æ	0
jääkaappimargariini	j æː k ɑː pː i m ɑ r ɡ ɑ r iː n i	0
jääkahvi	j æː k ɑ h ʋ i	0
jääkalikka	j æː k ɑ l i kː ɑ	0
jääkarhu	j æː k ɑ r h u	7
jääkausi	j æː k ɑ u̯ s i	5
jääkautinen	j æː k ɑ u̯ t i n e n	0
jääkeli	j æː k e l i	0
jääkenkä	j æː k e ŋ k æ	0
jääkenttä	j æː k e n tː æ	4
jääkide	j æː k i d eˣ	1
jääkiekkokaukalo	j æː k i e̯ kː o k ɑ u̯ k ɑ l o	9
jääkiekkokenttä	j æː k i e̯ kː o k e n tː æ	0
jääkiekkopeli	j æː k i e̯ kː o p e l i	1
jääkukka	j æː k u kː ɑ	0
jääkärivärväri	j æː k æ r i ʋ æ r ʋ æ r i	0
jäälasi	j æː l ɑ s i	0
jäälauta	j æː l ɑ u̯ t ɑ	0
jäälautailu	j æː l ɑ u̯ t ɑ i̯ l u	0
jääleike	j æː l e i̯ k eˣ	0
jäälohkare	j æː l o h k ɑ r eˣ	1
jääluokitus	j æː l u o̯ k i t u s	0
jäämaksu	j æː m ɑ k s u	0
jäämaksuluokka	j æː m ɑ k s u l u o̯ kː ɑ	0
jäämeri	j æː m e r i	0
jäämi	j æː m i	0
jääminen	j æː m i n e n	79
jäämurtaja	j æː m u r t ɑ j ɑ	0
jäänaskali	j æː n ɑ s k ɑ l i	0
jäänestoaine	j æː n e s t o ɑ i̯ n eˣ	0
jäänharmaa	j æː n h ɑ r m ɑː	0
jäänlähtö	j æː n l æ h t ø	0
jäänmuodostus	j æː n m u o̯ d o s t u s	0
jäännosto	j æː n n o s t o	0
jäännöserä	j æː nː ø s e r æ	2
jäännöslopuke	j æː nː ø s l o p u k eˣ	0
jäännösluokka	j æː nː ø s l u o̯ kː ɑ	0
jäännösluokkarengas	j æː nː ø s l u o̯ kː ɑ r e ŋː ɑ s	0
jäännösluokkaryhmä	j æː nː ø s l u o̯ kː ɑ r y h m æ	0
jäännöstermi	j æː nː ø s t e r m i	0
jäännösvuori	j æː nː ø s ʋ u o̯ r i	0
jäänsininen	j æː n s i n i n e n	2
jääolot	j æː o l o t	1
jääpalalokerikko	j æː p ɑ l ɑ l o k e r i kː o	0
jääpalapihdit	j æː p ɑ l ɑ p i h d i t	0
jääpalapussi	j æː p ɑ l ɑ p u sː i	0
jääpato	j æː p ɑ t o	2
jääpeite	j æː p e i̯ t eˣ	18
jääpiikki	j æː p iː kː i	0
jääpolte	j æː p o l t eˣ	2
jääpurjehdus	j æː p u r j e h d u s	0
jääpyynti	j æː p yː n t i	0
jääraappa	j æː r ɑː pː ɑ	1
jäärae	j æː r ɑ eˣ	0
jäärata	j æː r ɑ t ɑ	1
jäärauta	j æː r ɑ u̯ t ɑ	0
jääruohokasvi	j æː r u o̯ h o k ɑ s ʋ i	0
jäärä	j æː r æ	6
jääröykkiö	j æː r ø y̯ kː i ø	0
jääsalaatti	j æː s ɑ l ɑː tː i	0
jääshow	j æː s oː	1
jääshow	j æː ʃ o u̯	1
jääshow	j æː ʃ oː	1
jääskraba	j æː s k r ɑ b ɑ	0
jääsohjo	j æː s o h j o	1
jäästadion	j æː s t ɑ d i o n	0
jääsukellus	j æː s u k e lː u s	0
jääsumu	j æː s u m u	0
jääsurffaus	j æː s u r fː ɑ u s	0
jäätanssi	j æː t ɑ n sː i	1
jäätelö	j æː t e l ø	7
jäätelökakku	j æː t e l ø k ɑ kː u	0
jäätelökeksi	j æː t e l ø k e k s i	0
jäätelökioski	j æː t e l ø k i o s k i	1
jäätelökoju	j æː t e l ø k o j u	0
jäätelöpäänsärky	j æː t e l ø p æː n s æ r k y	0
jäätelöteollisuus	j æː t e l ø t e o lː i s uː s	0
jäätelötikku	j æː t e l ø t i kː u	0
jäätelötuutti	j æː t e l ø t uː tː i	0
jäätelötötterö	j æː t e l ø t ø tː e r ø	1
jäätiedotus	j æː t i e̯ d o t u s	1
jäätikkö	j æː t i kː ø	17
jäätikköjärvi	j æː t i kː ø j æ r ʋ i	1
jäätilanne	j æː t i l ɑ nː eˣ	4
jäätyminen	j æː t y m i n e n	24
jäätymispiste	j æː t y m i s p i s t eˣ	0
jäätyä	j æː t y æˣ	30
jääurheilu	j æː u r h e i̯ l u	1
jäävahvisteinen	j æː ʋ ɑ h ʋ i s t e i̯ n e n	0
jäävahvistettu	j æː ʋ ɑ h ʋ i s t e tː u	0
jäävahvistus	j æː ʋ ɑ h ʋ i s t u s	0
jäävene	j æː ʋ e n eˣ	0
jäävesi	j æː ʋ e s i	4
jäävi	j æː ʋ i	12
jääviileäkaappi	j æː ʋ iː l e æ k ɑː pː i	1
jäävirta	j æː ʋ i r t ɑ	0
jääviys	j æː ʋ i y s	0
jäävuorisalaatti	j æː ʋ u o̯ r i s ɑ l ɑː tː i	1
jäävätä	j æː ʋ æ t æˣ	1
jäävääminen	j æː ʋ æː m i n e n	0
jöö	j øː	0
kaadella	k ɑː d e lː ɑˣ	1
kaahaaminen	k ɑː h ɑː m i n e n	0
kaahaileminen	k ɑː h ɑ i̯ l e m i n e n	0
kaahailla	k ɑː h ɑ i̯ lː ɑˣ	1
kaakao	k ɑː k ɑ o	7
kaakaojauhe	k ɑː k ɑ o j ɑ u̯ h eˣ	1
kaakaojuoma	k ɑː k ɑ o j u o̯ m ɑ	0
kaakaomassa	k ɑː k ɑ o m ɑ sː ɑ	0
kaakattaminen	k ɑː k ɑ tː ɑ m i n e n	0
kaakelisavi	k ɑː k e l i s ɑ ʋ i	0
kaakeloida	k ɑː k e l o i̯ d ɑˣ	0
kaakeloiminen	k ɑː k e l o i̯ m i n e n	0
kaakko	k ɑː kː o	2
kaakkoinen	k ɑː kː o i̯ n e n	4
kaakkoismurteet	k ɑː kː o i̯ s m u r t eː t	1
kaakkoismyrsky	k ɑː kː o i̯ s m y r s k y	0
kaakkoispasaati	k ɑː kː o i̯ s p ɑ s ɑː t i	1
kaalamo	k ɑː l ɑ m o	1
kaali	k ɑː l i	12
kaalikääryle	k ɑː l i k æː r y l eˣ	1
kaalimato	k ɑː l i m ɑ t o	0
kaaliperhonen	k ɑː l i p e r h o n e n	0
kaalipiirakka	k ɑː l i p iː r ɑ kː ɑ	0
kaalirauta	k ɑː l i r ɑ u̯ t ɑ	0
kaameasti	k ɑː m e ɑ s t iˣ	0
kaamos	k ɑː m o s	8
kaamosaika	k ɑː m o s ɑ i̯ k ɑ	1
kaamosmasennus	k ɑː m o s m ɑ s e nː u s	1
kaanon	k ɑː n o n	3
kaaoksellinen	k ɑː o k s e lː i n e n	0
kaapelikanava	k ɑː p e l i k ɑ n ɑ ʋ ɑ	1
kaapelinmitta	k ɑː p e l i n m i tː ɑ	0
kaapelipaperi	k ɑː p e l i p ɑ p e r i	0
kaapeloiminen	k ɑː p e l o i̯ m i n e n	0
kaapia	k ɑː p i ɑˣ	4
kaapo	k ɑː p o	12
kaappaaminen	k ɑː pː ɑː m i n e n	2
kaapparikapteeni	k ɑː pː ɑ r i k ɑ p t eː n i	0
kaappausdraama	k ɑː pː ɑ u s d r ɑː m ɑ	0
kaappi	k ɑː pː i	28
kaappikello	k ɑː pː i k e lː o	2
kaappipöytä	k ɑː pː i p ø y̯ t æ	0
kaappisänky	k ɑː pː i s æ ŋ k y	0
kaappo	k ɑː pː o	2
kaapro	k ɑː p r o	4
kaara	k ɑː r ɑ	1
kaareva	k ɑː r e ʋ ɑ	15
kaarevasti	k ɑː r e ʋ ɑ s t iˣ	0
kaarevuuskeskipiste	k ɑː r e ʋ uː s k e s k i p i s t eˣ	0
kaarevuussäde	k ɑː r e ʋ uː s s æ d eˣ	2
kaari	k ɑː r i	34
kaariaura	k ɑː r i ɑ u r ɑ	0
kaarihitsaus	k ɑː r i h i t s ɑ u s	0
kaarikatto	k ɑː r i k ɑ tː o	0
kaarikäytävä	k ɑː r i k æ y̯ t æ ʋ æ	0
kaarimalja	k ɑː r i m ɑ l j ɑ	0
kaarin	k ɑː r i n	3
kaarina	k ɑː r i n ɑ	248
kaarinalainen	k ɑː r i n ɑ l ɑ i̯ n e n	25
kaarisaha	k ɑː r i s ɑ h ɑ	0
kaarisekunti	k ɑː r i s e k u n t i	0
kaarisekunti	k ɑː r i s e k u n tː i	0
kaarisolki	k ɑː r i s o l k i	0
kaarituli	k ɑː r i t u l i	0
kaarle	k ɑː r l e	88
kaarlo	k ɑː r l o	110
kaarna	k ɑː r n ɑ	7
kaarne	k ɑː r n eˣ	2
kaartaa	k ɑː r t ɑːˣ	13
kaartaminen	k ɑː r t ɑ m i n e n	0
kaartinjääkäri	k ɑː r t i n j æː k æ r i	0
kaartuminen	k ɑː r t u m i n e n	1
kaasuammus	k ɑː s u ɑ mː u s	0
kaasuase	k ɑː s u ɑ s eˣ	0
kaasuauto	k ɑː s u ɑ u t o	0
kaasubetoni	k ɑː s u b e t o n i	0
kaasufaasi	k ɑː s u f ɑː s i	0
kaasugeneraattori	k ɑː s u ɡ e n e r ɑː tː o r i	0
kaasugrilli	k ɑː s u ɡ r i lː i	1
kaasuhana	k ɑː s u h ɑ n ɑ	1
kaasuhella	k ɑː s u h e lː ɑ	2
kaasuhiili	k ɑː s u h iː l i	0
kaasuhitsaus	k ɑː s u h i t s ɑ u s	0
kaasuhitsauspuikko	k ɑː s u h i t s ɑ u s p u i̯ kː o	0
kaasujalka	k ɑː s u j ɑ l k ɑ	1
kaasujohto	k ɑː s u j o h t o	1
kaasujousi	k ɑː s u j o u̯ s i	1
kaasukahva	k ɑː s u k ɑ h ʋ ɑ	1
kaasukeitin	k ɑː s u k e i̯ t i n	2
kaasukello	k ɑː s u k e lː o	1
kaasukenttä	k ɑː s u k e n tː æ	2
kaasukoksi	k ɑː s u k o k s i	0
kaasulaitos	k ɑː s u l ɑ i̯ t o s	1
kaasulaiva	k ɑː s u l ɑ i̯ ʋ ɑ	0
kaasuleikkaus	k ɑː s u l e i̯ kː ɑ u s	1
kaasuletku	k ɑː s u l e t k u	1
kaasuliekki	k ɑː s u l i e̯ kː i	3
kaasuliesi	k ɑː s u l i e̯ s i	5
kaasulämmitys	k ɑː s u l æ mː i t y s	2
kaasumoottori	k ɑː s u m oː tː o r i	0
kaasumyrkytys	k ɑː s u m y r k y t y s	1
kaasumäntä	k ɑː s u m æ n t æ	3
kaasunilmaisin	k ɑː s u n i l m ɑ i̯ s i n	0
kaasunjakelu	k ɑː s u n j ɑ k e l u	0
kaasunpaine	k ɑː s u n p ɑ i̯ n eˣ	1
kaasunpoisto	k ɑː s u n p o i̯ s t o	0
kaasunsytytin	k ɑː s u n s y t y t i n	0
kaasunukutus	k ɑː s u n u k u t u s	0
kaasupallo	k ɑː s u p ɑ lː o	2
kaasupoltin	k ɑː s u p o l t i n	3
kaasupurkaus	k ɑː s u p u r k ɑ u s	0
kaasupurkauslamppu	k ɑː s u p u r k ɑ u s l ɑ m pː u	0
kaasuseos	k ɑː s u s e o s	3
kaasusota	k ɑː s u s o t ɑ	0
kaasutella	k ɑː s u t e lː ɑˣ	0
kaasuteoria	k ɑː s u t e o r i ɑ	0
kaasutiiviys	k ɑː s u t iː ʋ i y s	0
kaasuttaa	k ɑː s u tː ɑːˣ	0
kaasuttaminen	k ɑː s u tː ɑ m i n e n	1
kaasuuntuminen	k ɑː s uː n t u m i n e n	0
kaasuvaijeri	k ɑː s u ʋ ɑ i̯ j e r i	1
kaasuvalaistus	k ɑː s u ʋ ɑ l ɑ i̯ s t u s	0
kaasuvalo	k ɑː s u ʋ ɑ l o	1
kaasuvipu	k ɑː s u ʋ i p u	0
kaasuvirtaus	k ɑː s u ʋ i r t ɑ u s	1
kaasuvoimala	k ɑː s u ʋ o i̯ m ɑ l ɑ	0
kaasuvoimalaitos	k ɑː s u ʋ o i̯ m ɑ l ɑ i̯ t o s	0
kaasuvuoto	k ɑː s u ʋ u o̯ t o	3
kaataa	k ɑː t ɑːˣ	84
kaataminen	k ɑː t ɑ m i n e n	13
kaateleminen	k ɑː t e l e m i n e n	0
kaatolupa	k ɑː t o l u p ɑ	2
kaatopaikkakaasu	k ɑː t o p ɑ i̯ kː ɑ k ɑː s u	0
kaatoryhmä	k ɑː t o r y h m æ	0
kaatua	k ɑː t u ɑˣ	31
kaatumatauti	k ɑː t u m ɑ t ɑ u̯ t i	1
kaatuu	k ɑː t uː	56
kaava	k ɑː ʋ ɑ	228
kaavakartta	k ɑː ʋ ɑ k ɑ r tː ɑ	14
kaavamaisesti	k ɑː ʋ ɑ m ɑ i̯ s e s t iˣ	9
kaavamerkintä	k ɑː ʋ ɑ m e r k i n t æ	17
kaavamääräys	k ɑː ʋ ɑ m æː r æ y s	18
kaavapalkki	k ɑː ʋ ɑ p ɑ l kː i	0
kaavi	k ɑː ʋ i	4
kaavilainen	k ɑː ʋ i l ɑ i̯ n e n	2
kaavinrauta	k ɑː ʋ i n r ɑ u̯ t ɑ	0
kaavio	k ɑː ʋ i o	48
kaavoittaja	k ɑː ʋ o i̯ tː ɑ j ɑ	34
kaavoittaminen	k ɑː ʋ o i̯ tː ɑ m i n e n	10
kaavoitusalue	k ɑː ʋ o i̯ t u s ɑ l u eˣ	0
kaavoitusmenettely	k ɑː ʋ o i̯ t u s m e n e tː e l y	1
kabinettihallitus	k ɑ b i n e tː i h ɑ lː i t u s	0
kabinettikaappi	k ɑ b i n e tː i k ɑː pː i	0
kabotaasilupa	k ɑ b o t ɑː s i l u p ɑ	0
kabyyli	k ɑ b yː l i	0
kade	k ɑ d eˣ	2
kadehtia	k ɑ d e h t i ɑˣ	9
kadehtiminen	k ɑ d e h t i m i n e n	0
kadenssi	k ɑ d e n sː i	3
kadettikoulu	k ɑ d e tː i k o u̯ l u	2
kadota	k ɑ d o t ɑˣ	38
kadottaa	k ɑ d o tː ɑːˣ	28
kadottaminen	k ɑ d o tː ɑ m i n e n	0
kadunkaluste	k ɑ d u n k ɑ l u s t eˣ	0
kadunlakaisukone	k ɑ d u n l ɑ k ɑ i̯ s u k o n eˣ	0
kadunnimi	k ɑ d u n n i m i	2
kadunrakentaminen	k ɑ d u n r ɑ k e n t ɑ m i n e n	0
kaduttaminen	k ɑ d u tː ɑ m i n e n	0
kadutti	k ɑ d u tː i	1
kaha	k ɑ h ɑ	2
kahahtaa	k ɑ h ɑ h t ɑːˣ	1
kahahtaminen	k ɑ h ɑ h t ɑ m i n e n	0
kahdeksan	k ɑ h d e k s ɑ n	968
kahdeksanbittinen	k ɑ h d e k s ɑ n b i tː i n e n	0
kahdeksankertaisesti	k ɑ h d e k s ɑ n k e r t ɑ i̯ s e s t iˣ	0
kahdeksankertaistaa	k ɑ h d e k s ɑ n k e r t ɑ i̯ s t ɑːˣ	0
kahdeksankertaistua	k ɑ h d e k s ɑ n k e r t ɑ i̯ s t u ɑˣ	0
kahdeksankymmentä	k ɑ h d e k s ɑ n k y mː e n t æ	19
kahdeksantoista	k ɑ h d e k s ɑ n t o i̯ s t ɑ	25
kahdeksas	k ɑ h d e k s ɑ s	55
kahdeksasosatauko	k ɑ h d e k s ɑ s o s ɑ t ɑ u̯ k o	0
kahdeksikko	k ɑ h d e k s i kː o	3
kahdenkeskisesti	k ɑ h d e n k e s k i s e s t iˣ	1
kahdenlainen	k ɑ h d e n l ɑ i̯ n e n	1
kahdessa	k ɑ h d e sː ɑ	632
kaheli	k ɑ h e l i	2
kahlaajalintu	k ɑ h l ɑː j ɑ l i n t u	1
kahle	k ɑ h l eˣ	2
kahlehtiminen	k ɑ h l e h t i m i n e n	0
kahlekoira	k ɑ h l eˣ k o i̯ r ɑ	0
kahlita	k ɑ h l i t ɑˣ	5
kahlitseminen	k ɑ h l i t s e m i n e n	1
kahluuhousut	k ɑ h l uː h o u̯ s u t	1
kahluusyvyys	k ɑ h l uː s y ʋ yː s	0
kahmalokaupalla	k ɑ h m ɑ l o k ɑ u̯ p ɑ lː ɑ	3
kahtaanne	k ɑ h t ɑː nː eˣ	0
kahtaissara	k ɑ h t ɑ i̯ s s ɑ r ɑ	0
kahtalainen	k ɑ h t ɑ l ɑ i̯ n e n	5
kahtapuolin	k ɑ h t ɑ p u o̯ l i n	0
kahva	k ɑ h ʋ ɑ	19
kahvelikuunari	k ɑ h ʋ e l i k uː n ɑ r i	0
kahvi	k ɑ h ʋ i	101
kahviastia	k ɑ h ʋ i ɑ s t i ɑ	0
kahvihammas	k ɑ h ʋ i h ɑ mː ɑ s	0
kahvijauhe	k ɑ h ʋ i j ɑ u̯ h eˣ	1
kahvijauho	k ɑ h ʋ i j ɑ u̯ h o	0
kahvikannu	k ɑ h ʋ i k ɑ nː u	0
kahvikestit	k ɑ h ʋ i k e s t i t	0
kahvikki	k ɑ h ʋ i kː i	0
kahvikone	k ɑ h ʋ i k o n eˣ	1
kahvikulta	k ɑ h ʋ i k u l t ɑ	0
kahvikutsut	k ɑ h ʋ i k u t s u t	0
kahvileipä	k ɑ h ʋ i l e i̯ p æ	5
kahvilusikka	k ɑ h ʋ i l u s i kː ɑ	0
kahvinpaahdin	k ɑ h ʋ i n p ɑː h d i n	0
kahvintuottaja	k ɑ h ʋ i n t u o̯ tː ɑ j ɑ	0
kahvittaminen	k ɑ h ʋ i tː ɑ m i n e n	0
kai	k ɑ i̯	672
kai	k ɑ i̯ˣ	672
kaide	k ɑ i̯ d eˣ	10
kaihdella	k ɑ i̯ h d e lː ɑˣ	0
kaihi	k ɑ i̯ h i	13
kaihilasit	k ɑ i̯ h i l ɑ s i t	0
kaihileikkaus	k ɑ i̯ h i l e i̯ kː ɑ u s	9
kaiho	k ɑ i̯ h o	3
kaihoisasti	k ɑ i̯ h o i̯ s ɑ s t iˣ	3
kaihtaminen	k ɑ i̯ h t ɑ m i n e n	0
kaija	k ɑ i̯ j ɑ	189
kaikenikäinen	k ɑ i̯ k e n i k æ i̯ n e n	0
kaikenni	k ɑ i̯ k e nː iˣ	0
kaikitenkin	k ɑ i̯ k i t e ŋ k i n	1
kaikki	k ɑ i̯ kː i	13388
kaikkialla	k ɑ i̯ kː i ɑ lː ɑ	545
kaikkialta	k ɑ i̯ kː i ɑ l t ɑ	80
kaikkikvanttori	k ɑ i̯ kː i k ʋ ɑ n tː o r i	0
kaikkinainen	k ɑ i̯ kː i n ɑ i̯ n e n	10
kaikkineen	k ɑ i̯ kː i n eː n	28
kaikkoaminen	k ɑ i̯ kː o ɑ m i n e n	0
kaikota	k ɑ i̯ k o t ɑˣ	1
kaiku	k ɑ i̯ k u	30
kaikukoppa	k ɑ i̯ k u k o pː ɑ	1
kaikukuvaus	k ɑ i̯ k u k u ʋ ɑ u s	0
kaikusuhteet	k ɑ i̯ k u s u h t eː t	0
kaikuvasti	k ɑ i̯ k u ʋ ɑ s t iˣ	0
kaila	k ɑ i̯ l ɑ	36
kailottaminen	k ɑ i̯ l o tː ɑ m i n e n	0
kaima	k ɑ i̯ m ɑ	4
kainalohermo	k ɑ i̯ n ɑ l o h e r m o	0
kainiitti	k ɑ i̯ n iː tː i	0
kaino	k ɑ i̯ n o	5
kainostella	k ɑ i̯ n o s t e lː ɑˣ	0
kainosti	k ɑ i̯ n o s t iˣ	1
kainuu	k ɑ i̯ n uː	59
kainuunsaame	k ɑ i̯ n uː n s ɑː m e	0
kaipaaminen	k ɑ i̯ p ɑː m i n e n	0
kaipailla	k ɑ i̯ p ɑ i̯ lː ɑˣ	0
kaipuu	k ɑ i̯ p uː	25
kaira	k ɑ i̯ r ɑ	5
kairaaminen	k ɑ i̯ r ɑː m i n e n	0
kairapalmu	k ɑ i̯ r ɑ p ɑ l m u	0
kairo	k ɑ i̯ r o	0
kaisa	k ɑ i̯ s ɑ	197
kaisla	k ɑ i̯ s l ɑ	9
kaislasara	k ɑ i̯ s l ɑ s ɑ r ɑ	0
kaislatyö	k ɑ i̯ s l ɑ t y ø̯	0
kaistametri	k ɑ i̯ s t ɑ m e t r i	0
kaistanestosuodatin	k ɑ i̯ s t ɑ n e s t o s u o̯ d ɑ t i n	0
kaistanpäästösuodatin	k ɑ i̯ s t ɑ n p æː s t ø s u o̯ d ɑ t i n	0
kaisu	k ɑ i̯ s u	49
kaita	k ɑ i̯ t ɑ	6
kaita	k ɑ i̯ t ɑˣ	6
kaitafilmikamera	k ɑ i̯ t ɑ f i l m i k ɑ m e r ɑ	0
kaitainen	k ɑ i̯ t ɑ i̯ n e n	2
kaitanokkalokki	k ɑ i̯ t ɑ n o kː ɑ l o kː i	0
kaitsea	k ɑ i̯ t s e ɑˣ	0
kaitselmus	k ɑ i̯ t s e l m u s	1
kaitseminen	k ɑ i̯ t s e m i n e n	0
kaiutella	k ɑ i̯ u t e lː ɑˣ	0
kaiutinauto	k ɑ i̯ u t i n ɑ u t o	0
kaivaa	k ɑ i̯ ʋ ɑːˣ	67
kaivaja	k ɑ i̯ ʋ ɑ j ɑ	1
kaivannaisvarat	k ɑ i̯ ʋ ɑ nː ɑ i̯ s ʋ ɑ r ɑ t	0
kaivata	k ɑ i̯ ʋ ɑ t ɑˣ	25
kaivausalue	k ɑ i̯ ʋ ɑ u s ɑ l u eˣ	0
kaivausdokumentointi	k ɑ i̯ ʋ ɑ u s d o k u m e n t o i̯ n t i	0
kaivauskertomus	k ɑ i̯ ʋ ɑ u s k e r t o m u s	0
kaivauslupa	k ɑ i̯ ʋ ɑ u s l u p ɑ	0
kaivauslöytö	k ɑ i̯ ʋ ɑ u s l ø y̯ t ø	0
kaivautua	k ɑ i̯ ʋ ɑ u t u ɑˣ	6
kaiveleminen	k ɑ i̯ ʋ e l e m i n e n	0
kaiverruskone	k ɑ i̯ ʋ e rː u s k o n eˣ	0
kaiverruskoristelu	k ɑ i̯ ʋ e rː u s k o r i s t e l u	0
kaiverrustyö	k ɑ i̯ ʋ e rː u s t y ø̯	1
kaivo	k ɑ i̯ ʋ o	43
kaivohuone	k ɑ i̯ ʋ o h u o̯ n eˣ	3
kaivosjuna	k ɑ i̯ ʋ o s j u n ɑ	0
kaivoskaasu	k ɑ i̯ ʋ o s k ɑː s u	0
kaivoslaki	k ɑ i̯ ʋ o s l ɑ k i	0
kaivosmies	k ɑ i̯ ʋ o s m i e̯ s	2
kaivospuu	k ɑ i̯ ʋ o s p uː	0
kaivostunneli	k ɑ i̯ ʋ o s t u nː e l i	0
kaivostyö	k ɑ i̯ ʋ o s t y ø̯	1
kaivot	k ɑ i̯ ʋ o t	12
kaivutyö	k ɑ i̯ ʋ u t y ø̯	1
kajaali	k ɑ j ɑː l i	1
kajaani	k ɑ j ɑː n i	55
kajaanilainen	k ɑ j ɑː n i l ɑ i̯ n e n	2
kajahdella	k ɑ j ɑ h d e lː ɑˣ	1
kajahtaminen	k ɑ j ɑ h t ɑ m i n e n	0
kajakki	k ɑ j ɑ kː i	6
kajastaminen	k ɑ j ɑ s t ɑ m i n e n	0
kajastella	k ɑ j ɑ s t e lː ɑˣ	0
kajastus	k ɑ j ɑ s t u s	1
kajautella	k ɑ j ɑ u t e lː ɑˣ	0
kajauttaminen	k ɑ j ɑ u tː ɑ m i n e n	0
kajava	k ɑ j ɑ ʋ ɑ	5
kajo	k ɑ j o	11
kajosalama	k ɑ j o s ɑ l ɑ m ɑ	0
kajuutta	k ɑ j uː tː ɑ	0
kaka	k ɑ k ɑ	1
kakadu	k ɑ k ɑ d u	1
kaki	k ɑ k i	0
kakiluumu	k ɑ k i l uː m u	0
kakka	k ɑ kː ɑ	1
kakkaaminen	k ɑ kː ɑː m i n e n	0
kakkahätä	k ɑ kː ɑ h æ t æ	0
kakki	k ɑ kː i	5
kakkia	k ɑ kː i ɑ	1
kakkia	k ɑ kː i ɑˣ	1
kakkiminen	k ɑ kː i m i n e n	0
kakko	k ɑ kː o	11
kakkosasunto	k ɑ kː o s ɑ s u n t o	3
kakkosauto	k ɑ kː o s ɑ u t o	0
kakkoskanava	k ɑ kː o s k ɑ n ɑ ʋ ɑ	0
kakkulautanen	k ɑ kː u l ɑ u̯ t ɑ n e n	0
kakominen	k ɑ k o m i n e n	0
kaksi	k ɑ k s	8370
kaksi	k ɑ k s i	8370
kaksihaaraviuhko	k ɑ k s i h ɑː r ɑ ʋ i u̯ h k o	0
kaksihuoneinen	k ɑ k s i h u o̯ n e i̯ n e n	2
kaksikielinen	k ɑ k s i k i e̯ l i n e n	51
kaksikko	k ɑ k s i kː o	45
kaksikotinen	k ɑ k s i k o t i n e n	0
kaksikymmentä	k ɑ k s i k y mː e n t æ	132
kaksikäyttötuote	k ɑ k s i k æ y̯ tː ø t u o̯ t eˣ	0
kaksin	k ɑ k s i n	48
kaksinaamainen	k ɑ k s i n ɑː m ɑ i̯ n e n	1
kaksinainen	k ɑ k s i n ɑ i̯ n e n	10
kaksinapaisesti	k ɑ k s i n ɑ p ɑ i̯ s e s t iˣ	0
kaksinen	k ɑ k s i n e n	3
kaksineuvoinen	k ɑ k s i n e u̯ ʋ o i̯ n e n	1
kaksinkertaisesti	k ɑ k s i n k e r t ɑ i̯ s e s t iˣ	13
kaksintaistelu	k ɑ k s i n t ɑ i̯ s t e l u	3
kaksio	k ɑ k s i o	21
kaksipuoleinen	k ɑ k s i p u o̯ l e i̯ n e n	7
kaksipuolinen	k ɑ k s i p u o̯ l i n e n	10
kaksisataa	k ɑ k s i s ɑ t ɑː	34
kaksisukuinen	k ɑ k s i s u k u i̯ n e n	0
kaksitahokas	k ɑ k s i t ɑ h o k ɑ s	0
kaksitahtinen	k ɑ k s i t ɑ h t i n e n	2
kaksitaso	k ɑ k s i t ɑ s o	0
kaksitoiminen	k ɑ k s i t o i̯ m i n e n	4
kaksitoista	k ɑ k s i t o i̯ s t ɑ	100
kaksituhatta	k ɑ k s i t u h ɑ tː ɑ	21
kaksivartinen	k ɑ k s i ʋ ɑ r t i n e n	0
kaksivuorotyö	k ɑ k s i ʋ u o̯ r o t y ø̯	0
kaksoisakuutti	k ɑ k s o i̯ s ɑ k uː tː i	0
kaksoisdiagnoosi	k ɑ k s o i̯ s d i ɑ ɡ n oː s i	0
kaksoisfuuga	k ɑ k s o i̯ s f uː ɡ ɑ	0
kaksoishautaus	k ɑ k s o i̯ s h ɑ u̯ t ɑ u s	0
kaksoishyökkäys	k ɑ k s o i̯ s h y ø̯ kː æ y s	0
kaksoishäät	k ɑ k s o i̯ s h æː t	0
kaksoiskide	k ɑ k s o i̯ s k i d eˣ	0
kaksoiskytkinvaihteisto	k ɑ k s o i̯ s k y t k i n ʋ ɑ i̯ h t e i̯ s t o	0
kaksoislehti	k ɑ k s o i̯ s l e h t i	0
kaksoisnappi	k ɑ k s o i̯ s n ɑ pː i	0
kaksoisnäyttökello	k ɑ k s o i̯ s n æ y̯ tː ø k e lː o	0
kaksoispassiivi	k ɑ k s o i̯ s p ɑ sː iː ʋ i	0
kaksoispenetraatio	k ɑ k s o i̯ s p e n e t r ɑː t i o	0
kaksoisristi	k ɑ k s o i̯ s r i s t i	1
kaksoisristikirkko	k ɑ k s o i̯ s r i s t i k i r kː o	1
kaksoissokkokoe	k ɑ k s o i̯ s s o kː o k o eˣ	0
kaksoissotilas	k ɑ k s o i̯ s s o t i l ɑ s	0
kaksoistarkkuus	k ɑ k s o i̯ s t ɑ r kː uː s	0
kaksoistutkinto	k ɑ k s o i̯ s t u t k i n t o	4
kaksoisvee	k ɑ k s o i̯ s ʋ eː	0
kaksoset	k ɑ k s o s e t	13
kaksospojat	k ɑ k s o s p o j ɑ t	2
kaksossisarukset	k ɑ k s o s s i s ɑ r u k s e t	0
kaksostytöt	k ɑ k s o s t y t ø t	1
kaksosveljekset	k ɑ k s o s ʋ e l j e k s e t	0
kakuttaminen	k ɑ k u tː ɑ m i n e n	0
kala	k ɑ l ɑ	151
kalahauta	k ɑ l ɑ h ɑ u̯ t ɑ	0
kalahdella	k ɑ l ɑ h d e lː ɑˣ	0
kalahissi	k ɑ l ɑ h i sː i	0
kalahtaminen	k ɑ l ɑ h t ɑ m i n e n	0
kalailma	k ɑ l ɑ i l m ɑ	0
kalajauho	k ɑ l ɑ j ɑ u̯ h o	1
kalajokelainen	k ɑ l ɑ j o k e l ɑ i̯ n e n	1
kalajoki	k ɑ l ɑ j o k i	13
kalajokinen	k ɑ l ɑ j o k i n e n	0
kalakakko	k ɑ l ɑ k ɑ kː o	0
kalakalenteri	k ɑ l ɑ k ɑ l e n t e r i	0
kalakeihäs	k ɑ l ɑ k e i̯ h æ s	0
kalakenttä	k ɑ l ɑ k e n tː æ	0
kalakirves	k ɑ l ɑ k i r ʋ e s	0
kalakota	k ɑ l ɑ k o t ɑ	0
kalakukko	k ɑ l ɑ k u kː o	4
kalakuolema	k ɑ l ɑ k u o̯ l e m ɑ	0
kalalanka	k ɑ l ɑ l ɑ ŋ k ɑ	0
kalalauta	k ɑ l ɑ l ɑ u̯ t ɑ	0
kalalokki	k ɑ l ɑ l o kː i	5
kalamaja	k ɑ l ɑ m ɑ j ɑ	1
kalamies	k ɑ l ɑ m i e̯ s	8
kalanjalostusteollisuus	k ɑ l ɑ n j ɑ l o s t u s t e o lː i s uː s	0
kalankasvattamo	k ɑ l ɑ n k ɑ s ʋ ɑ tː ɑ m o	0
kalanluu	k ɑ l ɑ n l uː	0
kalanmaksaöljy	k ɑ l ɑ n m ɑ k s ɑ ø l j y	0
kalannahka	k ɑ l ɑ n n ɑ h k ɑ	0
kalanperkeet	k ɑ l ɑ n p e r k eː t	0
kalanpyydys	k ɑ l ɑ n p yː d y s	0
kalanpyynti	k ɑ l ɑ n p yː n t i	0
kalanrasva	k ɑ l ɑ n r ɑ s ʋ ɑ	0
kalansaalis	k ɑ l ɑ n s ɑː l i s	3
kalansavustamo	k ɑ l ɑ n s ɑ ʋ u s t ɑ m o	1
kalanteri	k ɑ l ɑ n t e r i	1
kalanteroida	k ɑ l ɑ n t e r o i̯ d ɑˣ	0
kalapaikka	k ɑ l ɑ p ɑ i̯ kː ɑ	3
kalapakaste	k ɑ l ɑ p ɑ k ɑ s t eˣ	0
kalapatsas	k ɑ l ɑ p ɑ t s ɑ s	0
kalapihvi	k ɑ l ɑ p i h ʋ i	0
kalapiikki	k ɑ l ɑ p iː kː i	0
kalapottu	k ɑ l ɑ p o tː u	0
kalapuikko	k ɑ l ɑ p u i̯ kː o	1
kalapulla	k ɑ l ɑ p u lː ɑ	0
kalarauta	k ɑ l ɑ r ɑ u̯ t ɑ	0
kalaravintola	k ɑ l ɑ r ɑ ʋ i n t o l ɑ	2
kalarikas	k ɑ l ɑ r i k ɑ s	0
kalasaalis	k ɑ l ɑ s ɑː l i s	1
kalasakset	k ɑ l ɑ s ɑ k s e t	0
kalasauna	k ɑ l ɑ s ɑ u̯ n ɑ	2
kalastajalanka	k ɑ l ɑ s t ɑ j ɑ l ɑ ŋ k ɑ	0
kalastajasaarento	k ɑ l ɑ s t ɑ j ɑ s ɑː r e n t o	0
kalasteleminen	k ɑ l ɑ s t e l e m i n e n	1
kalasto	k ɑ l ɑ s t o	6
kalastusneuvos	k ɑ l ɑ s t u s n e u̯ ʋ o s	1
kalastusoikeus	k ɑ l ɑ s t u s o i̯ k e u s	2
kalastuspaikka	k ɑ l ɑ s t u s p ɑ i̯ kː ɑ	3
kalasää	k ɑ l ɑ s æː	0
kalat	k ɑ l ɑ t	131
kalatalous	k ɑ l ɑ t ɑ l o u s	13
kalatalousneuvos	k ɑ l ɑ t ɑ l o u s n e u̯ ʋ o s	0
kalatäi	k ɑ l ɑ t æ i̯	0
kalauttaminen	k ɑ l ɑ u tː ɑ m i n e n	0
kalavale	k ɑ l ɑ ʋ ɑ l eˣ	3
kalavesi	k ɑ l ɑ ʋ e s i	3
kale	k ɑ l eˣ	1
kaleeri	k ɑ l eː r i	0
kalenterisauva	k ɑ l e n t e r i s ɑ u̯ ʋ ɑ	0
kalenterivuosi	k ɑ l e n t e r i ʋ u o̯ s i	45
kalervo	k ɑ l e r ʋ o	70
kaleva	k ɑ l e ʋ ɑ	39
kalevala	k ɑ l e ʋ ɑ l ɑ	35
kalevalamitta	k ɑ l e ʋ ɑ l ɑ m i tː ɑ	0
kalevanmiekka	k ɑ l e ʋ ɑ n m i e̯ kː ɑ	0
kalevanpoika	k ɑ l e ʋ ɑ n p o i̯ k ɑ	4
kalevi	k ɑ l e ʋ i	297
kalifornia	k ɑ l i f o r n i ɑ	10
kalifornialainen	k ɑ l i f o r n i ɑ l ɑ i̯ n e n	4
kalifornianlokki	k ɑ l i f o r n i ɑ n l o kː i	0
kalikka	k ɑ l i kː ɑ	4
kalin	k ɑ l i n	3
kalisaippua	k ɑ l i s ɑ i̯ pː u ɑ	0
kaliseminen	k ɑ l i s e m i n e n	0
kalistaminen	k ɑ l i s t ɑ m i n e n	0
kalisuola	k ɑ l i s u o̯ l ɑ	0
kalisuttaminen	k ɑ l i s u tː ɑ m i n e n	0
kaliumjodaatti	k ɑ l i u m j o d ɑː tː i	0
kaliumsuola	k ɑ l i u m s u o̯ l ɑ	0
kalja	k ɑ l j ɑ	7
kaljavelli	k ɑ l j ɑ ʋ e lː i	0
kaljoitella	k ɑ l j o i̯ t e lː ɑˣ	0
kalju	k ɑ l j u	15
kaljuunakuva	k ɑ l j uː n ɑ k u ʋ ɑ	0
kalkattaminen	k ɑ l k ɑ tː ɑ m i n e n	0
kalkeeripaperi	k ɑ l k eː r i p ɑ p e r i	0
kalkinpoltto	k ɑ l k i n p o l tː o	0
kalkitseminen	k ɑ l k i t s e m i n e n	1
kalkkeeripaperi	k ɑ l kː eː r i p ɑ p e r i	0
kalkki	k ɑ l kː i	23
kalkkihiekkatiili	k ɑ l kː i h i e̯ kː ɑ t iː l i	0
kalkkijauhe	k ɑ l kː i j ɑ u̯ h eˣ	0
kalkkikaivos	k ɑ l kː i k ɑ i̯ ʋ o s	0
kalkkilaasti	k ɑ l kː i l ɑː s t i	0
kalkkilaiva	k ɑ l kː i l ɑ i̯ ʋ ɑ	0
kalkkiliina	k ɑ l kː i l iː n ɑ	0
kalkkilouhos	k ɑ l kː i l o u̯ h o s	0
kalkkimaa	k ɑ l kː i m ɑː	0
kalkkimaalaus	k ɑ l kː i m ɑː l ɑ u s	0
kalkkimaali	k ɑ l kː i m ɑː l i	2
kalkkimaito	k ɑ l kː i m ɑ i̯ t o	0
kalkkipitoinen	k ɑ l kː i p i t o i̯ n e n	4
kalkkisilikaatti	k ɑ l kː i s i l i k ɑː tː i	0
kalkkitiili	k ɑ l kː i t iː l i	0
kalkkityppi	k ɑ l kː i t y pː i	0
kalkkiuuni	k ɑ l kː i uː n i	0
kalkkivesi	k ɑ l kː i ʋ e s i	0
kalkkiviiva	k ɑ l kː i ʋ iː ʋ ɑ	0
kalkoliittinen	k ɑ l k o l iː tː i n e n	0
kalkutella	k ɑ l k u t e lː ɑˣ	0
kalkuttaminen	k ɑ l k u tː ɑ m i n e n	0
kallas	k ɑ lː ɑ s	2
kallavesi	k ɑ lː ɑ ʋ e s i	4
kalle	k ɑ lː e	399
kallelleen	k ɑ lː e lː eː n	1
kalleus	k ɑ lː e u s	21
kalliisti	k ɑ lː iː s t iˣ	10
kallinen	k ɑ lː i n e n	14
kallio	k ɑ lː i o	188
kalliohauta	k ɑ lː i o h ɑ u̯ t ɑ	0
kalliohyppijä	k ɑ lː i o h y pː i j æ	0
kallioinen	k ɑ lː i o i̯ n e n	19
kalliokasvillisuus	k ɑ lː i o k ɑ s ʋ i lː i s uː s	0
kalliokielo	k ɑ lː i o k i e̯ l o	3
kalliokiipeily	k ɑ lː i o k iː p e i̯ l y	2
kalliokiipijä	k ɑ lː i o k iː p i j æ	0
kalliokiitäjä	k ɑ lː i o k iː t æ j æ	0
kalliokirvinen	k ɑ lː i o k i r ʋ i n e n	0
kallioleikkaus	k ɑ lː i o l e i̯ kː ɑ u s	0
kalliomarsu	k ɑ lː i o m ɑ r s u	0
kalliomekaniikka	k ɑ lː i o m e k ɑ n iː kː ɑ	1
kalliomurske	k ɑ lː i o m u r s k eˣ	0
kallionakkeli	k ɑ lː i o n ɑ kː e l i	0
kallionhalkeama	k ɑ lː i o n h ɑ l k e ɑ m ɑ	0
kallionkieleke	k ɑ lː i o n k i e̯ l e k eˣ	0
kallionkolo	k ɑ lː i o n k o l o	0
kallionlohkare	k ɑ lː i o n l o h k ɑ r eˣ	0
kallionrinne	k ɑ lː i o n r i nː eˣ	0
kallionseinä	k ɑ lː i o n s e i̯ n æ	0
kallionseinämä	k ɑ lː i o n s e i̯ n æ m æ	0
kalliopyy	k ɑ lː i o p yː	0
kalliorakentaminen	k ɑ lː i o r ɑ k e n t ɑ m i n e n	2
kallioranta	k ɑ lː i o r ɑ n t ɑ	2
kalliorinne	k ɑ lː i o r i nː eˣ	2
kalliosara	k ɑ lː i o s ɑ r ɑ	0
kalliosinisiipi	k ɑ lː i o s i n i s iː p i	1
kalliotaide	k ɑ lː i o t ɑ i̯ d eˣ	0
kalliotila	k ɑ lː i o t i l ɑ	2
kalliotöyhtöpingviini	k ɑ lː i o t ø y̯ h t ø p i ŋ ʋ iː n i	0
kalliovarpunen	k ɑ lː i o ʋ ɑ r p u n e n	0
kallis	k ɑ lː i s	144
kallistaa	k ɑ lː i s t ɑːˣ	18
kallistaminen	k ɑ lː i s t ɑ m i n e n	0
kallistella	k ɑ lː i s t e lː ɑˣ	0
kallistusmittari	k ɑ lː i s t u s m i tː ɑ r i	0
kallo	k ɑ lː o	22
kallokas	k ɑ lː o k ɑ s	0
kallollinen	k ɑ lː o lː i n e n	0
kallonkutistaja	k ɑ lː o n k u t i s t ɑ j ɑ	0
kalloosi	k ɑ lː oː s i	0
kallu	k ɑ lː u	4
kalma	k ɑ l m ɑ	4
kalmisto	k ɑ l m i s t o	8
kalmo	k ɑ l m o	0
kalmojuuri	k ɑ l m o j uː r i	0
kalomeli	k ɑ l o m e l i	0
kalori	k ɑ l o r i	1
kalorimetria	k ɑ l o r i m e t r i ɑ	0
kalottialue	k ɑ l o tː i ɑ l u eˣ	0
kalpa	k ɑ l p ɑ	29
kalparitaristo	k ɑ l p ɑ r i t ɑ r i s t o	0
kalpaveljekset	k ɑ l p ɑ ʋ e l j e k s e t	0
kalpea	k ɑ l p e ɑ	8
kalpeasti	k ɑ l p e ɑ s t iˣ	0
kalpeneminen	k ɑ l p e n e m i n e n	0
kalsa	k ɑ l s ɑ	0
kalsareisillaan	k ɑ l s ɑ r e i̯ s i lː ɑː n	0
kalsareisilleen	k ɑ l s ɑ r e i̯ s i lː eː n	0
kalsarikänni	k ɑ l s ɑ r i k æ nː i	0
kalsarikännit	k ɑ l s ɑ r i k æ nː i t	0
kalsarisilleen	k ɑ l s ɑ r i s i lː eː n	0
kalseasti	k ɑ l s e ɑ s t iˣ	0
kalsinointi	k ɑ l s i n o i̯ n t i	0
kalsium	k ɑ l sː i u m	23
kalsongit	k ɑ l s o ŋː i t	0
kaltainen	k ɑ l t ɑ i̯ n e n	173
kalttaaminen	k ɑ l tː ɑː m i n e n	0
kalu	k ɑ l u	1
kaluaminen	k ɑ l u ɑ m i n e n	0
kalustaa	k ɑ l u s t ɑːˣ	11
kalustaminen	k ɑ l u s t ɑ m i n e n	3
kaluste	k ɑ l u s t eˣ	16
kaluta	k ɑ l u t ɑˣ	0
kalvaa	k ɑ l ʋ ɑːˣ	4
kalvas	k ɑ l ʋ ɑ s	0
kalvassara	k ɑ l ʋ ɑ s s ɑ r ɑ	0
kalventua	k ɑ l ʋ e n t u ɑˣ	0
kalvo	k ɑ l ʋ o	32
kama	k ɑ m ɑ	12
kamala	k ɑ m ɑ l ɑ	14
kamana	k ɑ m ɑ n ɑ	0
kamara	k ɑ m ɑ r ɑ	2
kamarineuvos	k ɑ m ɑ r i n e u̯ ʋ o s	0
kamarioppinut	k ɑ m ɑ r i o pː i n u t	1
kameleontti	k ɑ m e l e o n tː i	5
kamelikaravaani	k ɑ m e l i k ɑ r ɑ ʋ ɑː n i	0
kameralaukku	k ɑ m e r ɑ l ɑ u̯ kː u	0
kamferi	k ɑ ɱ f e̞ r i	0
kamferipuu	k ɑ m f e r i p uː	0
kamferitippa	k ɑ m f e r i t i pː ɑ	0
kamiina	k ɑ m iː n ɑ	9
kammata	k ɑ mː ɑ t ɑˣ	1
kammio	k ɑ mː i o	9
kammiotakykardia	k ɑ mː i o t ɑ k y k ɑ r d i ɑ	0
kammiovesi	k ɑ mː i o ʋ e s i	0
kammiovärinä	k ɑ mː i o ʋ æ r i n æ	3
kammitsoiminen	k ɑ mː i t s o i̯ m i n e n	0
kammota	k ɑ mː o t ɑˣ	0
kampa	k ɑ m p ɑ	5
kampaajaoppilas	k ɑ m p ɑː j ɑ o pː i l ɑ s	0
kampaaminen	k ɑ m p ɑː m i n e n	0
kampakeramiikka	k ɑ m p ɑ k e r ɑ m iː kː ɑ	0
kampaleima	k ɑ m p ɑ l e i̯ m ɑ	0
kampanaula	k ɑ m p ɑ n ɑ u̯ l ɑ	0
kampanisu	k ɑ m p ɑ n i s u	0
kampanja	k ɑ m p ɑ n j ɑ	109
kampanja	k ɑ m pː ɑ n j ɑ	109
kampasuodin	k ɑ m p ɑ s u o̯ d i n	0
kampasuomu	k ɑ m p ɑ s u o̯ m u	0
kampata	k ɑ m p ɑ t ɑˣ	0
kampaus	k ɑ m p ɑ u s	2
kampausneste	k ɑ m p ɑ u s n e s t eˣ	0
kampeaminen	k ɑ m p e ɑ m i n e n	0
kampela	k ɑ m p e l ɑ	5
kampi	k ɑ m p i	2
kampiliira	k ɑ m p i l iː r ɑ	0
kampisarja	k ɑ m p i s ɑ r j ɑ	0
kampittaminen	k ɑ m p i tː ɑ m i n e n	0
kamppaaminen	k ɑ m pː ɑː m i n e n	1
kamppaileminen	k ɑ m pː ɑ i̯ l e m i n e n	2
kamppi	k ɑ m pː i	10
kamppiaiset	k ɑ m pː i ɑ i̯ s e t	0
kampsut	k ɑ m p s u t	0
kampus	k ɑ m p u s	7
kampusalue	k ɑ m p u s ɑ l u eˣ	3
kampylobakteeri	k ɑ m p y l o b ɑ k t eː r i	3
kamreeri	k ɑ m r eː r i	14
kamu	k ɑ m u	12
kana	k ɑ n ɑ	29
kanaali	k ɑ n ɑː l i	2
kanadalaismies	k ɑ n ɑ d ɑ l ɑ i̯ s m i e̯ s	0
kanadalaisnainen	k ɑ n ɑ d ɑ l ɑ i̯ s n ɑ i̯ n e n	0
kanadankääpiöpäästäinen	k ɑ n ɑ d ɑ n k æː p i ø p æː s t æ i̯ n e n	0
kanadanmajava	k ɑ n ɑ d ɑ n m ɑ j ɑ ʋ ɑ	2
kanadanpikkupäästäinen	k ɑ n ɑ d ɑ n p i kː u p æː s t æ i̯ n e n	0
kanadanpuupiikkisika	k ɑ n ɑ d ɑ n p uː p iː kː i s i k ɑ	0
kanadansirri	k ɑ n ɑ d ɑ n s i rː i	0
kanadantylli	k ɑ n ɑ d ɑ n t y lː i	0
kanadanvaivaishiiri	k ɑ n ɑ d ɑ n ʋ ɑ i̯ ʋ ɑ i̯ s h iː r i	0
kanadanvireo	k ɑ n ɑ d ɑ n ʋ i r e o	0
kanaemo	k ɑ n ɑ e m o	0
kanakarja	k ɑ n ɑ k ɑ r j ɑ	0
kanakoira	k ɑ n ɑ k o i̯ r ɑ	0
kanakolera	k ɑ n ɑ k o l e r ɑ	0
kanakoppi	k ɑ n ɑ k o pː i	0
kanakori	k ɑ n ɑ k o r i	0
kanala	k ɑ n ɑ l ɑ	8
kanalasagne	k ɑ n ɑ l ɑ s ɑ n j e	0
kanalasagne	k ɑ n ɑ l ɑ s ɑ ɡ n e	0
kanalauma	k ɑ n ɑ l ɑ u̯ m ɑ	0
kanalja	k ɑ n ɑ l j ɑ	0
kanamainen	k ɑ n ɑ m ɑ i̯ n e n	1
kanamaisesti	k ɑ n ɑ m ɑ i̯ s e s t iˣ	0
kananhoito	k ɑ n ɑ n h o i̯ t o	0
kananjalostus	k ɑ n ɑ n j ɑ l o s t u s	0
kanankaali	k ɑ n ɑ n k ɑː l i	0
kanankoipi	k ɑ n ɑ n k o i̯ p i	0
kananmunakastike	k ɑ n ɑ n m u n ɑ k ɑ s t i k eˣ	0
kananmunaton	k ɑ n ɑ n m u n ɑ t o n	0
kananpaisti	k ɑ n ɑ n p ɑ i̯ s t i	0
kananpesä	k ɑ n ɑ n p e s æ	0
kananpoikanen	k ɑ n ɑ n p o i̯ k ɑ n e n	0
kananpää	k ɑ n ɑ n p æː	0
kananrinta	k ɑ n ɑ n r i n t ɑ	0
kananruoka	k ɑ n ɑ n r u o̯ k ɑ	0
kanansiipi	k ɑ n ɑ n s iː p i	0
kananugetti	k ɑ n ɑ n u ɡ e tː i	0
kanapihvi	k ɑ n ɑ p i h ʋ i	0
kanarianhemppo	k ɑ n ɑ r i ɑ n h e m pː o	0
kanariankirvinen	k ɑ n ɑ r i ɑ n k i r ʋ i n e n	0
kanariankyyhky	k ɑ n ɑ r i ɑ n k yː h k y	0
kanarianpeippo	k ɑ n ɑ r i ɑ n p e i̯ pː o	0
kanariantasku	k ɑ n ɑ r i ɑ n t ɑ s k u	0
kanarotu	k ɑ n ɑ r o t u	0
kanarutto	k ɑ n ɑ r u tː o	0
kanasalaatti	k ɑ n ɑ s ɑ l ɑː tː i	0
kanatalous	k ɑ n ɑ t ɑ l o u s	0
kanatarha	k ɑ n ɑ t ɑ r h ɑ	0
kanatuberkuloosi	k ɑ n ɑ t u b e r k u l oː s i	0
kanatäi	k ɑ n ɑ t æ i̯	0
kanava	k ɑ n ɑ ʋ ɑ	181
kanavakirjonta	k ɑ n ɑ ʋ ɑ k i r j o n t ɑ	0
kanavaliikenne	k ɑ n ɑ ʋ ɑ l iː k e nː eˣ	0
kanavamaksu	k ɑ n ɑ ʋ ɑ m ɑ k s u	0
kanavaneula	k ɑ n ɑ ʋ ɑ n e u̯ l ɑ	0
kanavanvalitsin	k ɑ n ɑ ʋ ɑ n ʋ ɑ l i t s i n	0
kanavaproteiini	k ɑ n ɑ ʋ ɑ p r o t e i̯ː n i	0
kanavapujottelu	k ɑ n ɑ ʋ ɑ p u j o tː e l u	1
kanavaras	k ɑ n ɑ ʋ ɑ r ɑ s	0
kanavasulku	k ɑ n ɑ ʋ ɑ s u l k u	0
kanavasäde	k ɑ n ɑ ʋ ɑ s æ d eˣ	0
kanavatransistori	k ɑ n ɑ ʋ ɑ t r ɑ n s i s t o r i	0
kanavaverkko	k ɑ n ɑ ʋ ɑ ʋ e r kː o	0
kanavaverkosto	k ɑ n ɑ ʋ ɑ ʋ e r k o s t o	1
kandela	k ɑ n d e l ɑ	1
kandidaatintutkinto	k ɑ n d i d ɑː t i n t u t k i n t o	1
kaneli	k ɑ n e l i	4
kanelikierre	k ɑ n e l i k i e̯ rː eˣ	0
kanelikivi	k ɑ n e l i k i ʋ i	0
kanelisorsa	k ɑ n e l i s o r s ɑ	0
kanerva	k ɑ n e r ʋ ɑ	63
kanervakäärme	k ɑ n e r ʋ ɑ k æː r m eˣ	0
kanervatyyppi	k ɑ n e r ʋ ɑ t yː pː i	0
kangas	k ɑ ŋː ɑ s	112
kangasala	k ɑ ŋː ɑ s ɑ l ɑ	48
kangasalalainen	k ɑ ŋː ɑ s ɑ l ɑ l ɑ i̯ n e n	1
kangaskassi	k ɑ ŋː ɑ s k ɑ sː i	0
kangaskorte	k ɑ ŋː ɑ s k o r t eˣ	0
kangasmetsä	k ɑ ŋː ɑ s m e t s æ	4
kangasniemeläinen	k ɑ ŋː ɑ s n i e̯ m e l æ i̯ n e n	0
kangasniemi	k ɑ ŋː ɑ s n i e̯ m i	46
kangasräme	k ɑ ŋː ɑ s r æ m eˣ	1
kangastella	k ɑ ŋː ɑ s t e lː ɑˣ	0
kangasturve	k ɑ ŋː ɑ s t u r ʋ eˣ	0
kangastus	k ɑ ŋː ɑ s t u s	5
kangasvuokko	k ɑ ŋː ɑ s ʋ u o̯ kː o	2
kangerrella	k ɑ ŋː e rː e lː ɑˣ	2
kangertaminen	k ɑ ŋː e r t ɑ m i n e n	0
kani	k ɑ n i	24
kaniini	k ɑ n iː n i	1
kanittaminen	k ɑ n i tː ɑ m i n e n	0
kanjoni	k ɑ n j o n i	1
kankaankudonta	k ɑ ŋ k ɑː n k u d o n t ɑ	2
kankaanpainanta	k ɑ ŋ k ɑː n p ɑ i̯ n ɑ n t ɑ	8
kankaanpää	k ɑ ŋ k ɑː n p æː	40
kankaanpääläinen	k ɑ ŋ k ɑː n p æː l æ i̯ n e n	0
kankaat	k ɑ ŋ k ɑː t	37
kankaiden	k ɑ ŋ k ɑ i̯ d e n	24
kankaiksi	k ɑ ŋ k ɑ i̯ k s i	0
kankailla	k ɑ ŋ k ɑ i̯ lː ɑ	18
kankaille	k ɑ ŋ k ɑ i̯ lː eˣ	3
kankailta	k ɑ ŋ k ɑ i̯ l t ɑ	2
kankain	k ɑ ŋ k ɑ i̯ n	2
kankaina	k ɑ ŋ k ɑ i̯ n ɑ	1
kankaineen	k ɑ ŋ k ɑ i̯ n eː n	0
kankaisiin	k ɑ ŋ k ɑ i̯ s iː n	6
kankaissa	k ɑ ŋ k ɑ i̯ sː ɑ	2
kankaista	k ɑ ŋ k ɑ i̯ s t ɑ	10
kankaita	k ɑ ŋ k ɑ i̯ t ɑ	43
kankaitta	k ɑ ŋ k ɑ i̯ tː ɑ	0
kankaitten	k ɑ ŋ k ɑ i̯ tː e n	0
kankea	k ɑ ŋ k e ɑ	13
kankeaminen	k ɑ ŋ k e ɑ m i n e n	0
kanki	k ɑ ŋ k i	3
kankirauta	k ɑ ŋ k i r ɑ u̯ t ɑ	0
kankivasara	k ɑ ŋ k i ʋ ɑ s ɑ r ɑ	1
kankkunen	k ɑ ŋ kː u n e n	26
kanna	k ɑ nː ɑ	38
kanna	k ɑ nː ɑˣ	38
kannanvaihto	k ɑ nː ɑ n ʋ ɑ i̯ h t o	0
kannanvaihtomatriisi	k ɑ nː ɑ n ʋ ɑ i̯ h t o m ɑ t r iː s i	0
kannas	k ɑ nː ɑ s	17
kannatinhihna	k ɑ nː ɑ t i n h i h n ɑ	0
kannattajakortti	k ɑ nː ɑ tː ɑ j ɑ k o r tː i	0
kannattajanikama	k ɑ nː ɑ tː ɑ j ɑ n i k ɑ m ɑ	0
kannattaminen	k ɑ nː ɑ tː ɑ m i n e n	2
kannattavuusraja	k ɑ nː ɑ tː ɑ ʋ uː s r ɑ j ɑ	0
kannatus	k ɑ nː ɑ t u s	59
kannatusmittaus	k ɑ nː ɑ t u s m i tː ɑ u s	1
kannatustela	k ɑ nː ɑ t u s t e l ɑ	0
kanneksia	k ɑ nː e k s i ɑˣ	0
kannel	k ɑ nː e l	5
kannella	k ɑ nː e lː ɑ	31
kannella	k ɑ nː e lː ɑˣ	31
kanneltaja	k ɑ nː e l t ɑ j ɑ	0
kannettava	k ɑ nː e tː ɑ ʋ ɑ	78
kannonkoskelainen	k ɑ nː o n k o s k e l ɑ i̯ n e n	0
kannonkoski	k ɑ nː o n k o s k i	0
kannonkoskinen	k ɑ nː o n k o s k i n e n	0
kannonnosto	k ɑ nː o n n o s t o	0
kannonpää	k ɑ nː o n p æː	0
kannu	k ɑ nː u	1
kannuittain	k ɑ nː u i̯ tː ɑ i̯ n	0
kannuksenpyörä	k ɑ nː u k s e n p y ø̯ r æ	0
kannunala	k ɑ nː u n ɑ l ɑ	0
kannus	k ɑ nː u s	9
kannuslainen	k ɑ nː u s l ɑ i̯ n e n	0
kannusruoho	k ɑ nː u s r u o̯ h o	0
kannustaminen	k ɑ nː u s t ɑ m i n e n	22
kanotoiminen	k ɑ n o t o i̯ m i n e n	0
kansa	k ɑ n s ɑ	415
kansainvälinen	k ɑ n s ɑ i̯ n ʋ æ l i n e n	960
kansainvälistymisstrategia	k ɑ n s ɑ i̯ n ʋ æ l i s t y m i s s t r ɑ t e ɡ i ɑ	1
kansainyhteisö	k ɑ n s ɑ i̯ n y h t e i̯ s ø	2
kansakoululaitos	k ɑ n s ɑ k o u̯ l u l ɑ i̯ t o s	1
kansakoulunopettaja	k ɑ n s ɑ k o u̯ l u n o p e tː ɑ j ɑ	7
kansalainen	k ɑ n s ɑ l ɑ i̯ n e n	101
kansalaisillalliset	k ɑ n s ɑ l ɑ i̯ s i lː ɑ lː i s e t	0
kansalaiskoulu	k ɑ n s ɑ l ɑ i̯ s k o u̯ l u	8
kansalaisliike	k ɑ n s ɑ l ɑ i̯ s l iː k e	9
kansalaisoikeusaktivisti	k ɑ n s ɑ l ɑ i̯ s o i̯ k e u s ɑ k t i ʋ i s t i	0
kansalaispäivälliset	k ɑ n s ɑ l ɑ i̯ s p æ i̯ ʋ æ lː i s e t	0
kansalaistaito	k ɑ n s ɑ l ɑ i̯ s t ɑ i̯ t o	7
kansalaisvaikuttaminen	k ɑ n s ɑ l ɑ i̯ s ʋ ɑ i̯ k u tː ɑ m i n e n	1
kansalaisvapaus	k ɑ n s ɑ l ɑ i̯ s ʋ ɑ p ɑ u s	0
kansalaisyhteiskunta	k ɑ n s ɑ l ɑ i̯ s y h t e i̯ s k u n t ɑ	26
kansallispuisto	k ɑ n s ɑ lː i s p u i̯ s t o	90
kansallissosialisti	k ɑ n s ɑ lː i s s o s i ɑ l i s t i	1
kansallistunnus	k ɑ n s ɑ lː i s t u nː u s	0
kansallisuus	k ɑ n s ɑ lː i s uː s	11
kansallisuusaate	k ɑ n s ɑ lː i s uː s ɑː t eˣ	1
kansanalmanakka	k ɑ n s ɑ n ɑ l m ɑ n ɑ kː ɑ	0
kansanedustaja	k ɑ n s ɑ n e d u s t ɑ j ɑ	189
kansanedustuslaitos	k ɑ n s ɑ n e d u s t u s l ɑ i̯ t o s	1
kansaneläkejärjestelmä	k ɑ n s ɑ nˣ e l æ k e j æ r j e s t e l m æ	0
kansanetymologia	k ɑ n s ɑ n e t y m o l o ɡ i ɑ	0
kansanheimo	k ɑ n s ɑ n h e i̯ m o	0
kansanhiihto	k ɑ n s ɑ n h iː h t o	1
kansanhuolto	k ɑ n s ɑ n h u o̯ l t o	0
kansanhuoltoministeriö	k ɑ n s ɑ n h u o̯ l t o m i n i s t e r i ø	1
kansanhuvi	k ɑ n s ɑ n h u ʋ i	0
kansanjohtaja	k ɑ n s ɑ n j o h t ɑ j ɑ	1
kansanjoukko	k ɑ n s ɑ n j o u̯ kː o	6
kansanjuhla	k ɑ n s ɑ n j u h l ɑ	4
kansankapitalismi	k ɑ n s ɑ n k ɑ p i t ɑ l i s m i	0
kansankerros	k ɑ n s ɑ n k e rː o s	0
kansankielinen	k ɑ n s ɑ n k i e̯ l i n e n	0
kansankirjailija	k ɑ n s ɑ n k i r j ɑ i̯ l i j ɑ	0
kansankokous	k ɑ n s ɑ n k o k o u s	1
kansankommuuni	k ɑ n s ɑ n k o mː uː n i	0
kansankorkeakoulu	k ɑ n s ɑ n k o r k e ɑ k o u̯ l u	0
kansankoti	k ɑ n s ɑ n k o t i	0
kansankulttuuri	k ɑ n s ɑ n k u l tː uː r i	5
kansankuvaus	k ɑ n s ɑ n k u ʋ ɑ u s	2
kansankäräjät	k ɑ n s ɑ n k æ r æ j æ t	2
kansanlaulu	k ɑ n s ɑ n l ɑ u̯ l u	5
kansanleikki	k ɑ n s ɑ n l e i̯ kː i	0
kansanliike	k ɑ n s ɑ n l iː k eˣ	7
kansanluokka	k ɑ n s ɑ n l u o̯ kː ɑ	0
kansanluonne	k ɑ n s ɑ n l u o̯ nː eˣ	1
kansanlääkintä	k ɑ n s ɑ n l æː k i n t æ	0
kansanmies	k ɑ n s ɑ n m i e̯ s	2
kansanmurha	k ɑ n s ɑ n m u r h ɑ	5
kansanmurre	k ɑ n s ɑ n m u rː eˣ	0
kansanmusiikki	k ɑ n s ɑ n m u s iː kː i	23
kansannousu	k ɑ n s ɑ n n o u̯ s u	5
kansanomaisesti	k ɑ n s ɑ n o m ɑ i̯ s e s t iˣ	12
kansanomaisuus	k ɑ n s ɑ n o m ɑ i̯ s uː s	1
kansanopisto	k ɑ n s ɑ n o p i s t o	52
kansanosa	k ɑ n s ɑ n o s ɑ	2
kansanpainos	k ɑ n s ɑ n p ɑ i̯ n o s	2
kansanparannus	k ɑ n s ɑ n p ɑ r ɑ nː u s	2
kansanparantaja	k ɑ n s ɑ n p ɑ r ɑ n t ɑ j ɑ	3
kansanpelimanni	k ɑ n s ɑ n p e l i m ɑ nː i	1
kansanpuku	k ɑ n s ɑ n p u k u	0
kansanrintama	k ɑ n s ɑ n r i n t ɑ m ɑ	2
kansanrintamahallitus	k ɑ n s ɑ n r i n t ɑ m ɑ h ɑ lː i t u s	2
kansanruno	k ɑ n s ɑ n r u n o	2
kansanrunoudentutkimus	k ɑ n s ɑ n r u n o u s t u t k i m u s	0
kansansatu	k ɑ n s ɑ n s ɑ t u	0
kansansivistys	k ɑ n s ɑ n s i ʋ i s t y s	1
kansansoittaja	k ɑ n s ɑ n s o i̯ tː ɑ j ɑ	0
kansansuosikki	k ɑ n s ɑ n s u o̯ s i kː i	0
kansansuosio	k ɑ n s ɑ n s u o̯ s i o	1
kansantaide	k ɑ n s ɑ n t ɑ i̯ d eˣ	2
kansantaiteilija	k ɑ n s ɑ n t ɑ i̯ t e i̯ l i j ɑ	1
kansantajuistaa	k ɑ n s ɑ n t ɑ j u i̯ s t ɑːˣ	0
kansantajuistaminen	k ɑ n s ɑ n t ɑ j u i̯ s t ɑ m i n e n	1
kansantaloustiede	k ɑ n s ɑ n t ɑ l o u s t i e̯ d eˣ	14
kansantapa	k ɑ n s ɑ n t ɑ p ɑ	0
kansantauti	k ɑ n s ɑ n t ɑ u̯ t i	5
kansanterveystiede	k ɑ n s ɑ n t e r ʋ e y s t i e̯ d eˣ	4
kansanterveystyö	k ɑ n s ɑ n t e r ʋ e y s t y ø̯	1
kansantulo	k ɑ n s ɑ n t u l o	1
kansantuote	k ɑ n s ɑ n t u o̯ t eˣ	5
kansanusko	k ɑ n s ɑ n u s k o	1
kansanvalistustyö	k ɑ n s ɑ n ʋ ɑ l i s t u s t y ø̯	0
kansanvaltaisesti	k ɑ n s ɑ n ʋ ɑ l t ɑ i̯ s e s t iˣ	5
kansanäänestys	k ɑ n s ɑ n æː n e s t y s	29
kansas	k ɑ n s ɑ s	4
kansi	k ɑ n s i	114
kansikota	k ɑ n s i k o t ɑ	0
kansio	k ɑ n s i o	82
kansipahvi	k ɑ n s i p ɑ h ʋ i	0
kansiproomu	k ɑ n s i p r oː m u	0
kansittaminen	k ɑ n s i tː ɑ m i n e n	0
kanslianeuvos	k ɑ n s l i ɑ n e u̯ ʋ o s	3
kanssa	k ɑ n sː ɑ	19572
kanssamatkustaja	k ɑ n sː ɑ m ɑ t k u s t ɑ j ɑ	0
kanta	k ɑ n t ɑ	214
kantaa	k ɑ n t ɑː	1108
kantaa	k ɑ n t ɑːˣ	1108
kantabaltoslaavi	k ɑ n t ɑ b ɑ l t o s l ɑː ʋ i	0
kantabaltti	k ɑ n t ɑ b ɑ l tː i	0
kantagermaani	k ɑ n t ɑ ɡ e r m ɑː n i	0
kantaindoeurooppa	k ɑ n t ɑ i n d o e u r oː pː ɑ	0
kantaitiö	k ɑ n t ɑ i t i ø	0
kantaja	k ɑ n t ɑ j ɑ	33
kantajakaasu	k ɑ n t ɑ j ɑ k ɑː s u	0
kantajoukko	k ɑ n t ɑ j o u̯ kː o	0
kantalinnoite	k ɑ n t ɑ l i nː o i̯ t eˣ	0
kantalippu	k ɑ n t ɑ l i pː u	0
kantaliuos	k ɑ n t ɑ l i u̯ o s	0
kantalukujärjestelmä	k ɑ n t ɑ l u k u j æ r j e s t e l m æ	0
kantama	k ɑ n t ɑ m ɑ	13
kantapiste	k ɑ n t ɑ p i s t eˣ	0
kantapää	k ɑ n t ɑ p æː	9
kantarauta	k ɑ n t ɑ r ɑ u̯ t ɑ	0
kantarelli	k ɑ n t ɑ r e lː i	1
kantarelli	k ɑ n tː ɑ r e lː i	1
kantasaame	k ɑ n t ɑ s ɑː m e	0
kantasieni	k ɑ n t ɑ s i e̯ n i	0
kantasolututkimus	k ɑ n t ɑ s o l u t u t k i m u s	0
kantatie	k ɑ n t ɑ t i e̯	40
kantautua	k ɑ n t ɑ u t u ɑˣ	0
kantavuus	k ɑ n t ɑ ʋ uː s	24
kanto	k ɑ n t o	22
kantoaine	k ɑ n t o ɑ i̯ n eˣ	0
kantohihna	k ɑ n t o h i h n ɑ	3
kantohinta	k ɑ n t o h i n t ɑ	3
kantokahva	k ɑ n t o k ɑ h ʋ ɑ	6
kantokehys	k ɑ n t o k e h y s	0
kantokerros	k ɑ n t o k e rː o s	0
kantokori	k ɑ n t o k o r i	0
kantokotelo	k ɑ n t o k o t e l o	0
kantokuorma	k ɑ n t o k u o̯ r m ɑ	0
kantokyky	k ɑ n t o k y k y	5
kantolaukku	k ɑ n t o l ɑ u̯ kː u	7
kantoliina	k ɑ n t o l iː n ɑ	0
kantomatka	k ɑ n t o m ɑ t k ɑ	6
kantomies	k ɑ n t o m i e̯ s	1
kantopaarit	k ɑ n t o p ɑː r i t	0
kantopiiri	k ɑ n t o p iː r i	0
kantopommi	k ɑ n t o p o mː i	0
kantopuu	k ɑ n t o p uː	0
kantoraha	k ɑ n t o r ɑ h ɑ	0
kantoraketti	k ɑ n t o r ɑ k e tː i	2
kantoripa	k ɑ n t o r i p ɑ	0
kantoryhmä	k ɑ n t o r y h m æ	0
kantosatula	k ɑ n t o s ɑ t u l ɑ	0
kantoside	k ɑ n t o s i d eˣ	2
kantosieni	k ɑ n t o s i e̯ n i	0
kantotaso	k ɑ n t o t ɑ s o	0
kantotasoalus	k ɑ n t o t ɑ s o ɑ l u s	0
kantoteline	k ɑ n t o t e l i n eˣ	0
kantovesa	k ɑ n t o ʋ e s ɑ	0
kantovesi	k ɑ n t o ʋ e s i	1
kantoväline	k ɑ n t o ʋ æ l i n eˣ	0
kantri	k ɑ n t r i	3
kantrimusiikki	k ɑ n t r i m u s iː kː i	0
kanttori	k ɑ n tː o r i	56
kanuuna	k ɑ n uː n ɑ	4
kaoliinisavi	k ɑ o l iː n i s ɑ ʋ i	0
kaoottisesti	k ɑ oː tː i s e s t iˣ	1
kapakalakeitto	k ɑ p ɑ k ɑ l ɑ k e i̯ tː o	1
kapaloiminen	k ɑ p ɑ l o i̯ m i n e n	0
kapaloitseminen	k ɑ p ɑ l o i̯ t s e m i n e n	0
kapalovyö	k ɑ p ɑ l o ʋ y ø̯	0
kapanala	k ɑ p ɑ n ɑ l ɑ	0
kapea	k ɑ p e ɑ	124
kapeasti	k ɑ p e ɑ s t iˣ	6
kapellimestari	k ɑ p e lː i m e s t ɑ r i	44
kapeus	k ɑ p e u s	5
kapillaarisesti	k ɑ p i lː ɑː r i s e s t iˣ	1
kapillaarivaikutus	k ɑ p i lː ɑː r i ʋ ɑ i̯ k u t u s	0
kapinoida	k ɑ p i n o i̯ d ɑˣ	6
kapinoiminen	k ɑ p i n o i̯ m i n e n	0
kapinoitseminen	k ɑ p i n o i̯ t s e m i n e n	0
kapioarkku	k ɑ p i o ɑ r kː u	0
kapiot	k ɑ p i o t	0
kapista	k ɑ p i s t ɑˣ	0
kapitalismi	k ɑ p i t ɑ l i s m i	11
kapitalisoiminen	k ɑ p i t ɑ l i s o i̯ m i n e n	0
kapituli	k ɑ p i t u l i	0
kapoinen	k ɑ p o i̯ n e n	1
kapoittain	k ɑ p o i̯ tː ɑ i̯ n	0
kappa	k ɑ pː ɑ	2
kappale	k ɑ pː ɑ l eˣ	315
kappaleenvaihto	k ɑ pː ɑ l eː n ʋ ɑ i̯ h t o	0
kappaletavara	k ɑ pː ɑ l eˣ t ɑ ʋ ɑ r ɑ	2
kappireki	k ɑ pː i r e k i	0
kapriinihappo	k ɑ p r iː n i h ɑ pː o	0
kapris	k ɑ p r i s	2
kaprokki	k ɑ p r o kː i	0
kapryylihappo	k ɑ p r yː l i h ɑ pː o	0
kapsahdella	k ɑ p s ɑ h d e lː ɑˣ	0
kapsahtaminen	k ɑ p s ɑ h t ɑ m i n e n	0
kapsäkki	k ɑ p s æ kː i	0
kapu	k ɑ p u	2
kapuaminen	k ɑ p u ɑ m i n e n	1
kapula	k ɑ p u l ɑ	1
kapulahissi	k ɑ p u l ɑ h i sː i	0
kaput	k ɑ p u t	1
kapuuni	k ɑ p uː n i	0
karaatti	k ɑ r ɑː tː i	0
karahdella	k ɑ r ɑ h d e lː ɑˣ	0
karahtaminen	k ɑ r ɑ h t ɑ m i n e n	0
karahvi	k ɑ r ɑ h ʋ i	0
karahviviini	k ɑ r ɑ h ʋ i ʋ iː n i	0
karakteristinen	k ɑ r ɑ k t e r i s t i n e n	0
karambola	k ɑ r ɑ m b o l ɑ	0
karamelli	k ɑ r ɑ m e lː i	2
karamellijäätelö	k ɑ r ɑ m e lː i j æː t e l ø	0
karamellisoida	k ɑ r ɑ m e lː i s o i̯ d ɑˣ	0
karamelloida	k ɑ r ɑ m e lː o i̯ d ɑˣ	0
karata	k ɑ r ɑ t ɑˣ	13
karate	k ɑ r ɑ t e	24
karautella	k ɑ r ɑ u t e lː ɑˣ	0
karavaanitie	k ɑ r ɑ ʋ ɑː n i t i e̯	0
karbamaatti	k ɑ r b ɑ m ɑː tː i	0
karbamiinihappo	k ɑ r b ɑ m iː n i h ɑ pː o	0
karboksylaasi	k ɑ r b o k s y l ɑː s i	0
karboksylaatti	k ɑ r b o k s y l ɑː tː i	0
karboksyyliryhmä	k ɑ r b o k s yː l i r y h m æ	0
karbonatiitti	k ɑ r b o n ɑ t iː tː i	1
karbonyyli	k ɑ r b o n yː l i	0
kardaanitunneli	k ɑ r d ɑː n i t u nː e l i	0
kare	k ɑ r e	12
kare	k ɑ r eˣ	12
kareilla	k ɑ r e i̯ lː ɑˣ	1
karenssi	k ɑ r e n sː i	1
karheasti	k ɑ r h e ɑ s t iˣ	1
karhi	k ɑ r h i	2
karhiainen	k ɑ r h i ɑ i̯ n e n	0
karho	k ɑ r h o	6
karhu	k ɑ r h u	182
karhukainen	k ɑ r h u k ɑ i̯ n e n	0
karhukirje	k ɑ r h u k i r j eˣ	1
karhukissa	k ɑ r h u k i sː ɑ	0
karhukoira	k ɑ r h u k o i̯ r ɑ	0
karhunpeijaiset	k ɑ r h u n p e i̯ j ɑ i̯ s e t	0
karhunvartija	k ɑ r h u n ʋ ɑ r t i j ɑ	0
karhusaari	k ɑ r h u s ɑː r i	1
kari	k ɑ r i	1314
karibilainen	k ɑ r i b i l ɑ i̯ n e n	0
karijokelainen	k ɑ r i j o k e l ɑ i̯ n e n	0
karijoki	k ɑ r i j o k i	5
karikkoranta	k ɑ r i kː o r ɑ n t ɑ	0
karioottinen	k ɑ r i oː tː i n e n	0
karisma	k ɑ r i s m ɑ	7
karismaattinen	k ɑ r i s m ɑː tː i n e n	30
karistaminen	k ɑ r i s t ɑ m i n e n	0
karisteheinä	k ɑ r i s t eˣ h e i̯ n æ	0
karistella	k ɑ r i s t e lː ɑˣ	0
karistesieni	k ɑ r i s t eˣ s i e̯ n i	0
karita	k ɑ r i t ɑ	16
karitsa	k ɑ r i t s ɑ	14
kariutuminen	k ɑ r i u t u m i n e n	1
karja	k ɑ r j ɑ	29
karjafarmi	k ɑ r j ɑ f ɑ r m i	0
karjahdella	k ɑ r j ɑ h d e lː ɑˣ	0
karjahtaminen	k ɑ r j ɑ h t ɑ m i n e n	0
karjahteleminen	k ɑ r j ɑ h t e l e m i n e n	0
karjaiseminen	k ɑ r j ɑ i̯ s e m i n e n	0
karjakartano	k ɑ r j ɑ k ɑ r t ɑ n o	0
karjakeittiö	k ɑ r j ɑ k e i̯ tː i ø	0
karjala	k ɑ r j ɑ l ɑ	59
karjalainen	k ɑ r j ɑ l ɑ i̯ n e n	211
karjamaja	k ɑ r j ɑ m ɑ j ɑ	0
karjamajalaitos	k ɑ r j ɑ m ɑ j ɑ l ɑ i̯ t o s	0
karjanhoitaja	k ɑ r j ɑ n h o i̯ t ɑ j ɑ	1
karjanjalostus	k ɑ r j ɑ n j ɑ l o s t u s	0
karjankasvattaja	k ɑ r j ɑ n k ɑ s ʋ ɑ tː ɑ j ɑ	1
karjankasvatus	k ɑ r j ɑ n k ɑ s ʋ ɑ t u s	0
karjankellot	k ɑ r j ɑ n k e lː o t	0
karjankuljetusauto	k ɑ r j ɑ n k u l j e t u s ɑ u t o	0
karjanlaidun	k ɑ r j ɑ n l ɑ i̯ d u n	0
karjanlanta	k ɑ r j ɑ n l ɑ n t ɑ	5
karjanomistaja	k ɑ r j ɑ n o m i s t ɑ j ɑ	6
karjanostaja	k ɑ r j ɑ n o s t ɑ j ɑ	0
karjanpito	k ɑ r j ɑ n p i t o	0
karjanrehu	k ɑ r j ɑ n r e h u	0
karjanruoka	k ɑ r j ɑ n r u o̯ k ɑ	0
karjanruokinta	k ɑ r j ɑ n r u o̯ k i n t ɑ	0
karjantarkkailu	k ɑ r j ɑ n t ɑ r kː ɑ i̯ l u	1
karjanäyttely	k ɑ r j ɑ n æ y̯ tː e l y	0
karjapolku	k ɑ r j ɑ p o l k u	0
karjarotu	k ɑ r j ɑ r o t u	0
karjarutto	k ɑ r j ɑ r u tː o	1
karjatalouskone	k ɑ r j ɑ t ɑ l o u s k o n eˣ	0
karjataloustuote	k ɑ r j ɑ t ɑ l o u s t u o̯ t eˣ	0
karjatarha	k ɑ r j ɑ t ɑ r h ɑ	0
karjaton	k ɑ r j ɑ t o n	0
karjavene	k ɑ r j ɑ ʋ e n eˣ	0
karju	k ɑ r j u	5
karju	k ɑ r j uˣ	5
karjuko	k ɑ r j u k o	0
karjuko	k ɑ r j u k oˣ	0
karjuminen	k ɑ r j u m i n e n	0
karkaaminen	k ɑ r k ɑː m i n e n	4
karkaiseminen	k ɑ r k ɑ i̯ s e m i n e n	0
karkauspäivä	k ɑ r k ɑ u s p æ i̯ ʋ æ	10
karkaussekunti	k ɑ r k ɑ u s s e k u n t i	0
karkaussekunti	k ɑ r k ɑ u s s e k u n tː i	0
karkausvuosi	k ɑ r k ɑ u s ʋ u o̯ s i	3
karkea	k ɑ r k e ɑ	48
karkeasti	k ɑ r k e ɑ s t iˣ	92
karkeistaa	k ɑ r k e i̯ s t ɑːˣ	0
karkeistaminen	k ɑ r k e i̯ s t ɑ m i n e n	0
karkeistyö	k ɑ r k e i̯ s t y ø̯	0
karkeutuminen	k ɑ r k e u t u m i n e n	0
karkki	k ɑ r kː i	4
karkkila	k ɑ r kː i l ɑ	26
karkkilainen	k ɑ r kː i l ɑ i̯ n e n	0
karkkilalainen	k ɑ r kː i l ɑ l ɑ i̯ n e n	1
karkkipussi	k ɑ r kː i p u sː i	2
karkottaminen	k ɑ r k o tː ɑ m i n e n	5
karkulainen	k ɑ r k u l ɑ i̯ n e n	1
karkuteille	k ɑ r k u t e i̯ lː eˣ	1
karkuteillä	k ɑ r k u t e i̯ lː æ	2
karkuteiltä	k ɑ r k u t e i̯ l t æ	0
karkutie	k ɑ r k u t i e̯	0
karma	k ɑ r m ɑ	11
karmeasti	k ɑ r m e ɑ s t iˣ	1
karmia	k ɑ r m i ɑˣ	0
karnosinaasi	k ɑ r n o s i n ɑː s i	0
karnotiitti	k ɑ r n o t iː tː i	0
karoliina	k ɑ r o l iː n ɑ	27
karoliininen	k ɑ r o l iː n i n e n	4
karppinen	k ɑ r pː i n e n	49
karpponen	k ɑ r pː o n e n	0
karri	k ɑ rː i	32
karrikana	k ɑ rː i k ɑ n ɑ	0
karsastaminen	k ɑ r s ɑ s t ɑ m i n e n	0
karsia	k ɑ r s i ɑˣ	63
karsikkokivi	k ɑ r s i kː o k i ʋ i	0
karsikkolauta	k ɑ r s i kː o l ɑ u̯ t ɑ	1
karsikkopuu	k ɑ r s i kː o p uː	0
karsimalmi	k ɑ r s i m ɑ l m i	0
karsiminen	k ɑ r s i m i n e n	19
karsina	k ɑ r s i n ɑ	5
karsinan	k ɑ r s i n ɑ n	5
karsinogeeni	k ɑ r s i n o ɡ eː n i	2
karskisti	k ɑ r s k i s t iˣ	0
karsta	k ɑ r s t ɑ	3
karstaaminen	k ɑ r s t ɑː m i n e n	0
karstialue	k ɑ r s t i ɑ l u eˣ	0
karstula	k ɑ r s t u l ɑ	5
karstulalainen	k ɑ r s t u l ɑ l ɑ i̯ n e n	1
kartano	k ɑ r t ɑ n o	105
kartanonherra	k ɑ r t ɑ n o n h e rː ɑ	1
kartanpiirustus	k ɑ r t ɑ n p iː r u s t u s	0
karting	k ɑ r t i ŋː	14
karting	k ɑ r tː i ŋː	14
kartiohammaspyörä	k ɑ r t i o h ɑ mː ɑ s p y ø̯ r æ	0
kartioholkki	k ɑ r t i o h o l kː i	0
kartiorullalaakeri	k ɑ r t i o r u lː ɑ l ɑː k e r i	0
kartografi	k ɑ r t o ɡ r ɑ f i	0
kartografisesti	k ɑ r t o ɡ r ɑ f i s e s t iˣ	1
kartoitus	k ɑ r t o i̯ t u s	154
kartonki	k ɑ r t o ŋ k i	13
karttaa	k ɑ r tː ɑː	87
karttaa	k ɑ r tː ɑːˣ	87
karttajousi	k ɑ r tː ɑ j o u̯ s i	0
karttakaavio	k ɑ r tː ɑ k ɑː ʋ i o	0
karttakokoelma	k ɑ r tː ɑ k o k o e l m ɑ	3
karttakotelo	k ɑ r tː ɑ k o t e l o	0
karttamerkki	k ɑ r tː ɑ m e r kː i	0
karttapallo	k ɑ r tː ɑ p ɑ lː o	0
karttapalvelu	k ɑ r tː ɑ p ɑ l ʋ e l u	6
karttatie	k ɑ r tː ɑ t i e̯	1
karttuisa	k ɑ r tː u i̯ s ɑ	1
karttuminen	k ɑ r tː u m i n e n	12
kartuntaluettelo	k ɑ r t u n t ɑ l u e tː e l o	0
karuselli	k ɑ r u s e lː i	5
karusti	k ɑ r u s t iˣ	2
karva	k ɑ r ʋ ɑ	30
karvaamo	k ɑ r ʋ ɑː m o	0
karvaasti	k ɑ r ʋ ɑː s t iˣ	4
karvahattu	k ɑ r ʋ ɑ h ɑ tː u	0
karvaisuus	k ɑ r ʋ ɑ i̯ s uː s	0
karvajalkahyppymyyrä	k ɑ r ʋ ɑ j ɑ l k ɑ h y pː y m yː r æ	0
karvakato	k ɑ r ʋ ɑ k ɑ t o	0
karvakaulus	k ɑ r ʋ ɑ k ɑ u̯ l u s	0
karvakenkä	k ɑ r ʋ ɑ k e ŋ k æ	0
karvakuonovompatti	k ɑ r ʋ ɑ k u o̯ n o ʋ o m p ɑ tː i	0
karvalakki	k ɑ r ʋ ɑ l ɑ kː i	4
karvalakkilähetystö	k ɑ r ʋ ɑ l ɑ kː i l æ h e t y s t ø	0
karvalakkimalli	k ɑ r ʋ ɑ l ɑ kː i m ɑ lː i	0
karvalakkipuoli	k ɑ r ʋ ɑ l ɑ kː i p u o̯ l i	0
karvalanka	k ɑ r ʋ ɑ l ɑ ŋ k ɑ	0
karvalankamatto	k ɑ r ʋ ɑ l ɑ ŋ k ɑ m ɑ tː o	0
karvalehti	k ɑ r ʋ ɑ l e h t i	1
karvallinen	k ɑ r ʋ ɑ lː i n e n	0
karvamerkki	k ɑ r ʋ ɑ m e r kː i	0
karvanaama	k ɑ r ʋ ɑ n ɑː m ɑ	0
karvanaamainen	k ɑ r ʋ ɑ n ɑː m ɑ i̯ n e n	0
karvanjuuri	k ɑ r ʋ ɑ n j uː r i	0
karvankasvu	k ɑ r ʋ ɑ n k ɑ s ʋ u	0
karvanluonti	k ɑ r ʋ ɑ n l u o̯ n t i	0
karvanpoistoaine	k ɑ r ʋ ɑ n p o i̯ s t o ɑ i̯ n eˣ	0
karvanvaihto	k ɑ r ʋ ɑ n ʋ ɑ i̯ h t o	0
karvanysty	k ɑ r ʋ ɑ n y s t y	0
karvapeite	k ɑ r ʋ ɑ p e i̯ t eˣ	7
karvapeitteinen	k ɑ r ʋ ɑ p e i̯ tː e i̯ n e n	1
karvapintainen	k ɑ r ʋ ɑ p i n t ɑ i̯ n e n	0
karvareuhka	k ɑ r ʋ ɑ r e u̯ h k ɑ	0
karvari	k ɑ r ʋ ɑ r i	0
karvarintainen	k ɑ r ʋ ɑ r i n t ɑ i̯ n e n	0
karvas	k ɑ r ʋ ɑ s	4
karvasaine	k ɑ r ʋ ɑ s ɑ i̯ n eˣ	0
karvasara	k ɑ r ʋ ɑ s ɑ r ɑ	0
karvasipuli	k ɑ r ʋ ɑ s i p u l i	0
karvasivellin	k ɑ r ʋ ɑ s i ʋ e lː i n	0
karvasmanteli	k ɑ r ʋ ɑ s m ɑ n t e l i	0
karvasmanteliöljy	k ɑ r ʋ ɑ s m ɑ n t e l i ø l j y	0
karvasputki	k ɑ r ʋ ɑ s p u t k i	0
karvastaa	k ɑ r ʋ ɑ s t ɑːˣ	0
karvastella	k ɑ r ʋ ɑ s t e lː ɑˣ	0
karvastelu	k ɑ r ʋ ɑ s t e l u	0
karvasto	k ɑ r ʋ ɑ s t o	0
karvattomuus	k ɑ r ʋ ɑ tː o m uː s	3
karvatukko	k ɑ r ʋ ɑ t u kː o	0
karvaus	k ɑ r ʋ ɑ u s	0
karvia	k ɑ r ʋ i ɑ	10
karviainen	k ɑ r ʋ i ɑ i̯ n e n	1
karviaiskoiso	k ɑ r ʋ i ɑ i̯ s k o i̯ s o	0
karviaispistiäinen	k ɑ r ʋ i ɑ i̯ s p i s t i æ i̯ n e n	0
karvialainen	k ɑ r ʋ i ɑ l ɑ i̯ n e n	0
karvianjoki	k ɑ r ʋ i ɑ n j o k i	0
karyogamia	k ɑ r y o ɡ ɑ m i ɑ	0
kasa	k ɑ s ɑ	31
kasailla	k ɑ s ɑ i̯ lː ɑˣ	0
kasakka	k ɑ s ɑ kː ɑ	0
kasakkapaita	k ɑ s ɑ kː ɑ p ɑ i̯ t ɑ	0
kasapäissä	k ɑ s ɑ p æ i̯ sː æ	0
kasari	k ɑ s ɑ r i	2
kasarmi	k ɑ s ɑ r m i	6
kasarmialue	k ɑ s ɑ r m i ɑ l u eˣ	6
kasautumislaki	k ɑ s ɑ u t u m i s l ɑ k i	0
kasautumispiste	k ɑ s ɑ u t u m i s p i s t eˣ	0
kasetti	k ɑ s e tː i	41
kasettisoitin	k ɑ s e tː i s o i̯ t i n	3
kasino	k ɑ s i n o	10
kasinotalous	k ɑ s i n o t ɑ l o u s	0
kasipallo	k ɑ s i p ɑ lː o	0
kaskadihäiriö	k ɑ s k ɑ d i h æ i̯ r i ø	0
kaskelotti	k ɑ s k e l o tː i	0
kaskenpolttaja	k ɑ s k e n p o l tː ɑ j ɑ	0
kaskenpoltto	k ɑ s k e n p o l tː o	2
kaskenvierto	k ɑ s k e n ʋ i e̯ r t o	0
kaski	k ɑ s k i	26
kaskinen	k ɑ s k i n e n	19
kaskiröykkiö	k ɑ s k i r ø y̯ kː i ø	0
kaskislainen	k ɑ s k i s l ɑ i̯ n e n	0
kasku	k ɑ s k u	6
kasperi	k ɑ s p e r i	5
kassa	k ɑ sː ɑ	44
kassava	k ɑ sː ɑ ʋ ɑ	0
kassi	k ɑ sː i	7
kassiopeia	k ɑ sː i o p e i̯ ɑ	0
kastaa	k ɑ s t ɑːˣ	32
kastajaiset	k ɑ s t ɑ j ɑ i̯ s e t	2
kastaminen	k ɑ s t ɑ m i n e n	4
kastane	k ɑ s t ɑ n e	0
kastanja	k ɑ s t ɑ n j ɑ	2
kaste	k ɑ s t eˣ	66
kasteallas	k ɑ s t eˣ ɑ lː ɑ s	3
kastekaapu	k ɑ s t eˣ k ɑː p u	0
kasteleminen	k ɑ s t e l e m i n e n	0
kastella	k ɑ s t e lː ɑˣ	20
kasteluauto	k ɑ s t e l u ɑ u t o	0
kastelujärjestelmä	k ɑ s t e l u j æ r j e s t e l m æ	1
kastelukanava	k ɑ s t e l u k ɑ n ɑ ʋ ɑ	0
kastelukannu	k ɑ s t e l u k ɑ nː u	1
kasteluvesi	k ɑ s t e l u ʋ e s i	2
kasteluviljely	k ɑ s t e l u ʋ i l j e l y	0
kastemato	k ɑ s t eˣ m ɑ t o	3
kastemekko	k ɑ s t eˣ m e kː o	0
kastepisara	k ɑ s t eˣ p i s ɑ r ɑ	0
kastepiste	k ɑ s t eˣ p i s t eˣ	4
kastepistemittari	k ɑ s t eˣ p i s t eˣ m i tː ɑ r i	0
kasteristi	k ɑ s t eˣ r i s t i	0
kastevaate	k ɑ s t eˣ ʋ ɑː t eˣ	0
kasti	k ɑ s t i	1
kastijako	k ɑ s t i j ɑ k o	0
kastikekauha	k ɑ s t i k eˣ k ɑ u̯ h ɑ	0
kastilaitos	k ɑ s t i l ɑ i̯ t o s	3
kastliina	k ɑ s t l iː n ɑ	0
kastraattilaulaja	k ɑ s t r ɑː tː i l ɑ u̯ l ɑ j ɑ	0
kastua	k ɑ s t u ɑˣ	1
kastuminen	k ɑ s t u m i n e n	6
kasuaalipeli	k ɑ s u ɑː l i p e l i	0
kasvaa	k ɑ s ʋ ɑːˣ	1800
kasvain	k ɑ s ʋ ɑ i̯ n	25
kasvattaa	k ɑ s ʋ ɑ tː ɑːˣ	390
kasvattivanhemmat	k ɑ s ʋ ɑ tː i ʋ ɑ n h e mː ɑ t	0
kasvattiveli	k ɑ s ʋ ɑ tː i ʋ e l i	0
kasvatussosiologi	k ɑ s ʋ ɑ t u s s o s i o l o ɡ i	0
kasvatussosiologia	k ɑ s ʋ ɑ t u s s o s i o l o ɡ i ɑ	3
kasvatustiede	k ɑ s ʋ ɑ t u s t i e̯ d eˣ	46
kasvatustyö	k ɑ s ʋ ɑ t u s t y ø̯	9
kasvianatomia	k ɑ s ʋ i ɑ n ɑ t o m i ɑ	0
kasvibiologi	k ɑ s ʋ i b i o l o ɡ i	0
kasvibiologia	k ɑ s ʋ i b i o l o ɡ i ɑ	0
kasviekologi	k ɑ s ʋ i e k o l o ɡ i	0
kasviekologia	k ɑ s ʋ i e k o l o ɡ i ɑ	0
kasviestrogeeni	k ɑ s ʋ i e s t r o ɡ eː n i	0
kasvifossiili	k ɑ s ʋ i f o sː iː l i	0
kasvifysiologi	k ɑ s ʋ i f y s i o l o ɡ i	1
kasvifysiologia	k ɑ s ʋ i f y s i o l o ɡ i ɑ	0
kasviheimo	k ɑ s ʋ i h e i̯ m o	1
kasvihuoneilmiö	k ɑ s ʋ i h u o̯ n eˣ i l m i ø	14
kasvihuonekaasupäästö	k ɑ s ʋ i h u o̯ n eˣ k ɑː s u p æː s t ø	0
kasvihuonekurkku	k ɑ s ʋ i h u o̯ n eˣ k u r kː u	0
kasvihuonepäästö	k ɑ s ʋ i h u o̯ n eˣ p æː s t ø	0
kasvihuoneviljely	k ɑ s ʋ i h u o̯ n eˣ ʋ i l j e l y	2
kasvijäte	k ɑ s ʋ i j æ t eˣ	1
kasvijäänne	k ɑ s ʋ i j æː nː eˣ	0
kasvikartta	k ɑ s ʋ i k ɑ r tː ɑ	0
kasvikuitu	k ɑ s ʋ i k u i̯ t u	0
kasvikuivain	k ɑ s ʋ i k u i̯ ʋ ɑ i̯ n	0
kasvilajike	k ɑ s ʋ i l ɑ j i k eˣ	1
kasvilajisto	k ɑ s ʋ i l ɑ j i s t o	3
kasvilamppu	k ɑ s ʋ i l ɑ m pː u	1
kasviliima	k ɑ s ʋ i l iː m ɑ	0
kasvillisuus	k ɑ s ʋ i lː i s uː s	88
kasvillisuusalue	k ɑ s ʋ i lː i s uː s ɑ l u eˣ	1
kasvillisuusvyöhyke	k ɑ s ʋ i lː i s uː s ʋ y ø̯ h y k eˣ	0
kasvilääkintä	k ɑ s ʋ i l æː k i n t æ	0
kasvimaailma	k ɑ s ʋ i m ɑː i l m ɑ	4
kasvimargariini	k ɑ s ʋ i m ɑ r ɡ ɑ r iː n i	0
kasvimorfologia	k ɑ s ʋ i m o r f o l o ɡ i ɑ	0
kasvimuseo	k ɑ s ʋ i m u s e o	2
kasvineste	k ɑ s ʋ i n e s t eˣ	0
kasvinjalostus	k ɑ s ʋ i n j ɑ l o s t u s	6
kasvinjäte	k ɑ s ʋ i n j æ t eˣ	0
kasvinkumppani	k ɑ s ʋ i n k u m pː ɑ n i	0
kasvinosa	k ɑ s ʋ i n o s ɑ	0
kasvinravinne	k ɑ s ʋ i n r ɑ ʋ i nː eˣ	0
kasvinsuojelu	k ɑ s ʋ i n s u o̯ j e l u	6
kasvinsuojeluaine	k ɑ s ʋ i n s u o̯ j e l u ɑ i̯ n eˣ	0
kasvinsuojeluruisku	k ɑ s ʋ i n s u o̯ j e l u r u i̯ s k u	2
kasvinsyöjä	k ɑ s ʋ i n s y ø̯ j æ	2
kasvintarkastus	k ɑ s ʋ i n t ɑ r k ɑ s t u s	0
kasvintuotanto	k ɑ s ʋ i n t u o̯ t ɑ n t o	0
kasvinviljelijä	k ɑ s ʋ i n ʋ i l j e l i j æ	0
kasvinviljely	k ɑ s ʋ i n ʋ i l j e l y	4
kasvinvuorottelu	k ɑ s ʋ i n ʋ u o̯ r o tː e l u	0
kasvinvuorotus	k ɑ s ʋ i n ʋ u o̯ r o t u s	1
kasviornamentiikka	k ɑ s ʋ i o r n ɑ m e n t iː kː ɑ	1
kasviornamentti	k ɑ s ʋ i o r n ɑ m e n tː i	0
kasvipaleontologi	k ɑ s ʋ i p ɑ l e o n t o l o ɡ i	0
kasvipaleontologia	k ɑ s ʋ i p ɑ l e o n t o l o ɡ i ɑ	0
kasvipatologi	k ɑ s ʋ i p ɑ t o l o ɡ i	0
kasvipatologia	k ɑ s ʋ i p ɑ t o l o ɡ i ɑ	2
kasvipeite	k ɑ s ʋ i p e i̯ t eˣ	1
kasvipenkki	k ɑ s ʋ i p e ŋ kː i	0
kasvipigmentti	k ɑ s ʋ i p i ɡ m e n tː i	0
kasviplankton	k ɑ s ʋ i p l ɑ ŋ k t o n	3
kasvipuristin	k ɑ s ʋ i p u r i s t i n	0
kasvirasva	k ɑ s ʋ i r ɑ s ʋ ɑ	1
kasvirasvajäätelö	k ɑ s ʋ i r ɑ s ʋ ɑ j æː t e l ø	0
kasviravinne	k ɑ s ʋ i r ɑ ʋ i nː eˣ	1
kasviravinto	k ɑ s ʋ i r ɑ ʋ i n t o	0
kasvis	k ɑ s ʋ i s	4
kasviskeitto	k ɑ s ʋ i s k e i̯ tː o	0
kasvisolu	k ɑ s ʋ i s o l u	0
kasvispata	k ɑ s ʋ i s p ɑ t ɑ	0
kasvisrasva	k ɑ s ʋ i s r ɑ s ʋ ɑ	0
kasvisruoka	k ɑ s ʋ i s r u o̯ k ɑ	3
kasvissyöjä	k ɑ s ʋ i s s y ø̯ j æ	7
kasvistanoli	k ɑ s ʋ i s t ɑ n o l i	0
kasvisteroli	k ɑ s ʋ i s t e r o l i	0
kasvisyönti	k ɑ s ʋ i s y ø̯ n t i	0
kasvitarha	k ɑ s ʋ i t ɑ r h ɑ	2
kasvitarhanhoitaja	k ɑ s ʋ i t ɑ r h ɑ n h o i̯ t ɑ j ɑ	0
kasvitautioppi	k ɑ s ʋ i t ɑ u̯ t i o pː i	0
kasvituholainen	k ɑ s ʋ i t u h o l ɑ i̯ n e n	0
kasvituote	k ɑ s ʋ i t u o̯ t eˣ	0
kasvityyppi	k ɑ s ʋ i t yː pː i	0
kasviuute	k ɑ s ʋ i uː t eˣ	0
kasvivalaisin	k ɑ s ʋ i ʋ ɑ l ɑ i̯ s i n	0
kasvivalkuainen	k ɑ s ʋ i ʋ ɑ l k u ɑ i̯ n e n	0
kasvivuorottelu	k ɑ s ʋ i ʋ u o̯ r o tː e l u	0
kasviväri	k ɑ s ʋ i ʋ æ r i	0
kasvivärjäys	k ɑ s ʋ i ʋ æ r j æ y s	1
kasviyhdyskunta	k ɑ s ʋ i y h d y s k u n t ɑ	0
kasviöljy	k ɑ s ʋ i ø l j y	3
kasvohoito	k ɑ s ʋ o h o i̯ t o	1
kasvojentunnistus	k ɑ s ʋ o j e n t u nː i s t u s	0
kasvokuva	k ɑ s ʋ o k u ʋ ɑ	2
kasvolihas	k ɑ s ʋ o l i h ɑ s	0
kasvollinen	k ɑ s ʋ o lː i n e n	0
kasvomeikki	k ɑ s ʋ o m e i̯ kː i	0
kasvomuisti	k ɑ s ʋ o m u i̯ s t i	1
kasvonaamio	k ɑ s ʋ o n ɑː m i o	1
kasvontunnistus	k ɑ s ʋ o n t u nː i s t u s	0
kasvopyyhe	k ɑ s ʋ o p yː h eˣ	0
kasvot	k ɑ s ʋ o t	169
kasvotuksin	k ɑ s ʋ o t u k s i n	0
kasvovesi	k ɑ s ʋ o ʋ e s i	1
kasvuala	k ɑ s ʋ u ɑ l ɑ	1
kasvualusta	k ɑ s ʋ u ɑ l u s t ɑ	32
kasvukausi	k ɑ s ʋ u k ɑ u̯ s i	18
kasvulehti	k ɑ s ʋ u l e h t i	0
kasvunrajoitegeeni	k ɑ s ʋ u n r ɑ j o i̯ t eˣ ɡ eː n i	0
kasvuosake	k ɑ s ʋ u o s ɑ k eˣ	0
kasvupaikkatekijä	k ɑ s ʋ u p ɑ i̯ kː ɑ t e k i j æ	0
kasvupiste	k ɑ s ʋ u p i s t eˣ	1
kasvusolukko	k ɑ s ʋ u s o l u kː o	0
kasvustrategia	k ɑ s ʋ u s t r ɑ t e ɡ i ɑ	0
kasvuturve	k ɑ s ʋ u t u r ʋ eˣ	2
kasvuvoima	k ɑ s ʋ u ʋ o i̯ m ɑ	0
kasvuympäristö	k ɑ s ʋ u y m p æ r i s t ø	14
kata	k ɑ t ɑ	54
kataja	k ɑ t ɑ j ɑ	41
katajanmarja	k ɑ t ɑ j ɑ n m ɑ r j ɑ	0
katalaasi	k ɑ t ɑ l ɑː s i	0
katalasti	k ɑ t ɑ l ɑ s t iˣ	0
katalysaattoriauto	k ɑ t ɑ l y s ɑː tː o r i ɑ u t o	1
katalysoida	k ɑ t ɑ l y s o i̯ d ɑˣ	0
katalyysi	k ɑ t ɑ l yː s i	0
katapultti	k ɑ t ɑ p u l tː i	2
katara	k ɑ t ɑ r ɑ	3
katariina	k ɑ t ɑ r iː n ɑ	62
katastrofi	k ɑ t ɑ s t r o f i	24
kateaine	k ɑ t eˣ ɑ i̯ n eˣ	2
katealunen	k ɑ t eˣ ɑ l u n e n	0
katedraalikoulu	k ɑ t e d r ɑː l i k o u̯ l u	1
kategoriateoria	k ɑ t e ɡ o r i ɑ t e o r i ɑ	0
katehuopa	k ɑ t eˣ h u o̯ p ɑ	0
kateisiin	k ɑ t e i̯ s iː n	1
kateissaan	k ɑ t e i̯ sː ɑː n	0
katekeetta	k ɑ t e k eː tː ɑ	4
katelautanen	k ɑ t eˣ l ɑ u̯ t ɑ n e n	0
kateleipä	k ɑ t eˣ l e i̯ p æ	0
kateliina	k ɑ t eˣ l iː n ɑ	0
katemuovi	k ɑ t eˣ m u o̯ ʋ i	0
katenointi	k ɑ t e n o i̯ n t i	0
katepelti	k ɑ t eˣ p e l t i	0
katepisto	k ɑ t eˣ p i s t o	0
katepäre	k ɑ t eˣ p æ r eˣ	0
katesauma	k ɑ t eˣ s ɑ u̯ m ɑ	0
katetiili	k ɑ t eˣ t iː l i	0
katetuotto	k ɑ t eˣ t u o̯ tː o	1
katevaade	k ɑ t eˣ ʋ ɑː d eˣ	0
katevaatimus	k ɑ t eˣ ʋ ɑː t i m u s	0
kateviljely	k ɑ t eˣ ʋ i l j e l y	0
katharévousa	k ɑ t ɑ r e ʋ u s ɑ	0
kati	k ɑ t i	159
katiska	k ɑ t i s k ɑ	4
katja	k ɑ t j ɑ	142
katkaisija	k ɑ t k ɑ i̯ s i j ɑ	9
katkaisu	k ɑ t k ɑ i̯ s u	22
katkaisuasema	k ɑ t k ɑ i̯ s u ɑ s e m ɑ	0
katkaisulaikka	k ɑ t k ɑ i̯ s u l ɑ i̯ kː ɑ	0
katkaisumerkki	k ɑ t k ɑ i̯ s u m e r kː i	0
katkaisupihdit	k ɑ t k ɑ i̯ s u p i h d i t	0
katkaisutaltta	k ɑ t k ɑ i̯ s u t ɑ l tː ɑ	0
katkaisuterä	k ɑ t k ɑ i̯ s u t e r æ	0
katkero	k ɑ t k e r o	1
katketa	k ɑ t k e t ɑˣ	8
katki	k ɑ t k i	0
katkoa	k ɑ t k o ɑˣ	10
katkoinen	k ɑ t k o i̯ n e n	0
katkonaisesti	k ɑ t k o n ɑ i̯ s e s t iˣ	0
katkoviiva	k ɑ t k o ʋ iː ʋ ɑ	2
katku	k ɑ t k u	1
kato	k ɑ t o	55
kato	k ɑ t oˣ	55
katoalue	k ɑ t o ɑ l u eˣ	0
katoaminen	k ɑ t o ɑ m i n e n	32
katoavainen	k ɑ t o ɑ ʋ ɑ i̯ n e n	1
katodiputki	k ɑ t o d i p u t k i	0
katodisäde	k ɑ t o d i s æ d eˣ	0
katodisädeputki	k ɑ t o d i s æ d eˣ p u t k i	0
katokorvaus	k ɑ t o k o r ʋ ɑ u s	0
katollinen	k ɑ t o lː i n e n	0
katovahinko	k ɑ t o ʋ ɑ h i ŋ k o	0
katovuosi	k ɑ t o ʋ u o̯ s i	1
katri	k ɑ t r i	129
katriina	k ɑ t r iː n ɑ	40
katrilli	k ɑ t r i lː i	7
katsantotapa	k ɑ t s ɑ n t o t ɑ p ɑ	0
katsastusinsinööri	k ɑ t s ɑ s t u s i n s i n øː r i	0
katsaus	k ɑ t s ɑ u s	171
katsausartikkeli	k ɑ t s ɑ u s ɑ r t i kː e l i	0
katse	k ɑ t s eˣ	93
katseenvangitsija	k ɑ t s eː n ʋ ɑ ŋː i t s i j ɑ	2
katsella	k ɑ t s e lː ɑˣ	221
katsellen	k ɑ t s e lː e n	23
katselukerta	k ɑ t s e l u k e r t ɑ	0
katsoa	k ɑ t s o ɑˣ	659
katsoja	k ɑ t s o j ɑ	65
katsojaiset	k ɑ t s o j ɑ i̯ s e t	0
katsomuksellinen	k ɑ t s o m u k s e lː i n e n	2
katsomustapa	k ɑ t s o m u s t ɑ p ɑ	1
kattaa	k ɑ tː ɑːˣ	821
kattavuus	k ɑ tː ɑ ʋ uː s	47
katti	k ɑ tː i	8
kattila	k ɑ tː i l ɑ	21
kattilakivi	k ɑ tː i l ɑ k i ʋ i	0
kattofunktio	k ɑ tː o f u ŋ k t i o	0
kattokruunu	k ɑ tː o k r uː n u	5
kattomaalaus	k ɑ tː o m ɑː l ɑ u s	0
kattonopeus	k ɑ tː o n o p e u s	2
kattoon	k ɑ tː oː n	94
kattopalkki	k ɑ tː o p ɑ l kː i	0
kattoterassi	k ɑ tː o t e r ɑ sː i	1
kattovalaisin	k ɑ tː o ʋ ɑ l ɑ i̯ s i n	2
katu	k ɑ t u	97
katua	k ɑ t u ɑ	65
katua	k ɑ t u ɑˣ	65
katualue	k ɑ t u ɑ l u eˣ	15
katuelämä	k ɑ t u e l æ m æ	1
katukaluste	k ɑ t u k ɑ l u s t eˣ	0
katukiveys	k ɑ t u k i ʋ e y s	0
katukuva	k ɑ t u k u ʋ ɑ	7
katulamppu	k ɑ t u l ɑ m pː u	0
katulyhty	k ɑ t u l y h t y	0
katulähetystyö	k ɑ t u l æ h e t y s t y ø̯	0
katumaasturi	k ɑ t u m ɑː s t u r i	0
katuminen	k ɑ t u m i n e n	0
katuovi	k ɑ t u o ʋ i	0
katupeili	k ɑ t u p e i̯ l i	0
katurata	k ɑ t u r ɑ t ɑ	0
katutanssi	k ɑ t u t ɑ n sː i	0
katuteatteri	k ɑ t u t e ɑ tː e r i	1
katutyö	k ɑ t u t y ø̯	1
katutyömaa	k ɑ t u t y ø̯ m ɑː	0
katuviisas	k ɑ t u ʋ iː s ɑ s	0
katvealue	k ɑ t ʋ eˣ ɑ l u eˣ	0
katvetie	k ɑ t ʋ eˣ t i e̯	0
kauan	k ɑ u̯ ɑ n	1029
kauemma	k ɑ u̯ e mː ɑ	0
kauempi	k ɑ u̯ e m p i	0
kauha	k ɑ u̯ h ɑ	3
kauhajokelainen	k ɑ u̯ h ɑ j o k e l ɑ i̯ n e n	3
kauhajoki	k ɑ u̯ h ɑ j o k i	14
kauhajokinen	k ɑ u̯ h ɑ j o k i n e n	2
kauhava	k ɑ u̯ h ɑ ʋ ɑ	48
kauhavalainen	k ɑ u̯ h ɑ ʋ ɑ l ɑ i̯ n e n	3
kauhea	k ɑ u̯ h e ɑ	31
kauheasti	k ɑ u̯ h e ɑ s t iˣ	27
kauhistuminen	k ɑ u̯ h i s t u m i n e n	0
kauhoa	k ɑ u̯ h o ɑˣ	0
kauhu	k ɑ u̯ h u	23
kauhuissaan	k ɑ u̯ h u i̯ sː ɑː n	14
kauhukuvaus	k ɑ u̯ h u k u ʋ ɑ u s	0
kauhupeli	k ɑ u̯ h u p e l i	1
kauimma	k ɑ u̯ i̯ mː ɑ	0
kauin	k ɑ u̯ i̯ n	0
kauintaan	k ɑ u̯ i̯ n t ɑː n	1
kauiten	k ɑ u̯ i̯ t e n	0
kaukainen	k ɑ u̯ k ɑ i̯ n e n	28
kaukalo	k ɑ u̯ k ɑ l o	13
kauko	k ɑ u̯ k o	172
kaukokirjoitin	k ɑ u̯ k o k i r j o i̯ t i n	0
kaukolaina	k ɑ u̯ k o l ɑ i̯ n ɑ	2
kaukolasit	k ɑ u̯ k o l ɑ s i t	1
kaukolento	k ɑ u̯ k o l e n t o	0
kaukoliikenne	k ɑ u̯ k o l iː k e nː eˣ	4
kaukolämmitys	k ɑ u̯ k o l æ mː i t y s	3
kaukolämpö	k ɑ u̯ k o l æ m p ø	34
kaukolämpöverkko	k ɑ u̯ k o l æ m p ø ʋ e r kː o	4
kaukonäköisyys	k ɑ u̯ k o n æ k ø i̯ s yː s	2
kaukopuhelu	k ɑ u̯ k o p u h e l u	0
kaukoputki	k ɑ u̯ k o p u t k i	28
kaukosäädin	k ɑ u̯ k o s æː d i n	7
kaukoviestintä	k ɑ u̯ k o ʋ i e̯ s t i n t æ	0
kaula	k ɑ u̯ l ɑ	29
kaulailla	k ɑ u̯ l ɑ i̯ lː ɑˣ	0
kaulakkain	k ɑ u̯ l ɑ kː ɑ i̯ n	2
kaulakylkiluu	k ɑ u̯ l ɑ k y l k i l uː	0
kaularauta	k ɑ u̯ l ɑ r ɑ u̯ t ɑ	0
kaularengas	k ɑ u̯ l ɑ r e ŋː ɑ s	0
kaulata	k ɑ u̯ l ɑ t ɑˣ	0
kaulatuksin	k ɑ u̯ l ɑ t u k s i n	0
kaulatusten	k ɑ u̯ l ɑ t u s t e n	0
kaulauslauta	k ɑ u̯ l ɑ u s l ɑ u̯ t ɑ	1
kaulaustukki	k ɑ u̯ l ɑ u s t u kː i	0
kaulin	k ɑ u̯ l i n	2
kaulussaapas	k ɑ u̯ l u s s ɑː p ɑ s	0
kauna	k ɑ u̯ n ɑ	2
kaunainen	k ɑ u̯ n ɑ i̯ n e n	0
kauneudenhoitoaine	k ɑ u̯ n e u d e n h o i̯ t o ɑ i̯ n eˣ	0
kauneudenhoitoväline	k ɑ u̯ n e u d e n h o i̯ t o ʋ æ l i n eˣ	0
kauneus	k ɑ u̯ n e u s	81
kauneusarvo	k ɑ u̯ n e u s ɑ r ʋ o	1
kauniainen	k ɑ u̯ n i ɑ i̯ n e n	25
kauniaislainen	k ɑ u̯ n i ɑ i̯ s l ɑ i̯ n e n	0
kauniisti	k ɑ u̯ n iː s t iˣ	137
kaunis	k ɑ u̯ n i s	538
kaunistaminen	k ɑ u̯ n i s t ɑ m i n e n	1
kauno	k ɑ u̯ n o	7
kaunokki	k ɑ u̯ n o kː i	0
kaunoluistelu	k ɑ u̯ n o l u i̯ s t e l u	0
kaunoluistin	k ɑ u̯ n o l u i̯ s t i n	0
kaunopuheisesti	k ɑ u̯ n o p u h e i̯ s e s t iˣ	3
kaunosielu	k ɑ u̯ n o s i e̯ l u	0
kaunotar	k ɑ u̯ n o t ɑ r	16
kaupaksi	k ɑ u̯ p ɑ k s i	70
kaupallisesti	k ɑ u̯ p ɑ lː i s e s t iˣ	39
kaupallisuus	k ɑ u̯ p ɑ lː i s uː s	7
kaupantekiäiset	k ɑ u̯ p ɑ n t e k i æ i̯ s e t	0
kaupintavarasto	k ɑ u̯ p i n t ɑ ʋ ɑ r ɑ s t o	0
kaupitella	k ɑ u̯ p i t e lː ɑˣ	1
kauppa	k ɑ u̯ pː ɑ	499
kauppaedustaja	k ɑ u̯ pː ɑ e d u s t ɑ j ɑ	5
kauppakasvi	k ɑ u̯ pː ɑ k ɑ s ʋ i	0
kauppakiista	k ɑ u̯ pː ɑ k iː s t ɑ	0
kauppakirja	k ɑ u̯ pː ɑ k i r j ɑ	65
kauppakorkeakoulu	k ɑ u̯ pː ɑ k o r k e ɑ k o u̯ l u	27
kauppalaiva	k ɑ u̯ pː ɑ l ɑ i̯ ʋ ɑ	2
kauppalaivalippu	k ɑ u̯ pː ɑ l ɑ i̯ ʋ ɑ l i pː u	0
kauppalasku	k ɑ u̯ pː ɑ l ɑ s k u	0
kauppamerenkulku	k ɑ u̯ pː ɑ m e r e n k u l k u	1
kauppaneuvos	k ɑ u̯ pː ɑ n e u̯ ʋ o s	25
kauppanimi	k ɑ u̯ pː ɑ n i m i	10
kauppanimitys	k ɑ u̯ pː ɑ n i m i t y s	0
kauppapaikka	k ɑ u̯ pː ɑ p ɑ i̯ kː ɑ	27
kaupparekisterinumero	k ɑ u̯ pː ɑ r e k i s t e r i n u m e r o	9
kauppasalaisuus	k ɑ u̯ pː ɑ s ɑ l ɑ i̯ s uː s	0
kauppasatama	k ɑ u̯ pː ɑ s ɑ t ɑ m ɑ	0
kauppatapa	k ɑ u̯ pː ɑ t ɑ p ɑ	1
kauppatie	k ɑ u̯ pː ɑ t i e̯	5
kauppatiede	k ɑ u̯ pː ɑ t i e̯ d eˣ	1
kauppatuttava	k ɑ u̯ pː ɑ t u tː ɑ ʋ ɑ	0
kauppavene	k ɑ u̯ pː ɑ ʋ e n eˣ	0
kauppi	k ɑ u̯ pː i	44
kauppila	k ɑ u̯ pː i l ɑ	37
kauppinen	k ɑ u̯ pː i n e n	99
kaupungeittain	k ɑ u̯ p u ŋː e i̯ tː ɑ i̯ n	4
kaupungininsinööri	k ɑ u̯ p u ŋː i n i n s i n øː r i	26
kaupunginmuseo	k ɑ u̯ p u ŋː i n m u s e o	38
kaupunginsairaala	k ɑ u̯ p u ŋː i n s ɑ i̯ r ɑː l ɑ	3
kaupunki	k ɑ u̯ p u ŋ k i	2098
kaupunkialue	k ɑ u̯ p u ŋ k i ɑ l u eˣ	3
kaupunkiarkeologia	k ɑ u̯ p u ŋ k i ɑ r k e o l o ɡ i ɑ	0
kaupunkiauto	k ɑ u̯ p u ŋ k i ɑ u t o	1
kaupunkihistoria	k ɑ u̯ p u ŋ k i h i s t o r i ɑ	0
kaupunkijuna	k ɑ u̯ p u ŋ k i j u n ɑ	1
kaupunkikansatiede	k ɑ u̯ p u ŋ k i k ɑ n s ɑ t i e̯ d eˣ	0
kaupunkikulttuuri	k ɑ u̯ p u ŋ k i k u l tː uː r i	3
kaupunkilaisesti	k ɑ u̯ p u ŋ k i l ɑ i̯ s e s t iˣ	0
kaupunkilaisittain	k ɑ u̯ p u ŋ k i l ɑ i̯ s i tː ɑ i̯ n	0
kaupunkilinnoitus	k ɑ u̯ p u ŋ k i l i nː o i̯ t u s	0
kaupunkimetro	k ɑ u̯ p u ŋ k i m e t r o	0
kaupunkineuvos	k ɑ u̯ p u ŋ k i n e u̯ ʋ o s	1
kaupunkipolitiikka	k ɑ u̯ p u ŋ k i p o l i t iː kː ɑ	5
kaupunkirakennus	k ɑ u̯ p u ŋ k i r ɑ k e nː u s	0
kaupunkisosiologi	k ɑ u̯ p u ŋ k i s o s i o l o ɡ i	0
kaupunkisosiologia	k ɑ u̯ p u ŋ k i s o s i o l o ɡ i ɑ	0
kaupunkitutkimus	k ɑ u̯ p u ŋ k i t u t k i m u s	1
kaupunkiverkko	k ɑ u̯ p u ŋ k i ʋ e r kː o	2
kaupunkiympäristö	k ɑ u̯ p u ŋ k i y m p æ r i s t ø	3
kaupustella	k ɑ u̯ p u s t e lː ɑˣ	0
kaura	k ɑ u̯ r ɑ	24
kaurainen	k ɑ u̯ r ɑ i̯ n e n	0
kaurajauho	k ɑ u̯ r ɑ j ɑ u̯ h o	0
kaurakeksi	k ɑ u̯ r ɑ k e k s i	0
kaurakiisseli	k ɑ u̯ r ɑ k iː sː e l i	0
kaurakko	k ɑ u̯ r ɑ kː o	0
kauralese	k ɑ u̯ r ɑ l e s eˣ	0
kaurapelto	k ɑ u̯ r ɑ p e l t o	0
kauris	k ɑ u̯ r i s	11
kausi	k ɑ u̯ s i	246
kausialennus	k ɑ u̯ s i ɑ l e nː u s	0
kausialennusmyynti	k ɑ u̯ s i ɑ l e nː u s m yː n t i	0
kausiapulainen	k ɑ u̯ s i ɑ p u l ɑ i̯ n e n	0
kausiasuinpaikka	k ɑ u̯ s i ɑ s u i̯ n p ɑ i̯ kː ɑ	0
kausikortti	k ɑ u̯ s i k o r tː i	14
kausimyyjä	k ɑ u̯ s i m yː j æ	0
kausiolut	k ɑ u̯ s i o l u t	0
kausiravintola	k ɑ u̯ s i r ɑ ʋ i n t o l ɑ	0
kausittain	k ɑ u̯ s i tː ɑ i̯ n	9
kausittainen	k ɑ u̯ s i tː ɑ i̯ n e n	2
kausityöttömyys	k ɑ u̯ s i t y ø̯ tː ø m yː s	0
kaustinen	k ɑ u̯ s t i n e n	11
kaustislainen	k ɑ u̯ s t i s l ɑ i̯ n e n	0
kauttaaltaan	k ɑ u̯ tː ɑː l t ɑː n	89
kauttakulkuasema	k ɑ u̯ tː ɑ k u l k u ɑ s e m ɑ	0
kauttakulkutavara	k ɑ u̯ tː ɑ k u l k u t ɑ ʋ ɑ r ɑ	0
kauttakulkutie	k ɑ u̯ tː ɑ k u l k u t i e̯	0
kauttakulkuviisumi	k ɑ u̯ tː ɑ k u l k u ʋ iː s u m i	1
kava	k ɑ ʋ ɑ	10
kavala	k ɑ ʋ ɑ l ɑ	11
kavallus	k ɑ ʋ ɑ lː u s	2
kavaltaa	k ɑ ʋ ɑ l t ɑːˣ	0
kavennusmaali	k ɑ ʋ e nː u s m ɑː l i	6
kaveri	k ɑ ʋ e r i	138
kaverillinen	k ɑ ʋ e r i lː i n e n	1
kavio	k ɑ ʋ i o	0
kaviteetti	k ɑ ʋ i t eː tː i	0
kavokki	k ɑ ʋ o kː i	0
kea	k e ɑ	1
kebab	k e b ɑ b	2
kebakko	k e b ɑ kː o	0
keeppi	k eː pː i	0
kefalosporiini	k e f ɑ l o s p o r iː n i	0
kefeus	k e f e u s	1
kefiiri	k e f iː r i	0
kehen	k e h e n	13
kehilö	k e h i l ø	0
kehite	k e h i t eˣ	3
kehitteille	k e h i tː e i̯ lː eˣ	0
kehitteillä	k e h i tː e i̯ lː æ	71
kehittämisalue	k e h i tː æ m i s ɑ l u eˣ	1
kehittämisstrategia	k e h i tː æ m i s s t r ɑ t e ɡ i ɑ	7
kehittää	k e h i tː æːˣ	2163
kehitys	k e h i t y s	1338
kehitysalue	k e h i t y s ɑ l u eˣ	0
kehitysaste	k e h i t y s ɑ s t eˣ	2
kehitysbiologi	k e h i t y s b i o l o ɡ i	0
kehitysetu	k e h i t y s e t u	0
kehityshistoria	k e h i t y s h i s t o r i ɑ	7
kehityshäiriö	k e h i t y s h æ i̯ r i ø	10
kehityskausi	k e h i t y s k ɑ u̯ s i	1
kehityskulku	k e h i t y s k u l k u	6
kehitysoppi	k e h i t y s o pː i	0
kehityspoliittinen	k e h i t y s p o l iː tː i n e n	2
kehityspsykologi	k e h i t y s p s y k o l o ɡ i	0
kehitystavoite	k e h i t y s t ɑ ʋ o i̯ t eˣ	1
kehitysvika	k e h i t y s ʋ i k ɑ	0
kehkeytyä	k e h k e y t y æˣ	6
kehlo	k e h l o	0
kehno	k e h n o	14
kehnä	k e h n æ	0
keho	k e h o	73
kehollinen	k e h o lː i n e n	8
kehote	k e h o t eˣ	3
kehotella	k e h o t e lː ɑˣ	0
kehruukone	k e h r uː k o n eˣ	0
kehruukset	k e h r uː k s e t	0
kehrä	k e h r æ	15
kehräluu	k e h r æ l uː	0
kehräpuu	k e h r æ p uː	0
kehräsluu	k e h r æ s l uː	0
kehrätä	k e h r æ t æˣ	0
kehrääjä	k e h r æː j æ	8
kehrääminen	k e h r æː m i n e n	1
kehräämö	k e h r æː m ø	0
kehto	k e h t o	16
kehtopainate	k e h t o p ɑ i̯ n ɑ t eˣ	0
kehua	k e h u ɑˣ	35
kehuskella	k e h u s k e lː ɑˣ	2
kehuttavasti	k e h u tː ɑ ʋ ɑ s t iˣ	0
kehys	k e h y s	36
kehyslista	k e h y s l i s t ɑ	0
kehysmuoto	k e h y s m u o̯ t o	0
kehystämö	k e h y s t æ m ø	0
kehystää	k e h y s t æːˣ	7
kehä	k e h æ	214
kehäaura	k e h æ ɑ u r ɑ	0
kehäkukka	k e h æ k u kː ɑ	1
kehäkulma	k e h æ k u l m ɑ	0
kehäkulmalause	k e h æ k u l m ɑ l ɑ u̯ s eˣ	0
kehälehti	k e h æ l e h t i	0
kehäpiste	k e h æ p i s t eˣ	0
kehäpäätelmä	k e h æ p æː t e l m æ	1
kehäriutta	k e h æ r i u̯ tː ɑ	0
kehätuomari	k e h æ t u o̯ m ɑ r i	0
kehäviittaus	k e h æ ʋ iː tː ɑ u s	0
keidas	k e i̯ d ɑ s	12
keidassuo	k e i̯ d ɑ s s u o̯	3
keiden	k e i̯ d e n	24
keihin	k e i̯ h i n	4
keihäs	k e i̯ h æ s	25
keihäsantilooppi	k e i̯ h æ s ɑ n t i l oː pː i	0
keihäänheitto	k e i̯ h æː n h e i̯ tː o	3
keihäänkärki	k e i̯ h æː n k æ r k i	3
keija	k e i̯ j ɑ	0
keijo	k e i̯ j o	175
keiju	k e i̯ j u	7
keijua	k e i̯ j u ɑˣ	1
keijusalama	k e i̯ j u s ɑ l ɑ m ɑ	0
keijusto	k e i̯ j u s t o	0
keikailla	k e i̯ k ɑ i̯ lː ɑˣ	0
keikistellä	k e i̯ k i s t e lː æˣ	0
keikka	k e i̯ kː ɑ	63
keilaaminen	k e i̯ l ɑː m i n e n	2
keilailla	k e i̯ l ɑ i̯ lː ɑˣ	0
keilain	k e i̯ l ɑ i̯ n	1
keilapallo	k e i̯ l ɑ p ɑ lː o	2
keilarata	k e i̯ l ɑ r ɑ t ɑ	3
keili	k e i̯ l i	0
keinahdella	k e i̯ n ɑ h d e lː ɑˣ	0
keino	k e i̯ n o	386
keinohedelmöitys	k e i̯ n o h e d e l m ø i̯ t y s	2
keinopää	k e i̯ n o p æː	0
keinotekoinen	k e i̯ n o t e k o i̯ n e n	39
keinoäly	k e i̯ n o æ l y	0
keinu	k e i̯ n u	8
keinua	k e i̯ n u ɑˣ	4
keinuhevonen	k e i̯ n u h e ʋ o n e n	0
keinuminen	k e i̯ n u m i n e n	1
keinutella	k e i̯ n u t e lː ɑˣ	0
keinutuolinmatto	k e i̯ n u t u o̯ l i n m ɑ tː o	0
keisari	k e i̯ s ɑ r i	81
keisarifregattilintu	k e i̯ s ɑ r i f r e ɡ ɑ tː i l i n t u	0
keisarikausi	k e i̯ s ɑ r i k ɑ u̯ s i	0
keisarileikkaus	k e i̯ s ɑ r i l e i̯ kː ɑ u s	0
keisarilokki	k e i̯ s ɑ r i l o kː i	0
keisarinviitta	k e i̯ s ɑ r i n ʋ iː tː ɑ	0
keisaritamariini	k e i̯ s ɑ r i t ɑ m ɑ r iː n i	0
keisarius	k e i̯ s ɑ r i u s	0
keissi	k e i̯ sː i	0
keite	k e i̯ t eˣ	2
keitele	k e i̯ t e l eˣ	4
keiteleläinen	k e i̯ t e l e l æ i̯ n e n	0
keitellä	k e i̯ t e lː æˣ	3
keitin	k e i̯ t i n	9
keitinpiirakka	k e i̯ t i n p iː r ɑ kː ɑ	0
keitinpiiras	k e i̯ t i n p iː r ɑ s	1
keitinrasva	k e i̯ t i n r ɑ s ʋ ɑ	0
keitinselkä	k e i̯ t i n s e l k æ	0
keitinvesi	k e i̯ t i n ʋ e s i	5
keitten	k e i̯ tː e n	0
keittiöjakkara	k e i̯ tː i ø j ɑ kː ɑ r ɑ	0
keittiökaluste	k e i̯ tː i ø k ɑ l u s t eˣ	0
keittiönpöytä	k e i̯ tː i ø n p ø y̯ t æ	1
keittiösakset	k e i̯ tː i ø s ɑ k s e t	0
keittiötaso	k e i̯ tː i ø t ɑ s o	0
keittiötuoli	k e i̯ tː i ø t u o̯ l i	0
keittiövaaka	k e i̯ tː i ø ʋ ɑː k ɑ	0
keitto	k e i̯ tː o	28
keittoalue	k e i̯ tː o ɑ l u eˣ	0
keittokatos	k e i̯ tː o k ɑ t o s	6
keittokinkku	k e i̯ tː o k i ŋ kː u	2
keittokirja	k e i̯ tː o k i r j ɑ	11
keittokomero	k e i̯ tː o k o m e r o	6
keittokota	k e i̯ tː o k o t ɑ	2
keittolevy	k e i̯ tː o l e ʋ y	3
keittomaali	k e i̯ tː o m ɑː l i	3
keittomakkara	k e i̯ tː o m ɑ kː ɑ r ɑ	0
keittonurkkaus	k e i̯ tː o n u r kː ɑ u s	6
keittosuklaa	k e i̯ tː o s u k l ɑː	0
keittosuolaliuos	k e i̯ tː o s u o̯ l ɑ l i u̯ o s	0
keittosyvennys	k e i̯ tː o s y ʋ e nː y s	3
keittotaso	k e i̯ tː o t ɑ s o	1
keittoteline	k e i̯ tː o t e l i n eˣ	0
keittotila	k e i̯ tː o t i l ɑ	0
keittäjä	k e i̯ tː æ j æ	28
keittää	k e i̯ tː æːˣ	34
keitä	k e i̯ t æ	146
kekkerit	k e kː e r i t	1
kekkonen	k e kː o n e n	80
kekkoslovakia	k e kː o s l o ʋ ɑ k i ɑ	0
keko	k e k o	7
kekomuisti	k e k o m u i̯ s t i	0
kekomuurahainen	k e k o m uː r ɑ h ɑ i̯ n e n	1
kekri	k e k r i	4
kekseliäästi	k e k s e l i æː s t iˣ	6
keksi	k e k s i	109
keksijä	k e k s i j æ	29
keksilaatikko	k e k s i l ɑː t i kː o	0
keksinmuru	k e k s i n m u r u	0
keksinpala	k e k s i n p ɑ l ɑ	0
keksintö	k e k s i n t ø	93
keksintöilmoitus	k e k s i n t ø i l m o i̯ t u s	1
keksinvarsi	k e k s i n ʋ ɑ r s i	0
keksipakkaus	k e k s i p ɑ kː ɑ u s	0
keksirasia	k e k s i r ɑ s i ɑ	0
keksitehdas	k e k s i t e h d ɑ s	0
keksivoi	k e k s i ʋ o i̯	0
kekäläinen	k e k æ l æ i̯ n e n	18
kelakeinu	k e l ɑ k e i̯ n u	0
kelata	k e l ɑ t ɑˣ	13
kelaus	k e l ɑ u s	1
keliolosuhteet	k e l i o l o s u h t eː t	6
keliolot	k e l i o l o t	1
kelirikkoalus	k e l i r i kː o ɑ l u s	0
keljuilla	k e l j u i̯ lː ɑˣ	0
keljusti	k e l j u s t iˣ	1
kelkka	k e l kː ɑ	19
kelkkajääkiekko	k e l kː ɑ j æː k i e̯ kː o	0
kelkkatie	k e l kː ɑ t i e̯	0
kellahdella	k e lː ɑ h d e lː ɑˣ	1
kellarikuoppa	k e lː ɑ r i k u o̯ pː ɑ	0
kellastuttaa	k e lː ɑ s t u tː ɑːˣ	0
kellelleen	k e lː e lː eː n	0
kellellään	k e lː e lː æː n	0
kellertää	k e lː e r t æːˣ	1
kello	k e lː o	1275
kellojakso	k e lː o j ɑ k s o	0
kellokaappi	k e lː o k ɑː pː i	0
kellokalle	k e lː o k ɑ lː e	0
kellokeskiviikko	k e lː o k e s k i ʋ iː kː o	0
kellokoneisto	k e lː o k o n e i̯ s t o	1
kellokytkin	k e lː o k y t k i n	2
kellokäyrä	k e lː o k æ y̯ r æ	1
kellolaite	k e lː o l ɑ i̯ t eˣ	0
kellolasi	k e lː o l ɑ s i	0
kellonavain	k e lː o n ɑ ʋ ɑ i̯ n	0
kellonosa	k e lː o n o s ɑ	0
kellonvitjat	k e lː o n ʋ i t j ɑ t	1
kellopronssi	k e lː o p r o n sː i	0
kelloradio	k e lː o r ɑ d i o	1
kellotaulu	k e lː o t ɑ u̯ l u	1
kelloteline	k e lː o t e l i n eˣ	0
kelluminen	k e lː u m i n e n	1
kelluntatakki	k e lː u n t ɑ t ɑ kː i	0
kelo	k e l o	4
kelohirsi	k e l o h i r s i	1
kelohonka	k e l o h o ŋ k ɑ	6
kelomainen	k e l o m ɑ i̯ n e n	0
kelopuu	k e l o p uː	0
kelopääsky	k e l o p æː s k y	0
kelpoistaa	k e l p o i̯ s t ɑːˣ	0
kelpoisuus	k e l p o i̯ s uː s	43
kelpoisuusluokka	k e l p o i̯ s uː s l u o̯ kː ɑ	0
kelta	k e l t ɑ	1
keltainen	k e l t ɑ i̯ n e n	194
keltajalkalokki	k e l t ɑ j ɑ l k ɑ l o kː i	0
keltajuuri	k e l t ɑ j uː r i	0
keltakulta	k e l t ɑ k u l t ɑ	0
keltamultamaali	k e l t ɑ m u l t ɑ m ɑː l i	0
keltanarsissi	k e l t ɑ n ɑ r s i sː i	0
keltarauhanen	k e l t ɑ r ɑ u̯ h ɑ n e n	0
keltarauhashormoni	k e l t ɑ r ɑ u̯ h ɑ s h o r m o n i	2
keltasara	k e l t ɑ s ɑ r ɑ	0
keltasipuli	k e l t ɑ s i p u l i	0
keltiäinen	k e l t i æ i̯ n e n	0
keltto	k e l tː o	3
kelvata	k e l ʋ ɑ t ɑˣ	18
kelvinasteikko	k e l ʋ i n ɑ s t e i̯ kː o	1
kelvollisesti	k e l ʋ o lː i s e s t iˣ	7
kelvottomasti	k e l ʋ o tː o m ɑ s t iˣ	3
kemi	k e m i	50
kemia	k e m i ɑ	94
kemigrafi	k e m i ɡ r ɑ f i	0
kemijärveläinen	k e m i j æ r ʋ e l æ i̯ n e n	0
kemijärvi	k e m i j æ r ʋ i	10
kemikalio	k e m i k ɑ l i o	1
kemiluminesenssi	k e m i l u m i n e s e n sː i	0
kemiläinen	k e m i l æ i̯ n e n	11
keminmaa	k e m i n m ɑː	10
keminmaalainen	k e m i n m ɑː l ɑ i̯ n e n	1
kemiönsaarelainen	k e m i ø n s ɑː r e l ɑ i̯ n e n	0
kemiönsaari	k e m i ø n s ɑː r i	1
kemma	k e mː ɑ	0
kemotaksis	k e m o t ɑ k s i s	0
kempele	k e m p e l eˣ	26
kempeleläinen	k e m p e l e l æ i̯ n e n	0
ken	k e n	52
kendo	k e n d o	0
keneen	k e n eː n	14
keneksi	k e n e k s i	1
kenelle	k e n e lː eˣ	192
kenellä	k e n e lː æ	75
keneltä	k e n e l t æ	29
kenenä	k e n e n æ	0
kenestä	k e n e s t æ	20
kenettä	k e n e tː æ	0
kenguru	k e ŋː u r u	1
kengänkieli	k e ŋː æ n k i e̯ l i	0
kengänkärki	k e ŋː æ n k æ r k i	0
kengännauha	k e ŋː æ n n ɑ u̯ h ɑ	1
kengännumero	k e ŋː æ n n u m e r o	0
kengänpohja	k e ŋː æ n p o h j ɑ	2
kengänsolki	k e ŋː æ n s o l k i	0
kengänsuoja	k e ŋː æ n s u o̯ j ɑ	0
kenkku	k e ŋ kː u	3
kenkkuilla	k e ŋ kː u i̯ lː ɑˣ	0
kenkä	k e ŋ k æ	18
kenkäharja	k e ŋ k æ h ɑ r j ɑ	0
kenkäkauppias	k e ŋ k æ k ɑ u pː i ɑ s	3
kenkälaatikko	k e ŋ k æ l ɑː t i kː o	0
kenkäpari	k e ŋ k æ p ɑ r i	0
kenkärasva	k e ŋ k æ r ɑ s ʋ ɑ	0
kenkäteollisuus	k e ŋ k æ t e o lː i s uː s	2
kenkään	k e ŋ k æː n	5
kenneltyö	k e nː e l t y ø̯	0
kennelväki	k e nː e l ʋ æ k i	0
kenno	k e nː o	12
kennokaavio	k e nː o k ɑː ʋ i o	0
kennokakku	k e nː o k ɑ kː u	0
kennomainen	k e nː o m ɑ i̯ n e n	0
kennoreaktio	k e nː o r e ɑ k t i o	0
keno	k e n o	6
kenollaan	k e n o lː ɑː n	0
kenoon	k e n oː n	0
kenotsooinen	k e n o t s oː i n e n	0
kenoviiva	k e n o ʋ iː ʋ ɑ	1
kenraalibasso	k e n r ɑː l i b ɑ sː o	0
kenraaliharjoitus	k e n r ɑː l i h ɑ r j o i̯ t u s	5
kentauri	k e n t ɑ u r i	0
kenttä	k e n tː æ	212
kenttäkalmisto	k e n tː æ k ɑ l m i s t o	0
kenttäkeitin	k e n tː æ k e i̯ t i n	0
kenttäkerros	k e n tː æ k e rː o s	3
kenttäkirkko	k e n tː æ k i r kː o	0
kenttäpatteri	k e n tː æ p ɑ tː e r i	0
kenttäpiispa	k e n tː æ p iː s p ɑ	4
kenttärata	k e n tː æ r ɑ t ɑ	0
kenttäratsastus	k e n tː æ r ɑ t s ɑ s t u s	1
kenttäteoria	k e n tː æ t e o r i ɑ	0
kenttätyyppi	k e n tː æ t yː pː i	0
kenttäviiva	k e n tː æ ʋ iː ʋ ɑ	0
kenttäväki	k e n tː æ ʋ æ k i	3
kentucky	k e n t ɑ k i	2
kentällemeno	k e n t æ lː eˣ m e n o	2
kepeästi	k e p e æ s t iˣ	10
keplotella	k e p l o t e lː ɑˣ	1
keppi	k e pː i	23
keppihevonen	k e pː i h e ʋ o n e n	8
kepu	k e p u	1
kepulainen	k e p u l ɑ i̯ n e n	1
kepuli	k e p u l i	0
kepulisti	k e p u l i s t iˣ	0
keraamikko	k e r ɑː m i kː o	4
kerake	k e r ɑ k eˣ	0
keralla	k e r ɑ lː ɑ	8
keralle	k e r ɑ lː eˣ	1
keramidi	k e r ɑ m i d i	0
keramiikkataide	k e r ɑ m iː kː ɑ t ɑ i̯ d eˣ	1
keramiikkataiteilija	k e r ɑ m iː kː ɑ t ɑ i̯ t e i̯ l i j ɑ	3
keramiikkatyö	k e r ɑ m iː kː ɑ t y ø̯	1
keratinosyytti	k e r ɑ t i n o s yː tː i	0
kerava	k e r ɑ ʋ ɑ	27
keravalainen	k e r ɑ ʋ ɑ l ɑ i̯ n e n	5
kerettiläinen	k e r e tː i l æ i̯ n e n	1
kerho	k e r h o	141
kerhohuone	k e r h o h u o̯ n eˣ	24
kerholainen	k e r h o l ɑ i̯ n e n	5
kerhotoiminta	k e r h o t o i̯ m i n t ɑ	28
keri	k e r i	0
keri	k e r iˣ	0
kerinpuut	k e r i n p uː t	0
keritsemisväline	k e r i t s e m i s ʋ æ l i n eˣ	0
keritä	k e r i t æˣ	0
kerjetä	k e r j e t æˣ	0
kerjäläinen	k e r j æ l æ i̯ n e n	3
kerjäläiselämä	k e r j æ l æ i̯ s e l æ m æ	0
kerjäläismunkki	k e r j æ l æ i̯ s m u ŋ kː i	0
kerjätä	k e r j æ t æˣ	2
kerkeä	k e r k e æ	1
kerkeä	k e r k e æˣ	1
kerkeästi	k e r k e æ s t iˣ	5
kerma	k e r m ɑ	28
kermajauhe	k e r m ɑ j ɑ u̯ h eˣ	0
kermajuusto	k e r m ɑ j uː s t o	0
kermakakku	k e r m ɑ k ɑ kː u	2
kermakastike	k e r m ɑ k ɑ s t i k eˣ	0
kermavaahto	k e r m ɑ ʋ ɑː h t o	1
kermaviili	k e r m ɑ ʋ iː l i	4
kermi	k e r m i	1
kerpo	k e r p o	0
kerrakseen	k e rː ɑ k s eː n	8
kerran	k e rː ɑ n	3828
kerrannainen	k e rː ɑ nː ɑ i̯ n e n	0
kerrannaisuus	k e rː ɑ nː ɑ i̯ s uː s	1
kerrannaisyksikkö	k e rː ɑ nː ɑ i̯ s y k s i kː ø	0
kerrassaan	k e rː ɑ sː ɑː n	51
kerrasto	k e rː ɑ s t o	0
kerro	k e rː oˣ	472
kerroinkunta	k e rː o i̯ n k u n t ɑ	0
kerroksellinen	k e rː o k s e lː i n e n	0
kerroksittain	k e rː o k s i tː ɑ i̯ n	29
kerroksittainen	k e rː o k s i tː ɑ i̯ n e n	0
kerrosala	k e rː o s ɑ l ɑ	121
kerrosintruusio	k e rː o s i n t r uː s i o	0
kerroskakku	k e rː o s k ɑ kː u	0
kerrosleipä	k e rː o s l e i̯ p æ	0
kerroslista	k e rː o s l i s t ɑ	0
kerrosluku	k e rː o s l u k u	41
kerrossavi	k e rː o s s ɑ ʋ i	0
kerrossänky	k e rː o s s æ ŋ k y	8
kerrostalo	k e rː o s t ɑ l o	21
kerrostaloalue	k e rː o s t ɑ l o ɑ l u eˣ	3
kerrosteinen	k e rː o s t e i̯ n e n	0
kerrostuneisuus	k e rː o s t u n e i̯ s uː s	1
kerrottaneen	k e rː o tː ɑ n eː n	0
kerskakulutus	k e r s k ɑ k u l u t u s	0
kerta	k e r t ɑ	376
kertaalleen	k e r t ɑː lː eː n	74
kertaaminen	k e r t ɑː m i n e n	10
kertaheitolla	k e r t ɑ h e i̯ t o lː ɑ	19
kertakaikkisesti	k e r t ɑ k ɑ i̯ kː i s e s t iˣ	1
kertakäyttöastia	k e r t ɑ k æ y̯ tː ø ɑ s t i ɑ	0
kertakäyttöhanska	k e r t ɑ k æ y̯ tː ø h ɑ n s k ɑ	1
kertakäyttökäsine	k e r t ɑ k æ y̯ tː ø k æ s i n eˣ	0
kertakäyttöliina	k e r t ɑ k æ y̯ tː ø l iː n ɑ	0
kertakäyttöpullo	k e r t ɑ k æ y̯ tː ø p u lː o	0
kertaluokka	k e r t ɑ l u o̯ kː ɑ	0
kertamuovi	k e r t ɑ m u o̯ ʋ i	0
kertatuli	k e r t ɑ t u l i	0
kertatyydyttymätön	k e r t ɑ t yː d y tː y m æ t ø n	0
kertausmerkki	k e r t ɑ u s m e r kː i	0
kertausta	k e r t ɑ u s t ɑ	39
kertaustyyli	k e r t ɑ u s t yː l i	0
kertoa	k e r t o ɑˣ	785
kertohedelmä	k e r t o h e d e l m æ	0
kertoja	k e r t o j ɑ	289
kertoma	k e r t o m ɑ	8
kertomafunktio	k e r t o m ɑ f u ŋ k t i o	0
kertomakirjallisuus	k e r t o m ɑ k i r j ɑ lː i s uː s	1
kertomataide	k e r t o m ɑ t ɑ i̯ d eˣ	0
kertomerkki	k e r t o m e r kː i	0
kertominen	k e r t o m i n e n	53
kertomus	k e r t o m u s	230
kertosäe	k e r t o s æ eˣ	16
kerttu	k e r tː u	65
kertymäfunktio	k e r t y m æ f u ŋ k t i o	0
kerä	k e r æ	10
keräilykivi	k e r æ i̯ l y k i ʋ i	0
keräilykortti	k e r æ i̯ l y k o r tː i	0
keräilykorttipeli	k e r æ i̯ l y k o r tː i p e l i	0
keräilypeli	k e r æ i̯ l y p e l i	0
keräilytalous	k e r æ i̯ l y t ɑ l o u s	1
keräkurmitsa	k e r æ k u r m i t s ɑ	2
keräyspaperi	k e r æ y s p ɑ p e r i	18
kerääminen	k e r æː m i n e n	85
kesannointi	k e s ɑ nː o i̯ n t i	0
kesantopelto	k e s ɑ n t o p e l t o	0
kesemmäksi	k e s e mː æ k s i	0
kesemmälle	k e s e mː æ lː eˣ	0
kesi	k e s i	0
keskari	k e s k ɑ r i	0
keskeen	k e s k eː n	2
keskeisesti	k e s k e i̯ s e s t iˣ	114
keskeiskirkko	k e s k e i̯ s k i r kː o	2
keskeisvoima	k e s k e i̯ s ʋ o i̯ m ɑ	0
keskeisyys	k e s k e i̯ s yː s	5
keskemmä	k e s k e mː æ	0
keskemmäksi	k e s k e mː æ k s i	0
keskemmälle	k e s k e mː æ lː eˣ	3
keskemmällä	k e s k e mː æ lː æ	0
keskemmältä	k e s k e mː æ l t æ	0
keskemmäs	k e s k e mː æ s	0
keskempänä	k e s k e m p æ n æ	0
keskempää	k e s k e m p æː	0
kesken	k e s k e n	1928
keskenmeno	k e s k e n m e n o	3
keskenään	k e s k e n æː n	838
keskessä	k e s k e sː æ	0
keskestä	k e s k e s t æ	1
keskeyttäminen	k e s k e y tː æ m i n e n	30
keskeyttävä	k e s k e y tː æ ʋ æ	0
keskeyttää	k e s k e y tː æːˣ	128
keskeytys	k e s k e y t y s	25
keskeytyskäsittelijä	k e s k e y t y s k æ s i tː e l i j æ	0
keskeytysvektori	k e s k e y t y s ʋ e k t o r i	0
keskeytyä	k e s k e y t y æˣ	7
keskiaallot	k e s k i ɑː lː o t	0
keskiakseliperävaunu	k e s k i ɑ k s e l i p e r æ ʋ ɑ u̯ n u	0
keskialue	k e s k i ɑ l u eˣ	5
keskietäisyys	k e s k i e t æ i̯ s yː s	2
keskihakuisesti	k e s k i h ɑ k u i̯ s e s t iˣ	0
keskihakuvoima	k e s k i h ɑ k u ʋ o i̯ m ɑ	0
keskijännite	k e s k i j æ nː i t eˣ	0
keskikaide	k e s k i k ɑ i̯ d eˣ	0
keskikasti	k e s k i k ɑ s t i	0
keskikasvu	k e s k i k ɑ s ʋ u	2
keskikiertoaika	k e s k i k i e̯ r t o ɑ i̯ k ɑ	0
keskikohta	k e s k i k o h t ɑ	6
keskikoostumus	k e s k i k oː s t u m u s	0
keskikorva	k e s k i k o r ʋ ɑ	0
keskikuoppa	k e s k i k u o̯ pː ɑ	0
keskikupoli	k e s k i k u p o l i	0
keskiliike	k e s k i l iː k eˣ	0
keskiluku	k e s k i l u k u	0
keskilämpötila	k e s k i l æ m p ø t i l ɑ	48
keskiläpimitta	k e s k i l æ p i m i tː ɑ	3
keskimatka	k e s k i m ɑ t k ɑ	1
keskimurre	k e s k i m u rː eˣ	0
keskimäärin	k e s k i m æː r i n	1498
keskimääräinen	k e s k i m æː r æ i̯ n e n	383
keskimääräisesti	k e s k i m æː r æ i̯ s e s t iˣ	13
keskineliövirhe	k e s k i n e l i ø ʋ i r h eˣ	0
keskinkertaisesti	k e s k i n k e r t ɑ i̯ s e s t iˣ	3
keskinopeus	k e s k i n o p e u s	9
keskipakoisesti	k e s k i p ɑ k o i̯ s e s t iˣ	0
keskipakoispumppu	k e s k i p ɑ k o i̯ s p u m pː u	0
keskipakoisvoima	k e s k i p ɑ k o i̯ s ʋ o i̯ m ɑ	4
keskipeli	k e s k i p e l i	0
keskipilvi	k e s k i p i l ʋ i	0
keskipääty	k e s k i p æː t y	0
keskiryhmä	k e s k i r y h m æ	0
keskisävy	k e s k i s æ ʋ y	1
keskitalo	k e s k i t ɑ l o	19
keskitilavuus	k e s k i t i l ɑ ʋ uː s	2
keskitin	k e s k i t i n	5
keskittäminen	k e s k i tː æ m i n e n	54
keskituloinen	k e s k i t u l o i̯ n e n	2
keskituntiansio	k e s k i t u n t i ɑ n s i o	2
keskiuurre	k e s k i uː rː eˣ	0
keskivaiheilla	k e s k i ʋ ɑ i̯ h e i̯ lː ɑ	30
keskivaiheille	k e s k i ʋ ɑ i̯ h e i̯ lː eˣ	5
keskivaiheilta	k e s k i ʋ ɑ i̯ h e i̯ l t ɑ	6
keskivarvas	k e s k i ʋ ɑ r ʋ ɑ s	0
keskiviikko	k e s k i ʋ iː kː o	78
keskiviikkoaamupäivä	k e s k i ʋ iː kː o ɑː m u p æ i̯ ʋ æ	0
keskiviikkoiltapäivä	k e s k i ʋ iː kː o i l t ɑ p æ i̯ ʋ æ	0
keskiviikkopäivä	k e s k i ʋ iː kː o p æ i̯ ʋ æ	0
keskivirhe	k e s k i ʋ i r h eˣ	3
keskivokaali	k e s k i ʋ o k ɑː l i	0
keskivuoristo	k e s k i ʋ u o̯ r i s t o	0
keskiyö	k e s k i y ø	0
keskiö	k e s k i ø	4
keskiöpora	k e s k i ø p o r ɑ	0
keskoskaappi	k e s k o s k ɑː pː i	0
keskus	k e s k u s	512
keskushermosto	k e s k u s h e r m o s t o	8
keskusjärjestelmä	k e s k u s j æ r j e s t e l m æ	1
keskusjärvi	k e s k u s j æ r ʋ i	1
keskuskaupunki	k e s k u s k ɑ u̯ p u ŋ k i	1
keskuskirjasto	k e s k u s k i r j ɑ s t o	9
keskuslaitos	k e s k u s l ɑ i̯ t o s	1
keskusliike	k e s k u s l iː k eˣ	2
keskuslämmitysilma	k e s k u s l æ mː i t y s i l m ɑ	0
keskusmomentti	k e s k u s m o m e n tː i	0
keskuspuisto	k e s k u s p u i̯ s t o	9
keskusrikospoliisi	k e s k u s r i k o s p o l iː s i	8
keskussairaalapiiri	k e s k u s s ɑ i̯ r ɑː l ɑ p iː r i	0
keskussuoritin	k e s k u s s u o̯ r i t i n	0
keskustaryhmä	k e s k u s t ɑ r y h m æ	0
keskustelunaihe	k e s k u s t e l u n ɑ i̯ h eˣ	4
keskusteluryhmä	k e s k u s t e l u r y h m æ	20
keskustelutaito	k e s k u s t e l u t ɑ i̯ t o	3
keskustietokone	k e s k u s t i e̯ t o k o n eˣ	1
keskustoimisto	k e s k u s t o i̯ m i s t o	21
keskustori	k e s k u s t o r i	5
keskusvarasto	k e s k u s ʋ ɑ r ɑ s t o	10
keskusvirasto	k e s k u s ʋ i r ɑ s t o	10
keskusyksikkö	k e s k u s y k s i kː ø	24
keskuudesta	k e s k uː d e s t ɑ	52
keskuuteen	k e s k uː t eː n	33
kessu	k e sː u	6
kestikievari	k e s t i k i e ʋ ɑ r i	7
kestomuisti	k e s t o m u i̯ s t i	0
kestotilaus	k e s t o t i l ɑ u s	12
kestämä	k e s t æ m æ	0
kestävästi	k e s t æ ʋ æ s t iˣ	19
kestää	k e s t æːˣ	1358
kesy	k e s y	7
kesysti	k e s y s t iˣ	1
kesä	k e s æ	293
kesäaamu	k e s æ ɑː m u	0
kesäaika	k e s æ ɑ i̯ k ɑ	6
kesäasukas	k e s æ ɑ s u k ɑ s	5
kesähorros	k e s æ h o rː o s	0
kesäisesti	k e s æ i̯ s e s t iˣ	0
kesäitiö	k e s æ i t i ø	0
kesäkausi	k e s æ k ɑ u̯ s i	6
kesäkeli	k e s æ k e l i	0
kesäkisat	k e s æ k i s ɑ t	1
kesäkissa	k e s æ k i sː ɑ	0
kesäkuu	k e s æ k uː	24
kesämonsuuni	k e s æ m o n s uː n i	1
kesämökki	k e s æ m ø kː i	24
kesänuotta	k e s æ n u o̯ tː ɑ	0
kesäolympialaiset	k e s æ o l y m p i ɑ l ɑ i̯ s e t	1
kesäpuu	k e s æ p uː	0
kesäpäivänseisaus	k e s æ p æ i̯ ʋ æ n s e i̯ s ɑ u s	3
kesäreki	k e s æ r e k i	0
kesärengas	k e s æ r e ŋː ɑ s	0
kesäsydän	k e s æ s y d æ n	0
kesäsää	k e s æ s æː	5
kesätori	k e s æ t o r i	1
kesäurheilulaji	k e s æ u r h e i̯ l u l ɑ j i	0
kesäyliopisto	k e s æ y l i o p i s t o	25
ketara	k e t ɑ r ɑ	1
ketju	k e t j u	94
ketjuisomeria	k e t j u i s o m e r i ɑ	0
ketjukirje	k e t j u k i r j eˣ	1
ketjukokki	k e t j u k o kː i	0
ketjupyörä	k e t j u p y ø̯ r æ	0
ketjusaha	k e t j u s ɑ h ɑ	3
ketjusilmukka	k e t j u s i l m u kː ɑ	0
ketkä	k e t k æ	159
ketohanhikki	k e t o h ɑ n h i kː i	1
ketola	k e t o l ɑ	42
ketti	k e tː i	0
kettu	k e tː u	42
kettunen	k e tː u n e n	88
ketunleipä	k e t u n l e i̯ p æ	2
ketunraudat	k e t u n r ɑ u̯ d ɑ t	0
ketunsara	k e t u n s ɑ r ɑ	0
ketuttaa	k e t u tː ɑːˣ	1
ketä	k e t æ	95
keuhko	k e u̯ h k o	0
keuhkoahtaumatauti	k e u̯ h k o ɑ h t ɑ u m ɑ t ɑ u̯ t i	15
keuhkofibroosi	k e u̯ h k o f i b r oː s i	2
keuhkolaskimo	k e u̯ h k o l ɑ s k i m o	0
keuhkomato	k e u̯ h k o m ɑ t o	0
keuhkonsiirto	k e u̯ h k o n s iː r t o	0
keuhkoputkentulehdus	k e u̯ h k o p u t k e n t u l e h d u s	4
keuhkoputkitulehdus	k e u̯ h k o p u t k i t u l e h d u s	1
keuhkopöhö	k e u̯ h k o p ø h ø	3
keuhkorutto	k e u̯ h k o r u tː o	0
keuhkosairaus	k e u̯ h k o s ɑ i̯ r ɑ u s	2
keuhkosyöpä	k e u̯ h k o s y ø̯ p æ	10
keuhkotulehdus	k e u̯ h k o t u l e h d u s	2
keuhkovaltimo	k e u̯ h k o ʋ ɑ l t i m o	2
keuhkovaltimorunko	k e u̯ h k o ʋ ɑ l t i m o r u ŋ k o	0
keuhkoverenkierto	k e u̯ h k o ʋ e r e n k i e̯ r t o	0
keuhkoveritulppa	k e u̯ h k o ʋ e r i t u l pː ɑ	1
keuhkoödeema	k e u̯ h k o ø d eː m ɑ	0
keula	k e u̯ l ɑ	18
keulahahmo	k e u̯ l ɑ h ɑ h m o	8
keulapakka	k e u̯ l ɑ p ɑ kː ɑ	0
keulimmainen	k e u̯ l i mː ɑ i̯ n e n	0
keuruu	k e u̯ r uː	37
keuruulainen	k e u̯ r uː l ɑ i̯ n e n	2
keventäminen	k e ʋ e n t æ m i n e n	21
keveä	k e ʋ e æ	6
keveästi	k e ʋ e æ s t iˣ	2
kevyehkö	k e ʋ y e h k ø	3
kevyt	k e ʋ y t	308
kevytauto	k e ʋ y t ɑ u t o	0
kevytbetoni	k e ʋ y t b e t o n i	3
kevytkerma	k e ʋ y t k e r m ɑ	0
kevytmielisesti	k e ʋ y t m i e̯ l i s e s t iˣ	5
kevytolut	k e ʋ y t o l u t	0
kevytprosessi	k e ʋ y t p r o s e sː i	0
kevyttiili	k e ʋ y t t iː l i	0
kevytvesireaktori	k e ʋ y t ʋ e s i r e ɑ k t o r i	0
keväisesti	k e ʋ æ i̯ s e s t iˣ	0
kevät	k e ʋ æ t	193
kevätaamu	k e ʋ æ t ɑː m u	0
kevätaurinko	k e ʋ æ t ɑ u r i ŋ k o	7
kevätilma	k e ʋ æ t i l m ɑ	0
kevätkausi	k e ʋ æ t k ɑ u̯ s i	10
kevätkuukausi	k e ʋ æ t k uː k ɑ u̯ s i	0
kevätkääryle	k e ʋ æ t k æː r y l e	0
kevätpiippo	k e ʋ æ t p iː pː o	0
kevätpuu	k e ʋ æ t p uː	1
kevätpäiväntasaus	k e ʋ æ t p æ i̯ ʋ æ n t ɑ s ɑ u s	3
kevätrulla	k e ʋ æ t r u lː ɑ	0
kevätsara	k e ʋ æ t s ɑ r ɑ	0
kevätsipuli	k e ʋ æ t s i p u l i	0
kevätsää	k e ʋ æ t s æː	0
kevättasauspiste	k e ʋ æ t t ɑ s ɑ u s p i s t eˣ	2
kevätvilja	k e ʋ æ t ʋ i l j ɑ	0
keväämmäksi	k e ʋ æː mː æ k s i	1
keväämmälle	k e ʋ æː mː æ lː eˣ	0
keväämmällä	k e ʋ æː mː æ lː æ	2
keväämmäs	k e ʋ æː mː æ s	0
keynesiläinen	k e y̯ n e s i l æ i̯ n e n	0
keynesiläisyys	k e y̯ n e s i l æ i̯ s yː s	1
khii	k iː	0
khmer	k m eː r	0
kiasma	k i ɑ s m ɑ	13
kibitavu	k i b i t ɑ ʋ u	0
kide	k i d eˣ	13
kideasu	k i d eˣ ɑ s u	0
kidejärjestelmä	k i d eˣ j æ r j e s t e l m æ	0
kidekone	k i d eˣ k o n eˣ	1
kideluokka	k i d eˣ l u o̯ kː ɑ	0
kiderae	k i d eˣ r ɑ eˣ	0
kideryhmä	k i d eˣ r y h m æ	0
kidus	k i d u s	0
kiduskansi	k i d u s k ɑ n s i	0
kidusrako	k i d u s r ɑ k o	0
kiduttaja	k i d u tː ɑ j ɑ	2
kiehimänjoki	k i e̯ h i m æ n j o k i	0
kiehua	k i e̯ h u ɑˣ	27
kiekollinen	k i e̯ k o lː i n e n	2
kiekonheitto	k i e̯ k o n h e i̯ tː o	0
kiekoton	k i e̯ k o t o n	1
kiekuminen	k i e̯ k u m i n e n	0
kielari	k i e̯ l ɑ r i	0
kieleke	k i e̯ l e k eˣ	4
kielenhuolto	k i e̯ l e n h u o̯ l t o	3
kielenkantimet	k i e̯ l e n k ɑ n t i m e t	0
kielennimi	k i e̯ l e n n i m i	0
kielenopiskelu	k i e̯ l e n o p i s k e l u	1
kielensuunnittelu	k i e̯ l e n s uː nː i tː e l u	0
kielenvaihto	k i e̯ l e n ʋ ɑ i̯ h t o	0
kielevä	k i e̯ l e ʋ æ	0
kielevästi	k i e̯ l e ʋ æ s t iˣ	0
kieli	k i e̯ l i	742
kielialue	k i e̯ l i ɑ l u eˣ	1
kielifilosofia	k i e̯ l i f i l o s o f i ɑ	2
kielifilosofinen	k i e̯ l i f i l o s o f i n e n	0
kielikello	k i e̯ l i k e lː o	3
kielikohtainen	k i e̯ l i k o h t ɑ i̯ n e n	0
kielikukkanen	k i e̯ l i k u kː ɑ n e n	0
kielimakkara	k i e̯ l i m ɑ kː ɑ r ɑ	0
kielimies	k i e̯ l i m i e̯ s	0
kielinen	k i e̯ l i n e n	17
kieliohjelma	k i e̯ l i o h j e l m ɑ	8
kieliopillistua	k i e̯ l i o p i lː i s t u ɑˣ	0
kieliopintarkistin	k i e̯ l i o p i n t ɑ r k i s t i n	0
kielipoliisi	k i e̯ l i p o l iː s i	0
kielipuoli	k i e̯ l i p u o̯ l i	0
kielirele	k i e̯ l i r e l eˣ	0
kieliresurssi	k i e̯ l i r e s u r sː i	0
kieliryhmä	k i e̯ l i r y h m æ	2
kielisoitin	k i e̯ l i s o i̯ t i n	1
kielitaidoton	k i e̯ l i t ɑ i̯ d o t o n	0
kielitaistelu	k i e̯ l i t ɑ i̯ s t e l u	3
kielitaito	k i e̯ l i t ɑ i̯ t o	125
kielitaitoinen	k i e̯ l i t ɑ i̯ t o i̯ n e n	5
kieliteknologia	k i e̯ l i t e k n o l o ɡ i ɑ	5
kieliteknologinen	k i e̯ l i t e k n o l o ɡ i n e n	0
kielitiede	k i e̯ l i t i e̯ d eˣ	25
kielitieteellisesti	k i e̯ l i t i e̯ t eː lː i s e s t iˣ	1
kielitoimisto	k i e̯ l i t o i̯ m i s t o	7
kielitunne	k i e̯ l i t u nː eˣ	0
kielitypologi	k i e̯ l i t y p o l o ɡ i	0
kielitypologia	k i e̯ l i t y p o l o ɡ i ɑ	0
kielitypologinen	k i e̯ l i t y p o l o ɡ i n e n	0
kieliversio	k i e̯ l i ʋ e r s i o	2
kiellellä	k i e̯ lː e lː æˣ	0
kielletty	k i e̯ lː e tː y	577
kielo	k i e̯ l o	7
kielsin	k i e̯ l s i n	3
kieltomuoto	k i e̯ l t o m u o̯ t o	0
kieltopartisiippi	k i e̯ l t o p ɑ r t i s iː pː i	0
kieltosääntö	k i e̯ l t o s æː n t ø	0
kieltäminen	k i e̯ l t æ m i n e n	36
kieltää	k i e̯ l t æːˣ	255
kiemura	k i e̯ m u r ɑ	1
kieppeille	k i e̯ pː e i̯ lː eˣ	0
kieppeillä	k i e̯ pː e i̯ lː æ	14
kieppeissä	k i e̯ pː e i̯ sː æ	0
kiepsahdella	k i e̯ p s ɑ h d e lː ɑˣ	0
kieputella	k i e̯ p u t e lː ɑˣ	1
kieritellä	k i e̯ r i t e lː æˣ	0
kiero	k i e̯ r o	8
kierosti	k i e̯ r o s t iˣ	2
kierre	k i e̯ rː eˣ	42
kierreharja	k i e̯ rː eˣ h ɑ r j ɑ	0
kierrekampa	k i e̯ rː e k ɑ m p ɑ	0
kierrekansio	k i e̯ rː eˣ k ɑ n s i o	0
kierreleuka	k i e̯ rː eˣ l e u̯ k ɑ	0
kierrenaula	k i e̯ rː eˣ n ɑ u̯ l ɑ	0
kierrepultti	k i e̯ rː eˣ p u l tː i	0
kierreputki	k i e̯ rː eˣ p u t k i	0
kierretappi	k i e̯ rː eˣ t ɑ pː i	0
kierretulkki	k i e̯ rː eˣ t u l kː i	0
kierroksittain	k i e̯ rː o k s i tː ɑ i̯ n	0
kierrosaika	k i e̯ rː o s ɑ i̯ k ɑ	6
kierrostaajuus	k i e̯ rː o s t ɑː j uː s	0
kierrätys	k i e̯ rː æ t y s	78
kierrätyskuitu	k i e̯ rː æ t y s k u i̯ t u	0
kierrätyslaitos	k i e̯ rː æ t y s l ɑ i̯ t o s	2
kierteisesti	k i e̯ r t e i̯ s e s t iˣ	0
kierteishäntämuurahaiskarhu	k i e̯ r t e i̯ s h æ n t æ m uː r ɑ h ɑ i̯ s k ɑ r h u	0
kierto	k i e̯ r t o	46
kiertokoulu	k i e̯ r t o k o u̯ l u	1
kiertokulku	k i e̯ r t o k u l k u	7
kiertokulma	k i e̯ r t o k u l m ɑ	0
kiertokysely	k i e̯ r t o k y s e l y	0
kiertolaiselämä	k i e̯ r t o l ɑ i̯ s e l æ m æ	0
kiertoliittymä	k i e̯ r t o l iː tː y m æ	12
kiertonivel	k i e̯ r t o n i ʋ e l	0
kiertonäyttely	k i e̯ r t o n æ y̯ tː e l y	3
kiertosiipipumppu	k i e̯ r t o s iː p i p u m pː u	0
kiertotatar	k i e̯ r t o t ɑ t ɑ r	0
kiertouuni	k i e̯ r t o uː n i	0
kiertoventtiili	k i e̯ r t o ʋ e n tː iː l i	0
kiertovesiviljely	k i e̯ r t o ʋ e s i ʋ i l j e l y	0
kiertuelainen	k i e̯ r t u e l ɑ i̯ n e n	0
kiertäjänikama	k i e̯ r t æ j æ n i k ɑ m ɑ	0
kiertäminen	k i e̯ r t æ m i n e n	16
kiertää	k i e̯ r t æːˣ	280
kierukkavaihde	k i e̯ r u kː ɑ ʋ ɑ i̯ h d eˣ	0
kierä	k i e̯ r æ	0
kierähdellä	k i e̯ r æ h d e lː æˣ	0
kietaisuhame	k i e̯ t ɑ i̯ s u h ɑ m eˣ	0
kietaisutakki	k i e̯ t ɑ i̯ s u t ɑ kː i	0
kievari	k i e̯ ʋ ɑ r i	13
kihara	k i h ɑ r ɑ	4
kiharaan	k i h ɑ r ɑː n	0
kiharapäinen	k i h ɑ r ɑ p æ i̯ n e n	0
kiharassa	k i h ɑ r ɑ sː ɑ	0
kiherrellä	k i h e rː e lː æˣ	0
kihlakunnankäräjät	k i h l ɑ k u nː ɑ n k æ r æ j æ t	0
kihlakunnanneuvos	k i h l ɑ k u nː ɑ n n e u̯ ʋ o s	0
kihlasilkki	k i h l ɑ s i l kː i	0
kihlaus	k i h l ɑ u s	13
kihniö	k i h n i ø	5
kihniöläinen	k i h n i ø l æ i̯ n e n	1
kihnutella	k i h n u t e lː ɑˣ	0
kihovauhkonen	k i h o ʋ ɑ u̯ h k o n e n	0
kihupyhä	k i h u p y h æ	0
kihveli	k i h ʋ e l i	2
kiia	k iː ɑ	2
kiihdyke	k iː h d y k eˣ	0
kiihdyksiin	k iː h d y k s iː n	0
kiihdyksissään	k iː h d y k s i sː æː n	0
kiihdyte	k iː h d y t eˣ	0
kiihdyttäminen	k iː h d y tː æ m i n e n	1
kiihdyttää	k iː h d y tː æːˣ	92
kiihdytysauto	k iː h d y t y s ɑ u t o	0
kiihkeästi	k iː h k e æ s t iˣ	21
kiihko	k iː h k o	6
kiihkoilla	k iː h k o i̯ lː ɑˣ	0
kiihkoisasti	k iː h k o i̯ s ɑ s t iˣ	0
kiihkottomasti	k iː h k o tː o m ɑ s t iˣ	2
kiihottaminen	k iː h o tː ɑ m i n e n	1
kiihottava	k iː h o tː ɑ ʋ ɑ	5
kiihottua	k iː h o tː u ɑˣ	0
kiihotus	k iː h o t u s	2
kiihotusaine	k iː h o t u s ɑ i̯ n eˣ	0
kiihotuspuhe	k iː h o t u s p u h eˣ	0
kiihtyvyys	k iː h t y ʋ yː s	14
kiihtyä	k iː h t y æˣ	8
kiikari	k iː k ɑ r i	9
kiikissä	k iː k i sː æ	1
kiikistä	k iː k i s t æ	0
kiikkiin	k iː kː iː n	0
kiikku	k iː kː u	6
kiikkua	k iː kː u ɑ	1
kiikkua	k iː kː u ɑˣ	1
kiikkustuoli	k iː kː u s t u o̯ l i	1
kiikkutuoli	k iː kː u t u o̯ l i	0
kiikutella	k iː k u t e lː ɑˣ	0
kiila	k iː l ɑ	9
kiilahihna	k iː l ɑ h i h n ɑ	3
kiilakivi	k iː l ɑ k i ʋ i	2
kiilata	k iː l ɑ t ɑˣ	1
kiilaura	k iː l ɑ u r ɑ	0
kiille	k iː lː eˣ	6
kiillellä	k iː lː e lː æˣ	0
kiillotusharja	k iː lː o t u s h ɑ r j ɑ	0
kiillotusjauhe	k iː lː o t u s j ɑ u̯ h eˣ	0
kiillotuskone	k iː lː o t u s k o n eˣ	0
kiiltokuva	k iː l t o k u ʋ ɑ	1
kiiltosara	k iː l t o s ɑ r ɑ	0
kiilua	k iː l u ɑˣ	0
kiima	k iː m ɑ	7
kiimakierto	k iː m ɑ k i e̯ r t o	0
kiiminkijoki	k iː m i ŋ k i j o k i	4
kiina	k iː n ɑ	97
kiinalaismies	k iː n ɑ l ɑ i̯ s m i e̯ s	0
kiinalaisnainen	k iː n ɑ l ɑ i̯ s n ɑ i̯ n e n	0
kiinankaali	k iː n ɑ n k ɑː l i	1
kiinannaurulokki	k iː n ɑ n n ɑ u̯ r u l o kː i	0
kiinihappo	k iː n i h ɑ pː o	0
kiinnemmäs	k iː nː e mː æ s	0
kiinnempänä	k iː nː e m p æ n æ	0
kiinni	k iː nː iˣ	1685
kiinniottokortti	k iː nː iˣ o tː o k o r tː i	0
kiinnipito	k iː nː iˣ p i t o	0
kiinnittäminen	k iː nː i tː æ m i n e n	32
kiinnittää	k iː nː i tː æːˣ	775
kiinnitysaine	k iː nː i t y s ɑ i̯ n eˣ	4
kiinnitysluottopankki	k iː nː i t y s l u o̯ tː o p ɑ ŋ kː i	0
kiinnitysrauta	k iː nː i t y s r ɑ u̯ t ɑ	0
kiinnitysrengas	k iː nː i t y s r e ŋː ɑ s	2
kiinnityssuola	k iː nː i t y s s u o̯ l ɑ	0
kiinnitystarvike	k iː nː i t y s t ɑ r ʋ i k eˣ	0
kiinnitystulppa	k iː nː i t y s t u l pː ɑ	0
kiinnostavasti	k iː nː o s t ɑ ʋ ɑ s t iˣ	13
kiinteistö	k iː n t e i̯ s t ø	347
kiinteistöhallinto	k iː n t e i̯ s t ø h ɑ lː i n t o	4
kiinteistökauppa	k iː n t e i̯ s t ø k ɑ u̯ pː ɑ	3
kiinteistöliiketoiminta	k iː n t e i̯ s t ø l iː k eˣ t o i̯ m i n t ɑ	3
kiinteistöneuvos	k iː n t e i̯ s t ø n e u̯ ʋ o s	2
kiinteistönhuolto	k iː n t e i̯ s t ø n h u o̯ l t o	3
kiinteistönomistus	k iː n t e i̯ s t ø n o m i s t u s	1
kiinteistöosakeyhtiö	k iː n t e i̯ s t ø o s ɑ k eˣ y h t i ø	15
kiinteistöraja	k iː n t e i̯ s t ø r ɑ j ɑ	0
kiinteistöstrategia	k iː n t e i̯ s t ø s t r ɑ t e ɡ i ɑ	0
kiinteistöyhtiö	k iː n t e i̯ s t ø y h t i ø	18
kiinteä	k iː n t e æ	311
kiinteämittainen	k iː n t e æ m i tː ɑ i̯ n e n	0
kiinteästi	k iː n t e æ s t iˣ	204
kiintiö	k iː n t i ø	42
kiintiöidä	k iː n t i ø i̯ d æˣ	0
kiintoaine	k iː n t o ɑ i̯ n eˣ	5
kiintoavain	k iː n t o ɑ ʋ ɑ i̯ n	1
kiintoisa	k iː n t o i̯ s ɑ	16
kiintoisasti	k iː n t o i̯ s ɑ s t iˣ	1
kiintokallio	k iː n t o k ɑ lː i o	0
kiintokaluste	k iː n t o k ɑ l u s t eˣ	0
kiintokuutio	k iː n t o k uː t i o	0
kiintokuutiometri	k iː n t o k uː t i o m e t r i	0
kiintolenkki	k iː n t o l e ŋ kː i	0
kiintolevyasema	k iː n t o l e ʋ y ɑ s e m ɑ	1
kiintoluku	k iː n t o l u k u	0
kiintomitta	k iː n t o m i tː ɑ	0
kiintonainen	k iː n t o n ɑ i̯ n e n	0
kiintopallo	k iː n t o p ɑ lː o	0
kiintopenkki	k iː n t o p e ŋ kː i	0
kiintopyörä	k iː n t o p y ø̯ r æ	0
kiintoside	k iː n t o s i d eˣ	0
kiintotähti	k iː n t o t æ h t i	0
kiintouitto	k iː n t o u i̯ tː o	0
kiintyminen	k iː n t y m i n e n	3
kiintää	k iː n t æːˣ	0
kiipeli	k iː p e l i	0
kiipimäelin	k iː p i m æ e l i n	0
kiipimäjalka	k iː p i m æ j ɑ l k ɑ	0
kiirastorstai	k iː r ɑ s t o r s t ɑ i̯	3
kiire	k iː r eˣ	194
kiireellisesti	k iː r eː lː i s e s t iˣ	23
kiireettömästi	k iː r eː tː ø m æ s t iˣ	4
kiireimmiten	k iː r e i̯ mː i t e n	2
kiireisesti	k iː r e i̯ s e s t iˣ	1
kiirekausi	k iː r eˣ k ɑ u̯ s i	0
kiiru	k iː r u	0
kiiruhtaa	k iː r u h t ɑːˣ	10
kiiruna	k iː r u n ɑ	2
kiiruusti	k iː r uː s t iˣ	1
kiisa	k iː s ɑ	0
kiisi	k iː s i	5
kiisseli	k iː sː e l i	3
kiista	k iː s t ɑ	43
kiistanaihe	k iː s t ɑ n ɑ i̯ h eˣ	0
kiistapallo	k iː s t ɑ p ɑ lː o	0
kiistaton	k iː s t ɑ t o n	54
kiistäminen	k iː s t æ m i n e n	10
kiistämättömästi	k iː s t æ m æ tː ø m æ s t iˣ	1
kiitellä	k iː t e lː æˣ	4
kiito	k iː t o	1
kiitolaukka	k iː t o l ɑ u̯ kː ɑ	0
kiitollinen	k iː t o lː i n e n	56
kiitollisempi	k iː t o lː i s e m p i	0
kiitollisesti	k iː t o lː i s e s t iˣ	0
kiitollisin	k iː t o lː i s i n	5
kiitollisuudentunne	k iː t o lː i s uː d e n t u nː eˣ	0
kiitollisuudenvelka	k iː t o lː i s uː d e n ʋ e l k ɑ	0
kiitollisuus	k iː t o lː i s uː s	7
kiitorata	k iː t o r ɑ t ɑ	3
kiitos	k iː t o s	608
kiitoskortti	k iː t o s k o r tː i	0
kiitti	k iː tː i	75
kiittäminen	k iː tː æ m i n e n	15
kiittämättömyys	k iː tː æ m æ tː ø m yː s	1
kiittämätön	k iː tː æ m æ t ø n	0
kiittää	k iː tː æːˣ	242
kiitäjä	k iː t æ j æ	3
kiitää	k iː t æːˣ	17
kiivailla	k iː ʋ ɑ i̯ lː ɑˣ	0
kiivas	k iː ʋ ɑ s	25
kiivastella	k iː ʋ ɑ s t e lː ɑˣ	0
kiivetä	k iː ʋ e t æˣ	42
kiivi	k iː ʋ i	4
kikkailla	k i kː ɑ i̯ lː ɑˣ	4
kikkelikuva	k i kː e l i k u ʋ ɑ	0
kilistellä	k i l i s t e lː æˣ	0
kilistäminen	k i l i s t æ m i n e n	0
kiljahdella	k i l j ɑ h d e lː ɑˣ	0
kilju	k i l j u	0
kilju	k i l j uˣ	0
kiljua	k i l j u ɑ	6
kiljua	k i l j u ɑˣ	6
kiljuminen	k i l j u m i n e n	0
kilkka	k i l kː ɑ	1
kilkki	k i l kː i	5
kilkula	k i l k u l ɑ	0
killeri	k i lː e r i	2
killillään	k i lː i lː æː n	0
killistellä	k i lː i s t e lː æˣ	0
killitellä	k i lː i t e lː æˣ	0
kilo	k i l o	17
kilobitti	k i l o b i tː i	0
kilohertsi	k i l o h e r t s i	0
kiloittain	k i l o i̯ tː ɑ i̯ n	1
kilojoule	k i l o j o u̯ l e	0
kilowattituntimittari	k i l o w ɑ tː i t u n t i m i tː ɑ r i	0
kilowattituntimittari	k i l o ʋ ɑ tː i t u n t i m i tː ɑ r i	0
kilpa	k i l p ɑ	9
kilpailla	k i l p ɑ i̯ lː ɑˣ	67
kilpailukausi	k i l p ɑ i̯ l u k ɑ u̯ s i	8
kilpailumieli	k i l p ɑ i̯ l u m i e̯ l i	0
kilpailutalous	k i l p ɑ i̯ l u t ɑ l o u s	0
kilpakone	k i l p ɑ k o n eˣ	0
kilpapyöräilijä	k i l p ɑ p y ø̯ r æ i̯ l i j æ	0
kilpapyöräily	k i l p ɑ p y ø̯ r æ i̯ l y	1
kilparata	k i l p ɑ r ɑ t ɑ	2
kilpasilla	k i l p ɑ s i lː ɑ	2
kilpasille	k i l p ɑ s i lː eˣ	1
kilpatilanne	k i l p ɑ t i l ɑ nː eˣ	0
kilpi	k i l p i	27
kilpialue	k i l p i ɑ l u eˣ	0
kilpiarvo	k i l p i ɑ r ʋ o	0
kilpikaari	k i l p i k ɑː r i	0
kilpikonnanluu	k i l p i k o nː ɑ n l uː	0
kilpirauhanen	k i l p i r ɑ u̯ h ɑ n e n	3
kilpirusto	k i l p i r u s t o	1
kilpukka	k i l p u kː ɑ	0
kiltalainen	k i l t ɑ l ɑ i̯ n e n	0
kiltti	k i l tː i	47
kilu	k i l u	6
kilvaten	k i l ʋ ɑ t e n	0
kilvenkannattaja	k i l ʋ e n k ɑ nː ɑ tː ɑ j ɑ	0
kilvenkupura	k i l ʋ e n k u p u r ɑ	0
kimakasti	k i m ɑ k ɑ s t iˣ	0
kimalainen	k i m ɑ l ɑ i̯ n e n	1
kimallella	k i m ɑ lː e lː ɑˣ	0
kimalteinen	k i m ɑ l t e i̯ n e n	0
kimchi	k i m t ʃ i	0
kimeerinen	k i m eː r i n e n	0
kimerismi	k i m e r i s m i	0
kimeästi	k i m e æ s t iˣ	3
kimi	k i m i	29
kimittäminen	k i m i tː æ m i n e n	0
kimmo	k i mː o	490
kimmoinen	k i mː o i̯ n e n	0
kimmoisasti	k i mː o i̯ s ɑ s t iˣ	0
kimmota	k i mː o t ɑˣ	0
kimmoton	k i mː o t o n	0
kimpaantua	k i m p ɑː n t u ɑˣ	0
kimpaantuminen	k i m p ɑː n t u m i n e n	1
kimpale	k i m p ɑ l eˣ	1
kimpiastia	k i m p i ɑ s t i ɑ	0
kimpilevy	k i m p i l e ʋ y	0
kimpoilla	k i m p o i̯ lː ɑˣ	0
kimppu	k i m pː u	10
kimppuun	k i m pː uː n	110
kimpsut	k i m p s u t	0
kimpussa	k i m p u sː ɑ	36
kimpusta	k i m p u s t ɑ	0
kina	k i n ɑ	3
kinahmi	k i n ɑ h m i	2
kinailla	k i n ɑ i̯ lː ɑˣ	0
kinastella	k i n ɑ s t e lː ɑˣ	1
kinesioteippi	k i n e s i o t e i̯ pː i	0
kinesteettinen	k i n e s t eː tː i n e n	2
kinkerit	k i ŋ k e r i t	2
kinkkumakkara	k i ŋ kː u m ɑ kː ɑ r ɑ	0
kinnamaatti	k i nː ɑ m ɑː tː i	0
kinnas	k i nː ɑ s	0
kinnasneula	k i nː ɑ s n e u̯ l ɑ	0
kinner	k i nː e r	5
kinnula	k i nː u l ɑ	2
kinnulalainen	k i nː u l ɑ l ɑ i̯ n e n	0
kinnunen	k i nː u n e n	107
kinofilmi	k i n o f i l m i	0
kinos	k i n o s	6
kintere	k i n t e r e	0
kintereille	k i n t e r e i̯ lː eˣ	1
kintereillä	k i n t e r e i̯ lː æ	2
kintereiltä	k i n t e r e i̯ l t æ	0
kinuski	k i n u s k i	1
kinuskijäätelö	k i n u s k i j æː t e l ø	0
kioskikauppa	k i o s k i k ɑ u̯ pː ɑ	1
kiova	k i o ʋ ɑ	1
kipakasti	k i p ɑ k ɑ s t iˣ	0
kiperä	k i p e r æ	5
kiperästi	k i p e r æ s t iˣ	1
kipeä	k i p e æ	50
kipinä	k i p i n æ	28
kipinämikko	k i p i n æ m i kː o	0
kipinäsuojus	k i p i n æ s u o̯ j u s	0
kipinätyöstö	k i p i n æ t y ø̯ s t ø	0
kipitellä	k i p i t e lː æˣ	0
kippariaallot	k i pː ɑ r i ɑː lː o t	0
kipparinparta	k i pː ɑ r i n p ɑ r t ɑ	0
kipparipaita	k i pː ɑ r i p ɑ i̯ t ɑ	0
kipparitakki	k i pː ɑ r i t ɑ kː i	0
kippi	k i pː i	4
kippiauto	k i pː i ɑ u t o	0
kippis	k i pː i s	1
kippunta	k i pː u n t ɑ	0
kippuraan	k i pː u r ɑː n	0
kippurahäntäinen	k i pː u r ɑ h æ n t æ i̯ n e n	0
kippurassa	k i pː u r ɑ sː ɑ	9
kipristellä	k i p r i s t e lː æˣ	0
kipsijauhe	k i p s i j ɑ u̯ h eˣ	0
kipsijäljennös	k i p s i j æ l j e nː ø s	0
kipsikoriste	k i p s i k o r i s t eˣ	0
kipu	k i p u	139
kipuaja	k i p u ɑ j ɑ	0
kipuilla	k i p u i̯ lː ɑˣ	1
kipulääke	k i p u l æː k e	1
kipupiste	k i p u p i s t eˣ	3
kipuraha	k i p u r ɑ h ɑ	0
kirahvi	k i r ɑ h ʋ i	2
kiraliakeskus	k i r ɑ l i ɑ k e s k u s	0
kirejä	k i r e j æ	1
kireä	k i r e æ	19
kireässä	k i r e æ sː æ	6
kireästi	k i r e æ s t iˣ	0
kiri	k i r i	310
kirien	k i r i e n	9
kiriin	k i r iː n	55
kiriksi	k i r i k s i	0
kirille	k i r i lː e	14
kirillä	k i r i lː æ	11
kiriltä	k i r i l t æ	3
kirinä	k i r i n æ	0
kirissä	k i r i sː æ	26
kiristekalvo	k i r i s t eˣ k ɑ l ʋ o	1
kiristellä	k i r i s t e lː æˣ	1
kiristyshaittaohjelma	k i r i s t y s h ɑ i̯ tː ɑ o h j e l m ɑ	0
kiristysmutteri	k i r i s t y s m u tː e r i	0
kiristyspultti	k i r i s t y s p u l tː i	0
kiristysruuvi	k i r i s t y s r uː ʋ i	0
kiristyä	k i r i s t y æˣ	9
kiristäminen	k i r i s t æ m i n e n	13
kiristää	k i r i s t æːˣ	26
kirittä	k i r i tː æ	0
kiriä	k i r i æˣ	12
kirja	k i r j ɑ	1563
kirjaaja	k i r j ɑː j ɑ	2
kirjahistoria	k i r j ɑ h i s t o r i ɑ	1
kirjailija	k i r j ɑ i̯ l i j ɑ	262
kirjailijantyö	k i r j ɑ i̯ l i j ɑ n t y ø̯	0
kirjaimelleen	k i r j ɑ i̯ m e lː eː n	0
kirjain	k i r j ɑ i̯ n	58
kirjainkoko	k i r j ɑ i̯ n k o k o	2
kirjainleikkaus	k i r j ɑ i̯ n l e i̯ kː ɑ u s	0
kirjainmuoto	k i r j ɑ i̯ n m u o̯ t o	0
kirjainperhe	k i r j ɑ i̯ n p e r h eˣ	0
kirjainpylväs	k i r j ɑ i̯ n p y l ʋ æ s	0
kirjainrunko	k i r j ɑ i̯ n r u ŋ k o	0
kirjaintyyli	k i r j ɑ i̯ n t yː l i	0
kirjaintyyppi	k i r j ɑ i̯ n t yː pː i	0
kirjainvälistys	k i r j ɑ i̯ n ʋ æ l i s t y s	0
kirjakekasti	k i r j ɑ k eˣ k ɑ s t i	0
kirjakeuhko	k i r j ɑ k e u̯ h k o	0
kirjakko	k i r j ɑ kː o	0
kirjaliina	k i r j ɑ l iː n ɑ	0
kirjallinen	k i r j ɑ lː i n e n	490
kirjallisuus	k i r j ɑ lː i s uː s	284
kirjallisuusarvo	k i r j ɑ lː i s uː s ɑ r ʋ o	0
kirjallisuuskritiikki	k i r j ɑ lː i s uː s k r i t iː kː i	1
kirjaltaja	k i r j ɑ l t ɑ j ɑ	1
kirjamaalaus	k i r j ɑ m ɑː l ɑ u s	0
kirjamessu	k i r j ɑ m e sː u	0
kirjanmerkki	k i r j ɑ n m e r kː i	10
kirjanoppinut	k i r j ɑ n o pː i n u t	2
kirjanpidollisesti	k i r j ɑ n p i d o lː i s e s t iˣ	3
kirjanpito	k i r j ɑ n p i t o	121
kirjanpitokausi	k i r j ɑ n p i t o k ɑ u̯ s i	0
kirjanpitokone	k i r j ɑ n p i t o k o n eˣ	0
kirjanpitopetos	k i r j ɑ n p i t o p e t o s	0
kirjanpitorikos	k i r j ɑ n p i t o r i k o s	1
kirjanpitovuosi	k i r j ɑ n p i t o ʋ u o̯ s i	0
kirjanselkä	k i r j ɑ n s e l k æ	0
kirjansivu	k i r j ɑ n s i ʋ u	0
kirjapainoneuvos	k i r j ɑ p ɑ i̯ n o n e u̯ ʋ o s	0
kirjapainotaito	k i r j ɑ p ɑ i̯ n o t ɑ i̯ t o	3
kirjapainotekniikka	k i r j ɑ p ɑ i̯ n o t e k n iː kː ɑ	2
kirjasin	k i r j ɑ s i n	6
kirjasinlaji	k i r j ɑ s i n l ɑ j i	3
kirjasinleikkaus	k i r j ɑ s i n l e i̯ kː ɑ u s	0
kirjasinperhe	k i r j ɑ s i n p e r h eˣ	0
kirjasintyyli	k i r j ɑ s i n t yː l i	0
kirjasintyyppi	k i r j ɑ s i n t yː pː i	1
kirjastoneuvos	k i r j ɑ s t o n e u̯ ʋ o s	1
kirjastorakennus	k i r j ɑ s t o r ɑ k e nː u s	4
kirjataide	k i r j ɑ t ɑ i̯ d eˣ	1
kirjatyöntekijä	k i r j ɑ t y ø̯ n t e k i j æ	0
kirjavasti	k i r j ɑ ʋ ɑ s t iˣ	0
kirje	k i r j eˣ	384
kirjeellisesti	k i r j eː lː i s e s t iˣ	2
kirjeenvaihtajapankki	k i r j eː n ʋ ɑ i̯ h t ɑ j ɑ p ɑ ŋ kː i	0
kirjeenvaihto	k i r j eː n ʋ ɑ i̯ h t o	19
kirjeineen	k i r j e i̯ n eː n	0
kirjeitse	k i r j e i̯ t s eˣ	114
kirjelaatikko	k i r j eˣ l ɑː t i kː o	0
kirjelomake	k i r j eˣ l o m ɑ k eˣ	0
kirjeshakki	k i r j eˣ s h ɑ kː i	0
kirjevaaka	k i r j eˣ ʋ ɑː k ɑ	0
kirjo	k i r j o	114
kirjoa	k i r j o ɑˣ	16
kirjoineen	k i r j o i̯ n eː n	0
kirjoitelma	k i r j o i̯ t e l m ɑ	28
kirjoitin	k i r j o i̯ t i n	117
kirjoittaa	k i r j o i̯ tː ɑːˣ	1138
kirjoitteleminen	k i r j o i̯ tː e l e m i n e n	1
kirjoitusalue	k i r j o i̯ t u s ɑ l u eˣ	0
kirjoitusalusta	k i r j o i̯ t u s ɑ l u s t ɑ	0
kirjoitusasu	k i r j o i̯ t u s ɑ s u	12
kirjoituslipasto	k i r j o i̯ t u s l i p ɑ s t o	0
kirjoituspää	k i r j o i̯ t u s p æː	3
kirjoitussuojaus	k i r j o i̯ t u s s u o̯ j ɑ u s	0
kirjoitustapa	k i r j o i̯ t u s t ɑ p ɑ	6
kirjoitustyyli	k i r j o i̯ t u s t yː l i	5
kirjokansi	k i r j o k ɑ n s i	2
kirjolohi	k i r j o l o h i	22
kirjomaasälpä	k i r j o m ɑː s æ l p æ	0
kirjoneule	k i r j o n e u̯ l eˣ	0
kirjosara	k i r j o s ɑ r ɑ	0
kirjotähti	k i r j o t æ h t i	0
kirkas	k i r k ɑ s	146
kirkastusaine	k i r k ɑ s t u s ɑ i̯ n eˣ	0
kirkkoherra	k i r kː o h e rː ɑ	209
kirkkohäät	k i r kː o h æː t	0
kirkkokahvit	k i r kː o k ɑ h ʋ i t	3
kirkkokunta	k i r kː o k u n t ɑ	4
kirkkomaa	k i r kː o m ɑː	3
kirkkomatka	k i r kː o m ɑ t k ɑ	2
kirkkomuseo	k i r kː o m u s e o	4
kirkkonummelainen	k i r kː o n u mː e l ɑ i̯ n e n	2
kirkkonummi	k i r kː o n u mː i	24
kirkkopyhä	k i r kː o p y h æ	7
kirkkopäivät	k i r kː o p æ i̯ ʋ æ t	7
kirkkorakennus	k i r kː o r ɑ k e nː u s	11
kirkkorauha	k i r kː o r ɑ u̯ h ɑ	0
kirkkoreki	k i r kː o r e k i	0
kirkkosali	k i r kː o s ɑ l i	7
kirkkosilkki	k i r kː o s i l kː i	0
kirkkotalli	k i r kː o t ɑ lː i	0
kirkkotarha	k i r kː o t ɑ r h ɑ	0
kirkkotekstiili	k i r kː o t e k s t iː l i	0
kirkkotupa	k i r kː o t u p ɑ	0
kirkkourut	k i r kː o u r u t	0
kirkkovakka	k i r kː o ʋ ɑ kː ɑ	0
kirkkovene	k i r kː o ʋ e n eˣ	12
kirkkoviini	k i r kː o ʋ iː n i	0
kirkollisesti	k i r k o lː i s e s t iˣ	7
kirkollishallitus	k i r k o lː i s h ɑ lː i t u s	6
kirkollisvaalit	k i r k o lː i s ʋ ɑː l i t	0
kirkonaika	k i r k o n ɑ i̯ k ɑ	0
kirkonarkisto	k i r k o n ɑ r k i s t o	0
kirkonkymmenykset	k i r k o n k y mː e n y k s e t	0
kirkonpaikka	k i r k o n p ɑ i̯ kː ɑ	1
kirkonpenkki	k i r k o n p e ŋ kː i	0
kirkua	k i r k u ɑˣ	1
kirmailu	k i r m ɑ i̯ l u	0
kirnu	k i r n u	0
kiroilla	k i r o i̯ lː ɑˣ	1
kirota	k i r o t ɑˣ	4
kirotusti	k i r o t u s t iˣ	0
kirous	k i r o u s	20
kirpeä	k i r p e æ	6
kirpeästi	k i r p e æ s t iˣ	0
kirppu	k i r pː u	3
kirppusara	k i r pː u s ɑ r ɑ	0
kirpputori	k i r pː u t o r i	17
kirpsakka	k i r p s ɑ kː ɑ	0
kirsi	k i r s i	294
kirsikka	k i r s i kː ɑ	13
kirsikkapiirakka	k i r s i kː ɑ p iː r ɑ kː ɑ	0
kirsti	k i r s t i	193
kirstu	k i r s t u	3
kirsu	k i r s u	5
kirurgi	k i r u r ɡ i	16
kirveenhamara	k i r ʋ eː n h ɑ m ɑ r ɑ	0
kirveenisku	k i r ʋ eː n i s k u	0
kirveenkanta	k i r ʋ eː n k ɑ n t ɑ	0
kirveenterä	k i r ʋ eː n t e r æ	0
kirveenvarsi	k i r ʋ eː n ʋ ɑ r s i	0
kirveli	k i r ʋ e l i	1
kirves	k i r ʋ e s	29
kirvesahven	k i r ʋ e s ɑ h ʋ e n	0
kirveshamara	k i r ʋ e s h ɑ m ɑ r ɑ	0
kirveslinja	k i r ʋ e s l i n j ɑ	0
kirvesmiehenkynä	k i r ʋ e s m i e̯ h e n k y n æ	0
kirvespohja	k i r ʋ e s p o h j ɑ	0
kirvesvarsi	k i r ʋ e s ʋ ɑ r s i	1
kirvota	k i r ʋ o t ɑˣ	0
kisa	k i s ɑ	105
kisajoukkue	k i s ɑ j o u̯ kː u eˣ	2
kisakaupunki	k i s ɑ k ɑ u̯ p u ŋ k i	1
kisakylä	k i s ɑ k y l æ	3
kisatyttö	k i s ɑ t y tː ø	0
kiskoa	k i s k o ɑ	12
kiskoa	k i s k o ɑˣ	12
kiskoauto	k i s k o ɑ u t o	0
kiskoliikenne	k i s k o l iː k e nː eˣ	0
kiskominen	k i s k o m i n e n	1
kiskonaula	k i s k o n ɑ u̯ l ɑ	0
kiskotella	k i s k o t e lː ɑˣ	0
kissa	k i sː ɑ	184
kissankuppi	k i sː ɑ n k u pː i	0
kissanlillukka	k i sː ɑ n l i lː u kː ɑ	0
kissanluukku	k i sː ɑ n l uː kː u	0
kissanmaito	k i sː ɑ n m ɑ i̯ t o	0
kissanpenikka	k i sː ɑ n p e n i kː ɑ	0
kissanpoika	k i sː ɑ n p o i̯ k ɑ	1
kissanpoikanen	k i sː ɑ n p o i̯ k ɑ n e n	2
kissapeto	k i sː ɑ p e t o	0
kissatappelu	k i sː ɑ t ɑ pː e l u	0
kisu	k i s u	4
kisällinkirja	k i s æ lː i n k i r j ɑ	0
kita	k i t ɑ	9
kitara	k i t ɑ r ɑ	99
kitarisa	k i t ɑ r i s ɑ	4
kitata	k i t ɑ t ɑˣ	2
kitee	k i t eː	25
kiteeläinen	k i t eː l æ i̯ n e n	2
kitiinipanssari	k i t iː n i p ɑ n sː ɑ r i	0
kitinen	k i t i n e n	0
kitka	k i t k ɑ	28
kitkamaa	k i t k ɑ m ɑː	0
kitkamaalaji	k i t k ɑ m ɑː l ɑ j i	0
kitkattomasti	k i t k ɑ tː o m ɑ s t iˣ	10
kitkerästi	k i t k e r æ s t iˣ	0
kitkeä	k i t k e æˣ	6
kitku	k i t k u	0
kitkutella	k i t k u t e lː ɑˣ	0
kitsaasti	k i t s ɑː s t iˣ	2
kitsas	k i t s ɑ s	3
kitsastella	k i t s ɑ s t e lː ɑˣ	0
kitsi	k i t s i	3
kittilä	k i tː i l æ	15
kittiläinen	k i tː i l æ i̯ n e n	0
kittiläläinen	k i tː i l æ l æ i̯ n e n	0
kitua	k i t u ɑˣ	0
kitumänty	k i t u m æ n t y	0
kituset	k i t u s e t	1
kiuas	k i u̯ ɑ s	21
kiukkuilla	k i u̯ kː u i̯ lː ɑˣ	0
kiukkuisesti	k i u̯ kː u i̯ s e s t iˣ	2
kiukkupussi	k i u̯ kː u p u sː i	0
kiukkuririihi	k i u̯ kː u r i r iː h i	0
kiukua	k i u̯ k u ɑ	0
kiukuissaan	k i u̯ k u i̯ sː ɑː n	1
kiukuva	k i u̯ k u ʋ ɑ	0
kiulukka	k i u̯ l u kː ɑ	0
kiuruvesi	k i u̯ r u ʋ e s i	5
kiuruveteläinen	k i u̯ r u ʋ e t e l æ i̯ n e n	0
kiuruvetinen	k i u̯ r u ʋ e t i n e n	1
kiusaannuttaa	k i u̯ s ɑː nː u tː ɑːˣ	0
kiusallisesti	k i u̯ s ɑ lː i s e s t iˣ	6
kiusata	k i u̯ s ɑ t ɑˣ	16
kiva	k i ʋ ɑ	259
kivakurkku	k i ʋ ɑ k u r kː u	0
kivelä	k i ʋ e l æ	44
kivenhakkaaja	k i ʋ e n h ɑ kː ɑː j ɑ	2
kivenhioja	k i ʋ e n h i o j ɑ	0
kivenjalostus	k i ʋ e n j ɑ l o s t u s	0
kivenjärkäle	k i ʋ e n j æ r k æ l eˣ	1
kivenkolo	k i ʋ e n k o l o	0
kivenkova	k i ʋ e n k o ʋ ɑ	2
kivenlouhinta	k i ʋ e n l o u̯ h i n t ɑ	0
kivenmukura	k i ʋ e n m u k u r ɑ	0
kivenmurikka	k i ʋ e n m u r i kː ɑ	0
kivenmuru	k i ʋ e n m u r u	0
kivenmurunen	k i ʋ e n m u r u n e n	0
kivenmöhkäle	k i ʋ e n m ø h k æ l eˣ	0
kivennäismaa	k i ʋ e nː æ i̯ s m ɑː	1
kivennäismaalaji	k i ʋ e nː æ i̯ s m ɑː l ɑ j i	0
kivennäisravinne	k i ʋ e nː æ i̯ s r ɑ ʋ i nː eˣ	0
kivennäissuola	k i ʋ e nː æ i̯ s s u o̯ l ɑ	0
kivensiru	k i ʋ e n s i r u	0
kiverästi	k i ʋ e r æ s t iˣ	0
kives	k i ʋ e s	0
kivettymä	k i ʋ e tː y m æ	0
kivi	k i ʋ i	231
kiviaine	k i ʋ i ɑ i̯ n eˣ	0
kiviarkku	k i ʋ i ɑ r kː u	1
kiviase	k i ʋ i ɑ s eˣ	0
kiviastia	k i ʋ i ɑ s t i ɑ	0
kivibetoni	k i ʋ i b e t o n i	0
kivierämaa	k i ʋ i e r æ m ɑː	0
kiviesine	k i ʋ i e s i n eˣ	0
kivihakku	k i ʋ i h ɑ kː u	0
kivihedelmä	k i ʋ i h e d e l m æ	0
kivihiilikenttä	k i ʋ i h iː l i k e n tː æ	0
kivihiilivoimala	k i ʋ i h iː l i ʋ o i̯ m ɑ l ɑ	0
kivihiomo	k i ʋ i h i o m o	0
kivijalkakauppa	k i ʋ i j ɑ l k ɑ k ɑ u̯ pː ɑ	0
kivijalkaliike	k i ʋ i j ɑ l k ɑ l iː k eˣ	0
kivijalkapaita	k i ʋ i j ɑ l k ɑ p ɑ i̯ t ɑ	0
kivijalusta	k i ʋ i j ɑ l u s t ɑ	0
kivijata	k i ʋ i j ɑ t ɑ	0
kivijärveläinen	k i ʋ i j æ r ʋ e l æ i̯ n e n	0
kivijärvi	k i ʋ i j æ r ʋ i	16
kivikasarmi	k i ʋ i k ɑ s ɑ r m i	0
kivikasvo	k i ʋ i k ɑ s ʋ o	0
kivikasvoinen	k i ʋ i k ɑ s ʋ o i̯ n e n	0
kivikatu	k i ʋ i k ɑ t u	1
kivikehä	k i ʋ i k e h æ	0
kivikirjoitus	k i ʋ i k i r j o i̯ t u s	0
kivikkoranta	k i ʋ i kː o r ɑ n t ɑ	0
kivikkoryhmä	k i ʋ i kː o r y h m æ	0
kivikukka	k i ʋ i k u kː ɑ	0
kivikylä	k i ʋ i k y l æ	0
kivikynä	k i ʋ i k y n æ	0
kivilaatta	k i ʋ i l ɑː tː ɑ	2
kivilaituri	k i ʋ i l ɑ i̯ t u r i	0
kivilatomus	k i ʋ i l ɑ t o m u s	2
kivimineraali	k i ʋ i m i n e r ɑː l i	0
kivimurska	k i ʋ i m u r s k ɑ	0
kivimurskaamo	k i ʋ i m u r s k ɑː m o	0
kivimäki	k i ʋ i m æ k i	53
kivimöhkäle	k i ʋ i m ø h k æ l eˣ	0
kivinavetta	k i ʋ i n ɑ ʋ e tː ɑ	8
kivinen	k i ʋ i n e n	61
kivipainanta	k i ʋ i p ɑ i̯ n ɑ n t ɑ	0
kivipainate	k i ʋ i p ɑ i̯ n ɑ t eˣ	0
kivipainokuva	k i ʋ i p ɑ i̯ n o k u ʋ ɑ	0
kivipalatsi	k i ʋ i p ɑ l ɑ t s i	0
kivipari	k i ʋ i p ɑ r i	0
kivipatsas	k i ʋ i p ɑ t s ɑ s	0
kivipelto	k i ʋ i p e l t o	3
kiviperusta	k i ʋ i p e r u s t ɑ	0
kiviperustus	k i ʋ i p e r u s t u s	0
kiviperäinen	k i ʋ i p e r æ i̯ n e n	0
kivipestä	k i ʋ i p e s t æˣ	0
kivipesu	k i ʋ i p e s u	0
kivipilari	k i ʋ i p i l ɑ r i	0
kivipora	k i ʋ i p o r ɑ	0
kivipuuteri	k i ʋ i p uː t e r i	0
kivipylväs	k i ʋ i p y l ʋ æ s	0
kivipyykki	k i ʋ i p yː kː i	0
kivipäällyste	k i ʋ i p æː lː y s t eˣ	0
kivipöly	k i ʋ i p ø l y	0
kivipöytä	k i ʋ i p ø y̯ t æ	0
kivirae	k i ʋ i r ɑ eˣ	0
kivirakenne	k i ʋ i r ɑ k e nː eˣ	1
kivirakennus	k i ʋ i r ɑ k e nː u s	2
kivirakka	k i ʋ i r ɑ kː ɑ	0
kivirapu	k i ʋ i r ɑ p u	0
kiviraunio	k i ʋ i r ɑ u̯ n i o	1
kivireki	k i ʋ i r e k i	3
kiviriippa	k i ʋ i r iː pː ɑ	1
kivirikko	k i ʋ i r i kː o	0
kiviruukku	k i ʋ i r uː kː u	0
kiviruuti	k i ʋ i r uː t i	0
kiviröykkiö	k i ʋ i r ø y̯ kː i ø	2
kivisaha	k i ʋ i s ɑ h ɑ	0
kivisammal	k i ʋ i s ɑ mː ɑ l	0
kiviseinä	k i ʋ i s e i̯ n æ	2
kiviseita	k i ʋ i s e i̯ t ɑ	0
kiviseppä	k i ʋ i s e pː æ	0
kivisilta	k i ʋ i s i l t ɑ	3
kivisolu	k i ʋ i s o l u	0
kivisormus	k i ʋ i s o r m u s	0
kivisuola	k i ʋ i s u o̯ l ɑ	0
kivitaide	k i ʋ i t ɑ i̯ d eˣ	0
kivitalo	k i ʋ i t ɑ l o	8
kivitaltta	k i ʋ i t ɑ l tː ɑ	1
kivitarha	k i ʋ i t ɑ r h ɑ	0
kivitavara	k i ʋ i t ɑ ʋ ɑ r ɑ	1
kiviteollisuus	k i ʋ i t e o lː i s uː s	3
kiviteos	k i ʋ i t e o s	0
kivitiili	k i ʋ i t iː l i	0
kivityö	k i ʋ i t y ø̯	0
kivityökalu	k i ʋ i t y ø̯ k ɑ l u	0
kivityöläinen	k i ʋ i t y ø̯ l æ i̯ n e n	0
kivivati	k i ʋ i ʋ ɑ t i	0
kiviveistos	k i ʋ i ʋ e i̯ s t o s	1
kiviveistämö	k i ʋ i ʋ e i̯ s t æ m ø	0
kiviyrtti	k i ʋ i y r tː i	0
kivuliaasti	k i ʋ u l i ɑː s t iˣ	3
kivulias	k i ʋ u l i ɑ s	15
kivuttomasti	k i ʋ u tː o m ɑ s t iˣ	16
kivääri	k i ʋ æː r i	18
kivääriryhmä	k i ʋ æː r i r y h m æ	0
kiväärituli	k i ʋ æː r i t u l i	0
kiwano	k i w ɑ n o	0
klaava	k l ɑː ʋ ɑ	1
klaavi	k l ɑː ʋ i	0
kladistiikka	k l ɑ d i s t iː kː ɑ	0
klasti	k l ɑ s t i	0
klastinen	k l ɑ s t i n e n	0
klaus	k l ɑ u̯ s	107
klaustrofobia	k l ɑ u̯ s t r o f o b i ɑ	0
klavesiini	k l ɑ ʋ e s iː n i	0
kledju	k l e d j u	0
klementiini	k l e m e n t iː n i	1
klemetti	k l e m e tː i	22
klemmari	k l e mː ɑ r i	3
kleptoparasitismi	k l e p t o p ɑ r ɑ s i t i s m i	0
kliffa	k l i fː ɑ	0
kliitti	k l iː tː i	0
klikata	k l i k ɑ t ɑˣ	23
klinopyrokseeni	k l i n o p y r o k s eː n i	0
klinozoisiitti	k l i n o t s o i̯ s iː tː i	0
klintti	k l i n tː i	0
klooninen	k l oː n i n e n	0
kloritoidi	k l o r i t o i̯ d i	0
klorogeenihappo	k l o r o ɡ eː n i h ɑ pː o	0
kloroosi	k l o r oː s i	0
klotoidi	k l o t o i̯ d i	0
klusiili	k l u s iː l i	0
klusterianalyysi	k l u s t e r i ɑ n ɑ l yː s i	1
klystroni	k l y s t r o n i	0
klyysi	k l yː s i	0
knalli	k n ɑ lː i	0
knoppi	k n o pː i	3
knoppologia	k n o pː o l o ɡ i ɑ	0
knuutila	k n uː t i l ɑ	15
knöödeli	k n øː d e l i	0
kobra	k oː b r ɑ	1
kodanpohja	k o d ɑ n p o h j ɑ	0
kodikologia	k o d i k o l o ɡ i ɑ	0
kodinelektroniikka	k o d i n e l e k t r o n iː kː ɑ	1
kodintekniikka	k o d i n t e k n iː kː ɑ	2
kodintekstiili	k o d i n t e k s t iː l i	1
koe	k o eˣ	336
koeaika	k o eˣ ɑ i̯ k ɑ	20
koeajo	k o eˣ ɑ j o	2
koeala	k o eˣ ɑ l ɑ	3
koeateria	k o eˣ ɑ t e r i ɑ	0
koekaivaus	k o eˣ k ɑ i̯ ʋ ɑ u s	2
koekeittiö	k o eˣ k e i̯ tː i ø	0
koekuopitus	k o eˣ k u o̯ p i t u s	0
koekuvaus	k o eˣ k u ʋ ɑ u s	0
koeputkiteline	k o eˣ p u t k i t e l i n eˣ	0
koeryhmä	k o eˣ r y h m æ	1
koetehdas	k o eˣ t e h d ɑ s	0
koetella	k o e t e lː ɑˣ	15
koettaa	k o e tː ɑːˣ	43
koetteeksi	k o e tː eː k s i	2
koetteella	k o e tː eː lː ɑ	1
koetteelle	k o e tː eː lː eˣ	0
koetteilla	k o e tː e i̯ lː ɑ	0
koetteille	k o e tː e i̯ lː e	0
koevapaus	k o eˣ ʋ ɑ p ɑ u s	0
koevedos	k o eˣ ʋ e d o s	2
kofeiinitabletti	k o f e i̯ː n i t ɑ b l e tː i	0
kofeiiniton	k o f e iː n i t o n	0
kofunktio	k o f u ŋ k t i o	0
koggi	k o ɡː i	1
kognitiotiede	k o ŋ n i t i o t i e̯ d eˣ	9
kognitiotiede	k o ɡ n i t i o t i e̯ d eˣ	9
kognitivismi	k o ɡ n i t i ʋ i s m i	1
kohdakkain	k o h d ɑ kː ɑ i̯ n	2
kohdakkoin	k o h d ɑ kː o i̯ n	2
kohdallaan	k o h d ɑ lː ɑː n	215
kohdata	k o h d ɑ t ɑˣ	211
kohdatusten	k o h d ɑ t u s t e n	0
kohdealue	k o h d eˣ ɑ l u eˣ	13
kohdella	k o h d e lː ɑˣ	42
kohdemaa	k o h d eˣ m ɑː	5
kohdentaminen	k o h d e n t ɑ m i n e n	30
kohdentuminen	k o h d e n t u m i n e n	13
kohdepoisto	k o h d eˣ p o i̯ s t o	1
kohdistuspiste	k o h d i s t u s p i s t eˣ	0
kohdittain	k o h d i tː ɑ i̯ n	1
kohdunkaula	k o h d u n k ɑ u̯ l ɑ	0
kohdunkaulasyöpä	k o h d u n k ɑ u̯ l ɑ s y ø̯ p æ	0
koheesiomaa	k o h eː s i o m ɑː	0
koheesiomaalaji	k o h eː s i o m ɑː l ɑ j i	0
kohelo	k o h e l o	0
kohennella	k o h e nː e lː ɑˣ	0
kohentaminen	k o h e n t ɑ m i n e n	32
koherenssipituus	k o h e r e n sː i p i t uː s	0
kohina	k o h i n ɑ	11
kohme	k o h m eˣ	0
kohmeinen	k o h m e i̯ n e n	1
kohoamaisillaan	k o h o ɑ m ɑ i̯ s i lː ɑː n	0
kohoamaton	k o h o ɑ m ɑ t o n	0
kohoilla	k o h o i̯ lː ɑ	2
kohoilla	k o h o i̯ lː ɑˣ	2
kohokartta	k o h o k ɑ r tː ɑ	1
kohokasvuoka	k o h o k ɑ s ʋ u o̯ k ɑ	0
kohokuvioida	k o h o k u ʋ i o i̯ d ɑˣ	0
koholeima	k o h o l e i̯ m ɑ	0
kohollaan	k o h o lː ɑː n	3
koholle	k o h o lː eˣ	3
koholleen	k o h o lː eː n	1
kohopainanta	k o h o p ɑ i̯ n ɑ n t ɑ	0
kohopainokone	k o h o p ɑ i̯ n o k o n eˣ	0
kohopallo	k o h o p ɑ lː o	0
kohota	k o h o t ɑˣ	52
kohotahti	k o h o t ɑ h t i	0
kohovalikko	k o h o ʋ ɑ l i kː o	0
kohta	k o h t ɑ	923
kohtaaminen	k o h t ɑː m i n e n	166
kohtalaisesti	k o h t ɑ l ɑ i̯ s e s t iˣ	52
kohtalo	k o h t ɑ l o	122
kohtalokkaasti	k o h t ɑ l o kː ɑː s t iˣ	2
kohtalontie	k o h t ɑ l o n t i e̯	0
kohtapuoliin	k o h t ɑ p u o l iː n	3
kohtapuolin	k o h t ɑ p u o̯ l i n	2
kohtauksittain	k o h t ɑ u k s i tː ɑ i̯ n	1
kohtauksittainen	k o h t ɑ u k s i tː ɑ i̯ n e n	0
kohtauksittaisesti	k o h t ɑ u k s i tː ɑ i̯ s e s t iˣ	0
kohtaus	k o h t ɑ u s	48
kohti	k o h t iˣ	2153
kohtu	k o h t u	9
kohtutulehdus	k o h t u t u l e h d u s	1
kohtuu	k o h t uː	6
kohtuuhinta	k o h t uː h i n t ɑ	0
kohtuuhintainen	k o h t uː h i n t ɑ i̯ n e n	10
kohtuullinen	k o h t uː lː i n e n	159
kohtuuttomasti	k o h t uː tː o m ɑ s t iˣ	53
kohu	k o h u	9
koi	k o i̯	7
koillinen	k o i̯ lː i n e n	7
koillismyrsky	k o i̯ lː i s m y r s k y	0
koillispasaati	k o i̯ lː i s p ɑ s ɑː t i	1
koillisväylä	k o i̯ lː i s ʋ æ y̯ l æ	1
koipeliini	k o i̯ p e l iː n i	0
koipussi	k o i̯ p u sː i	0
koira	k o i̯ r ɑ	645
koiraemo	k o i̯ r ɑ e m o	0
koirahyökkäys	k o i̯ r ɑ h y ø̯ kː æ y s	0
koirakilpailu	k o i̯ r ɑ k i l p ɑ i̯ l u	0
koiramainen	k o i̯ r ɑ m ɑ i̯ n e n	1
koiranhaukunta	k o i̯ r ɑ n h ɑ u̯ k u n t ɑ	0
koiranheinä	k o i̯ r ɑ n h e i̯ n æ	1
koiranilma	k o i̯ r ɑ n i l m ɑ	0
koirankarva	k o i̯ r ɑ n k ɑ r ʋ ɑ	0
koirankasvattaja	k o i̯ r ɑ n k ɑ s ʋ ɑ tː ɑ j ɑ	0
koirankeksi	k o i̯ r ɑ n k e k s i	1
koirankuje	k o i̯ r ɑ n k u j eˣ	0
koirankuri	k o i̯ r ɑ n k u r i	0
koiranköynnös	k o i̯ r ɑ n k ø y̯ nː ø s	0
koiranpenikka	k o i̯ r ɑ n p e n i kː ɑ	0
koiranpentu	k o i̯ r ɑ n p e n t u	3
koiranpommi	k o i̯ r ɑ n p o mː i	0
koiranuni	k o i̯ r ɑ n u n i	0
koiranvirka	k o i̯ r ɑ n ʋ i r k ɑ	0
koiranäyttely	k o i̯ r ɑ n æ y̯ tː e l y	4
koirapoliisi	k o i̯ r ɑ p o l iː s i	0
koiras	k o i̯ r ɑ s	16
koirashios	k o i̯ r ɑ s h i o s	0
koiratappelu	k o i̯ r ɑ t ɑ pː e l u	0
koiratarha	k o i̯ r ɑ t ɑ r h ɑ	3
koiraurheilu	k o i̯ r ɑ u r h e i̯ l u	0
koiruus	k o i̯ r uː s	0
koisi	k o i̯ s i	0
koisi	k o i̯ s iˣ	0
koitettava	k o i̯ t e tː ɑ ʋ ɑ	1
koittaa	k o i̯ tː ɑːˣ	55
koittana	k o i̯ tː ɑ n ɑ	0
koitua	k o i̯ t u ɑˣ	21
koitus	k o i̯ t u s	0
koivu	k o i̯ ʋ u	89
koivula	k o i̯ ʋ u l ɑ	52
koivusokeri	k o i̯ ʋ u s o k e r i	0
koivuvyöhyke	k o i̯ ʋ u ʋ y ø̯ h y k eˣ	0
koje	k o j e	13
kokata	k o k ɑ t ɑˣ	4
kokea	k o k e ɑˣ	378
kokeellinen	k o k eː lː i n e n	45
kokeellisesti	k o k eː lː i s e s t iˣ	34
kokeileminen	k o k e i̯ l e m i n e n	10
kokeilla	k o k e i̯ lː ɑ	509
kokeilla	k o k e i̯ lː ɑˣ	509
kokeilujakso	k o k e i̯ l u j ɑ k s o	2
kokeminen	k o k e m i n e n	61
kokemusmaailma	k o k e m u s m ɑː i l m ɑ	8
kokemäenjoki	k o k e m æ e n j o k i	3
kokemäkeläinen	k o k e m æ k e l æ i̯ n e n	0
kokemäki	k o k e m æ k i	10
kokillivalu	k o k i lː i ʋ ɑ l u	0
kokis	k o k i s	1
kokka	k o kː ɑ	2
kokkaaminen	k o kː ɑː m i n e n	3
kokkailla	k o kː ɑ i̯ lː ɑˣ	1
kokkarit	k o kː ɑ r i t	0
kokkaus	k o kː ɑ u s	2
kokki	k o kː i	29
kokko	k o kː o	75
kokkola	k o kː o l ɑ	54
kokkolalainen	k o kː o l ɑ l ɑ i̯ n e n	5
kokkonen	k o kː o n e n	75
kokkotuli	k o kː o t u l i	0
koko	k o k o	13757
kokoaminen	k o k o ɑ m i n e n	86
kokoamiskone	k o k o ɑ m i s k o n eˣ	0
kokoelma	k o k o e l m ɑ	231
kokoelmaluettelo	k o k o e l m ɑ l u e tː e l o	0
kokoelmatunnus	k o k o e l m ɑ t u nː u s	0
kokoero	k o k o e r o	6
kokoerottelu	k o k o e r o tː e l u	0
kokoilta	k o k o i l t ɑ	0
kokoinen	k o k o i̯ n e n	195
kokolainausmerkki	k o k o l ɑ i̯ n ɑ u s m e r kː i	0
kokolattiamatto	k o k o l ɑ tː i ɑ m ɑ tː o	14
kokoliha	k o k o l i h ɑ	0
kokolihapihvi	k o k o l i h ɑ p i h ʋ i	0
kokonainen	k o k o n ɑ i̯ n e n	117
kokonaisalue	k o k o n ɑ i̯ s ɑ l u eˣ	0
kokonaisarvo	k o k o n ɑ i̯ s ɑ r ʋ o	16
kokonaisenergia	k o k o n ɑ i̯ s e n e r ɡ i ɑ	0
kokonaisennuste	k o k o n ɑ i̯ s e nː u s t eˣ	0
kokonaisharkinta	k o k o n ɑ i̯ s h ɑ r k i n t ɑ	0
kokonaisheijastua	k o k o n ɑ i̯ s h e i̯ j ɑ s t u ɑˣ	0
kokonaisheijastuminen	k o k o n ɑ i̯ s h e i̯ j ɑ s t u m i n e n	1
kokonaisheijastus	k o k o n ɑ i̯ s h e i̯ j ɑ s t u s	1
kokonaiskapasiteetti	k o k o n ɑ i̯ s k ɑ p ɑ s i t eː tː i	2
kokonaiskorkeus	k o k o n ɑ i̯ s k o r k e u s	2
kokonaiskustannukset	k o k o n ɑ i̯ s k u s t ɑ nː u k s e t	113
kokonaisleveys	k o k o n ɑ i̯ s l e ʋ e y s	6
kokonaismassa	k o k o n ɑ i̯ s m ɑ sː ɑ	9
kokonaismenot	k o k o n ɑ i̯ s m e n o t	9
kokonaisopiskelijamäärä	k o k o n ɑ i̯ s o p i s k e l i j ɑ m æː r æ	0
kokonaispisteet	k o k o n ɑ i̯ s p i s t eː t	2
kokonaispituus	k o k o n ɑ i̯ s p i t uː s	34
kokonaisreaktio	k o k o n ɑ i̯ s r e ɑ k t i o	0
kokonaissuunnitelma	k o k o n ɑ i̯ s s uː nː i t e l m ɑ	6
kokonaistuotto	k o k o n ɑ i̯ s t u o̯ tː o	11
kokonaisvaltainen	k o k o n ɑ i̯ s ʋ ɑ l t ɑ i̯ n e n	140
kokonaisvaltaisesti	k o k o n ɑ i̯ s ʋ ɑ l t ɑ i̯ s e s t iˣ	101
kokonaisyksikkökustannukset	k o k o n ɑ i̯ s y k s i kː ø k u s t ɑ nː u k s e t	0
kokonki	k o k o ŋ k i	0
kokoojatie	k o k oː j ɑ t i e̯	3
kokoomateos	k o k oː m ɑ t e o s	4
kokoonpanna	k o k oː n p ɑ nː ɑˣ	1
kokoonpanoaika	k o k oː n p ɑ n o ɑ i̯ k ɑ	0
kokoonpanotyö	k o k oː n p ɑ n o t y ø̯	0
kokoontumisvapaus	k o k oː n t u m i s ʋ ɑ p ɑ u s	1
kokoparta	k o k o p ɑ r t ɑ	0
kokoperunat	k o k o p e r u n ɑ t	0
kokopäivätyö	k o k o p æ i̯ ʋ æ t y ø̯	1
kokopäästösuodatin	k o k o p æː s t ø s u o̯ d ɑ t i n	0
kokoruututila	k o k o r uː t u t i l ɑ	0
kokosivu	k o k o s i ʋ u	2
kokosummain	k o k o s u mː ɑ i̯ n	0
kokosävelaskel	k o k o s æ ʋ e l ɑ s k e l	0
kokotauko	k o k o t ɑ u̯ k o	0
kokotekstitietokanta	k o k o t e k s t i t i e̯ t o k ɑ n t ɑ	2
kokouskutsu	k o k o u s k u t s u	107
kokoustekniikka	k o k o u s t e k n iː kː ɑ	1
kokoustila	k o k o u s t i l ɑ	27
kokousväki	k o k o u s ʋ æ k i	2
kokoveri	k o k o ʋ e r i	2
koksi	k o k s i	2
koksiitti	k o k s iː tː i	0
koksiuuni	k o k s i uː n i	0
koktaili	k o k t ɑ i̯ l i	1
kola	k o l ɑ	4
kolahdella	k o l ɑ h d e lː ɑˣ	1
kolahtaa	k o l ɑ h t ɑːˣ	14
kolajuoma	k o l ɑ j u o̯ m ɑ	0
kolangiitti	k o l ɑ ŋː iː tː i	0
kolari	k o l ɑ r i	25
kolariauto	k o l ɑ r i ɑ u t o	0
kolarilainen	k o l ɑ r i l ɑ i̯ n e n	0
kolarisuma	k o l ɑ r i s u m ɑ	0
kolea	k o l e ɑ	6
koleasti	k o l e ɑ s t iˣ	1
kolehtivarat	k o l e h t i ʋ ɑ r ɑ t	0
kolekalsiferoli	k o l e k ɑ l s i f e r o l i	0
kolesteroli	k o l e s t e r o l i	16
kolesteroliarvo	k o l e s t e r o l i ɑ r ʋ o	4
kolesterolilääke	k o l e s t e r o l i l æː k eˣ	0
kolesteroliton	k o l e s t e r o l i t o n	0
kolhiintuma	k o l h iː n t u m ɑ	0
koli	k o l i	22
koliini	k o l iː n i	3
kolistella	k o l i s t e lː ɑˣ	1
kolkkakalastus	k o l kː ɑ k ɑ l ɑ s t u s	0
kolkosti	k o l k o s t iˣ	0
kolkuttaa	k o l k u tː ɑːˣ	6
kollaatio	k o lː ɑː t i o	0
kollaboraatio	k o lː ɑ b o r ɑː t i o	0
kollari	k o lː ɑ r i	0
kollegiaalinen	k o lː e ɡ i ɑː l i n e n	1
kollektiivitalous	k o lː e k t iː ʋ i t ɑ l o u s	0
kolli	k o lː i	9
kolligatiivinen	k o lː i ɡ ɑ t iː ʋ i n e n	0
kollikissa	k o lː i k i sː ɑ	1
kollineaarinen	k o lː i n e ɑː r i n e n	0
kollineaarisuus	k o lː i n e ɑː r i s uː s	0
kolmas	k o l m ɑ s	976
kolme	k o l m e	4407
kolmekulmainen	k o l m e k u l m ɑ i̯ n e n	0
kolmekymmentä	k o l m e k y mː e n t æ	122
kolmesataa	k o l m e s ɑ t ɑː	20
kolmetoista	k o l m e t o i̯ s t ɑ	41
kolmetoista	k o l m eˣ t o i̯ s t ɑ	41
kolmeulotteinen	k o l m e u l o tː e i̯ n e n	0
kolmikaulakolvi	k o l m i k ɑ u̯ l ɑ k o l ʋ i	0
kolmikko	k o l m i kː o	53
kolmilehti	k o l m i l e h t i	0
kolmiloikka	k o l m i l o i̯ kː ɑ	6
kolmio	k o l m i o	25
kolmiokytkentä	k o l m i o k y t k e n t æ	0
kolmioleipä	k o l m i o l e i̯ p æ	0
kolmioluku	k o l m i o l u k u	0
kolmioluu	k o l m i o l uː	0
kolmiomatriisi	k o l m i o m ɑ t r iː s i	0
kolmiottelija	k o l m i o tː e l i j ɑ	0
kolmitulo	k o l m i t u l o	0
kolmivaihekilowattituntimittari	k o l m i ʋ ɑ i̯ h eˣ k i l o w ɑ tː i t u n t i m i tː ɑ r i	0
kolmivaihevirta	k o l m i ʋ ɑ i̯ h eˣ ʋ i r t ɑ	0
kolmoissidos	k o l m o i̯ s s i d o s	0
kolmoistuotanto	k o l m o i̯ s t u o̯ t ɑ n t o	0
kolmoistutkinto	k o l m o i̯ s t u t k i n t o	0
kolo	k o l o	15
kolo	k o l oˣ	15
kolofoni	k o l o f o n i	0
kololintu	k o l o l i n t u	0
kolomarauta	k o l o m ɑ r ɑ u̯ t ɑ	0
kolonoskopia	k o l o n o s k o p i ɑ	0
kolopuu	k o l o p uː	0
koloradokuoriainen	k o l o r ɑ d o k u o̯ r i ɑ i̯ n e n	1
kolorauta	k o l o r ɑ u̯ t ɑ	0
kolorimetri	k o l o r i m e t r i	0
kolorimetria	k o l o r i m e t r i ɑ	0
kolorismi	k o l o r i s m i	0
kolpakko	k o l p ɑ kː o	0
kolpakkostrategi	k o l p ɑ kː o s t r ɑ t e ɡ i	0
kolpakot	k o l p ɑ k o t	0
kolpitsa	k o l p i t s ɑ	0
koltaani	k o l t ɑː n i	0
kolu	k o l u	9
kolumbiitti	k o l u m b iː tː i	1
koluta	k o l u t ɑˣ	2
kolvi	k o l ʋ i	0
komatiitti	k o m ɑ t iː tː i	0
kombinatoriaalinen	k o m b i n ɑ t o r i ɑː l i n e n	0
komeetta	k o m eː tː ɑ	56
komennuskunta	k o m e nː u s k u n t ɑ	1
komennusraha	k o m e nː u s r ɑ h ɑ	0
komentaa	k o m e n t ɑːˣ	16
komento	k o m e n t o	92
komentoalus	k o m e n t o ɑ l u s	1
komentojono	k o m e n t o j o n o	7
komentokehote	k o m e n t o k e h o t eˣ	2
komentopainike	k o m e n t o p ɑ i̯ n i k eˣ	1
komentosarja	k o m e n t o s ɑ r j ɑ	1
komentotalous	k o m e n t o t ɑ l o u s	0
komentotie	k o m e n t o t i e̯	0
komentotiedosto	k o m e n t o t i e̯ d o s t o	2
komitea	k o m i t e ɑ	127
komma	k o mː ɑ	0
kommandojoukot	k o mː ɑ n d o j o u̯ k o t	0
kommandoryhmä	k o mː ɑ n d o r y h m æ	0
kommentaari	k o mː e n t ɑː r i	5
kommitoida	k o mː i t o i̯ d ɑˣ	0
kommitti	k o mː i tː i	0
kommunikaatiokanava	k o mː u n i k ɑː t i o k ɑ n ɑ ʋ ɑ	0
kommunikointikykyinen	k o mː u n i k o i̯ n t i k y k y i̯ n e n	0
kommunikointimenetelmä	k o mː u n i k o i̯ n t i m e n e t e l m æ	0
kommutointi	k o mː u t o i̯ n t i	0
komorbiditeetti	k o m o r b i d i t eː tː i	0
komparaattori	k o m p ɑ r ɑː tː o r i	0
komparatiivinen	k o m p ɑ r ɑ t iː ʋ i n e n	0
kompassi	k o m p ɑ sː i	37
kompastella	k o m p ɑ s t e lː ɑˣ	1
kompensatorinen	k o m p e n s ɑ t o r i n e n	0
kompetentti	k o m p e t e n tː i	0
kompiloida	k o m p i l o i̯ d ɑˣ	0
kompleksiarvo	k o m p l e k s i ɑ r ʋ o	0
kompleksiarvoinen	k o m p l e k s i ɑ r ʋ o i̯ n e n	0
kompleksimonot	k o m p l e k s i m o n o t	0
kompleksiyhdiste	k o m p l e k s i y h d i s t eˣ	0
kompo	k o m p o	0
komponenttivideo	k o m p o n e n tː i ʋ i d e o	1
komposiittivideo	k o m p o s iː tː i ʋ i d e o	2
kompostimulta	k o m p o s t i m u l t ɑ	3
komppeli	k o m pː e l i	0
komppi	k o m pː i	3
kompressio	k o m p r e sː i o	5
komsio	k o m s i o	0
komtuuri	k o m t uː r i	0
komuutti	k o m uː tː i	0
kondensaatioreaktio	k o n d e n s ɑː t i o r e ɑ k t i o	0
kondensaattori	k o n d e n s ɑː tː o r i	4
kondori	k o n d oː r i	0
konduktiivisuus	k o n d u k t iː ʋ i s uː s	0
kone	k o n eˣ	442
konealus	k o n eˣ ɑ l u s	0
koneellisesti	k o n eː lː i s e s t iˣ	53
koneenasentaja	k o n eː n ɑ s e n t ɑ j ɑ	0
koneenosa	k o n eː n o s ɑ	0
koneenpiirustus	k o n eː n p iː r u s t u s	0
koneenrakennus	k o n eː n r ɑ k e nː u s	10
koneet	k o n eː t	290
konehalli	k o n eˣ h ɑ lː i	5
konehaudonta	k o n eˣ h ɑ u̯ d o n t ɑ	0
konehuolto	k o n eˣ h u o̯ l t o	1
koneinsinööri	k o n eˣ i n s i n øː r i	2
koneistaa	k o n e i̯ s t ɑːˣ	2
koneistus	k o n e i̯ s t u s	15
konekanta	k o n eˣ k ɑ n t ɑ	14
konekieli	k o n eˣ k i e̯ l i	2
konekirjoittaa	k o n eˣ k i r j o i̯ tː ɑːˣ	0
konekirjoituskopio	k o n eˣ k i r j o i̯ t u s k o p i o	0
konekirjonta	k o n eˣ k i r j o n t ɑ	1
konekivääri	k o n eˣ k i ʋ æː r i	9
konekiväärituli	k o n eˣ k i ʋ æː r i t u l i	0
konekäsky	k o n eˣ k æ s k y	0
konekäännös	k o n eˣ k æː nː ø s	1
koneladonta	k o n eˣ l ɑ d o n t ɑ	0
konelapio	k o n eˣ l ɑ p i o	0
konelatoja	k o n eˣ l ɑ t o j ɑ	0
koneluettava	k o n e l u e tː ɑ ʋ ɑ	0
konelypsy	k o n eˣ l y p s y	0
konemainen	k o n e m ɑ i̯ n e n	0
konemaisesti	k o n e m ɑ i̯ s e s t iˣ	4
konemestari	k o n eˣ m e s t ɑ r i	6
konemiehistö	k o n eˣ m i e̯ h i s t ø	0
konemies	k o n eˣ m i e̯ s	1
konenaula	k o n eˣ n ɑ u̯ l ɑ	0
koneneulonta	k o n eˣ n e u̯ l o n t ɑ	0
koneoppi	k o n eˣ o pː i	0
koneosuuskunta	k o n eˣ o s uː s k u n t ɑ	1
konepaperi	k o n eˣ p ɑ p e r i	0
konepesu	k o n eˣ p e s u	1
konepora	k o n eˣ p o r ɑ	0
konepuuseppä	k o n eˣ p uː s e pː æ	0
konepäällikkö	k o n eˣ p æː lː i kː ø	2
konepäällystö	k o n eˣ p æː lː y s t ø	0
konerasva	k o n eˣ r ɑ s ʋ ɑ	0
konerengas	k o n eˣ r e ŋː ɑ s	6
konerikko	k o n eˣ r i kː o	0
koneruuvi	k o n eˣ r uː ʋ i	0
konesaha	k o n eˣ s ɑ h ɑ	0
konesali	k o n eˣ s ɑ l i	0
konesaumakatto	k o n eˣ s ɑ u̯ m ɑ k ɑ tː o	0
konesuoja	k o n eˣ s u o̯ j ɑ	1
konesuunta	k o n eˣ s uː n t ɑ	0
konetekniikka	k o n eˣ t e k n iː kː ɑ	3
konetekninen	k o n eˣ t e k n i n e n	1
konetietoisuus	k o n eˣ t i e̯ t o i̯ s uː s	0
konetikkaat	k o n eˣ t i kː ɑː t	0
konetiskiaine	k o n eˣ t i s k i ɑ i̯ n eˣ	0
konetuliase	k o n eˣ t u l i ɑ s eˣ	1
konetyö	k o n eˣ t y ø̯	1
konetyökalu	k o n eˣ t y ø̯ k ɑ l u	0
konevasara	k o n eˣ ʋ ɑ s ɑ r ɑ	0
koneverstas	k o n eˣ ʋ e r s t ɑ s	0
konevoima	k o n eˣ ʋ o i̯ m ɑ	0
koneöljy	k o n eˣ ø l j y	0
konferenssiabstrakti	k o n f e r e n sː i ɑ b s t r ɑ k t i	0
konferenssiesitelmä	k o n f e r e n sː i e s i t e l m æ	1
konferenssijulkaisu	k o n f e r e n sː i j u l k ɑ i̯ s u	0
konfliktiteoria	k o n f l i k t i t e o r i ɑ	0
konformaatioisomeria	k o n f o r m ɑː t i o i s o m e r i ɑ	0
konfutselainen	k o n f u t s e l ɑ i̯ n e n	1
kongenitaalinen	k o n ɡ e n i t ɑː l i n e n	0
kongenitaalinen	k o ŋː e n i t ɑː l i n e n	0
kongonkahvi	k o ŋː o n k ɑ h ʋ i	0
kongressitalo	k o ŋ r e sː i t ɑ l o	4
kongruentti	k o ŋ r u e n tː i	0
konjakki	k o n j ɑ kː i	2
konjunktiivinen	k o n j u ŋ k t iː ʋ i n e n	2
konkaavisuus	k o ŋ k ɑː ʋ i s uː s	0
konkelo	k o ŋ k e l o	0
konki	k o ŋ k i	0
konkordanssi	k o ŋ k o r d ɑ n sː i	0
konna	k o nː ɑ	11
konnantyö	k o nː ɑ n t y ø̯	0
konnevesi	k o nː eˣ ʋ e s i	4
konneveteläinen	k o nː e ʋ e t e l æ i̯ n e n	0
konnevetinen	k o nː eˣ ʋ e t i n e n	0
konsaan	k o n s ɑː n	0
konsanaan	k o n s ɑ n ɑː n	46
konsernitilinpäätös	k o n s e r n i t i l i n p æː t ø s	2
konsertti	k o n s e r tː i	97
konserttitanssiaiset	k o n s e r tː i t ɑ n sː i ɑ i̯ s e t	0
konservointi	k o n s e r ʋ o i̯ n t i	3
konservointikertomus	k o n s e r ʋ o i̯ n t i k e r t o m u s	1
konservointilaboratorio	k o n s e r ʋ o i̯ n t i l ɑ b o r ɑ t o r i o	0
konservointilaitos	k o n s e r ʋ o i̯ n t i l ɑ i̯ t o s	6
konservointimenetelmä	k o n s e r ʋ o i̯ n t i m e n e t e l m æ	0
konsistori	k o n s i s t o r i	21
konsolikone	k o n s o l i k o n eˣ	0
konsolipöytä	k o n s o l i p ø y̯ t æ	0
konsonanttialkuinen	k o n s o n ɑ n tː i ɑ l k u i̯ n e n	0
konsonanttiloppuinen	k o n s o n ɑ n tː i l o pː u i̯ n e n	0
konsonanttivartalo	k o n s o n ɑ n tː i ʋ ɑ r t ɑ l o	0
konsta	k o n s t ɑ	26
konstailla	k o n s t ɑ i̯ lː ɑˣ	0
konstanssi	k o n s t ɑ n sː i	0
konstantin	k o n s t ɑ n t i n	8
konstantinus	k o n s t ɑ n t i n u s	5
konstikkaasti	k o n s t i kː ɑː s t iˣ	0
konstitutionaalinen	k o n s t i t u t i o n ɑː l i n e n	0
konstituutioisomeria	k o n s t i t uː t i o i s o m e r i ɑ	0
konstruktionismi	k o n s t r u k t i o n i s m i	1
konstruktivistinen	k o n s t r u k t i ʋ i s t i n e n	4
konstruktori	k o n s t r u k t o r i	1
konstruointivaihe	k o n s t r u o i̯ n t i ʋ ɑ i̯ h eˣ	0
konsulentti	k o n s u l e n tː i	3
konsultatiivinen	k o n s u l t ɑ t iː ʋ i n e n	1
konsumerismi	k o n s u m e r i s m i	1
konsyklinen	k o n s y k l i n e n	0
kontaktikieli	k o n t ɑ k t i k i e̯ l i	0
kontaktikulma	k o n t ɑ k t i k u l m ɑ	0
kontaktilasit	k o n t ɑ k t i l ɑ s i t	0
kontaktipinta	k o n t ɑ k t i p i n t ɑ	1
kontallaan	k o n t ɑ lː ɑː n	0
kontalleen	k o n t ɑ lː eː n	1
kontaltaan	k o n t ɑ l t ɑː n	1
kontaminaatio	k o n t ɑ m i n ɑː t i o	1
kontekstivalikko	k o n t e k s t i ʋ ɑ l i kː o	0
kontia	k o n t i ɑ	0
kontia	k o n t i ɑˣ	0
kontilleen	k o n t i lː eː n	0
kontiltaan	k o n t i l t ɑː n	0
kontingenssi	k o n t i ŋː e n sː i	3
kontingenssikerroin	k o n t i ŋː e n sː i k e rː o i̯ n	0
kontio	k o n t i o	31
kontiolahtelainen	k o n t i o l ɑ h t e l ɑ i̯ n e n	3
kontiolahti	k o n t i o l ɑ h t i	9
kontrabasisti	k o n t r ɑ b ɑ s i s t i	0
kontrafagotisti	k o n t r ɑ f ɑ ɡ o t i s t i	0
kontrahti	k o n t r ɑ h t i	1
kontraktio	k o n t r ɑ k t i o	1
kontralateraalinen	k o n t r ɑ l ɑ t e r ɑː l i n e n	0
kontraoktaavi	k o n t r ɑ o k t ɑː ʋ i	0
kontrapunkti	k o n t r ɑ p u ŋ k t i	0
kontrasubjekti	k o n t r ɑ s u b j e k t i	0
kontregardi	k o n t r e ɡ ɑ r d i	0
konttailla	k o n tː ɑ i̯ lː ɑˣ	0
kontti	k o n tː i	6
konttikuljetus	k o n tː i k u l j e t u s	0
konttikurottaja	k o n tː i k u r o tː ɑ j ɑ	0
konttilasti	k o n tː i l ɑ s t i	0
konttiluu	k o n tː i l uː	0
konttinosturi	k o n tː i n o s t u r i	0
konttisatama	k o n tː i s ɑ t ɑ m ɑ	1
konttorikone	k o n tː o r i k o n eˣ	2
konvehtirasia	k o n ʋ e h t i r ɑ s i ɑ	0
konveksisuus	k o n ʋ e k s i s uː s	0
konvektiovirtaus	k o n ʋ e k t i o ʋ i r t ɑ u s	1
konvergentti	k o n ʋ e r ɡ e n tː i	0
konvertaasi	k o n ʋ e r t ɑː s i	0
konvoloida	k o n ʋ o l o i̯ d ɑˣ	0
koo	k oː	4
koodausteoria	k oː d ɑ u s t e o r i ɑ	2
koodekki	k oː d e kː i	2
koodiarvo	k oː d i ɑ r ʋ o	0
koodisivu	k oː d i s i ʋ u	0
koodisto	k oː d i s t o	2
kookos	k oː k o s	1
kookoscurrykastike	k oː k o s k u rː i k ɑ s t i k eˣ	0
kookoscurrykastike	k oː k o s k ɑ rː i k ɑ s t i k eˣ	0
kookoskeksi	k oː k o s k e k s i	0
kookosmaito	k oː k o s m ɑ i̯ t o	1
kookosrasva	k oː k o s r ɑ s ʋ ɑ	0
kookosöljy	k oː k o s ø l j y	0
koolapuu	k oː l ɑ p uː	0
kooma	k oː m ɑ	4
koordinaatiosidos	k oː r d i n ɑː t i o s i d o s	0
koordinaatistoakseli	k oː r d i n ɑː t i s t o ɑ k s e l i	0
koordinaattimittauskone	k oː r d i n ɑː tː i m i tː ɑ u s k o n eˣ	0
koossapito	k oː sː ɑ p i t o	1
koostaa	k oː s t ɑːˣ	15
koostaminen	k oː s t ɑ m i n e n	6
kopahdella	k o p ɑ h d e lː ɑˣ	0
kopara	k o p ɑ r ɑ	0
koparakeitto	k o p ɑ r ɑ k e i̯ tː o	0
kopaus	k o p ɑ u s	0
kopeasti	k o p e ɑ s t iˣ	1
kopeekka	k o p eː kː ɑ	0
kopeilla	k o p e i̯ lː ɑˣ	0
kopiokortti	k o p i o k o r tː i	0
kopiosuojaus	k o p i o s u o̯ j ɑ u s	4
kopisti	k o p i s t i	1
koplanaarinen	k o p l ɑ n ɑː r i n e n	0
koponen	k o p o n e n	93
kopoti	k o p o t i	0
koppa	k o pː ɑ	3
koppi	k o pː i	17
koppisiemeninen	k o pː i s i e̯ m e n i n e n	0
koprolalia	k o p r o l ɑ l i ɑ	0
kopsahdella	k o p s ɑ h d e lː ɑˣ	0
kopula	k o p u l ɑ	0
koputus	k o p u t u s	3
koralli	k o r ɑ lː i	1
kore	k o r e	5
korea	k o r e ɑ	20
korealaismies	k o r e ɑ l ɑ i̯ s m i e̯ s	0
korealaisnainen	k o r e ɑ l ɑ i̯ s n ɑ i̯ n e n	0
koreasti	k o r e ɑ s t iˣ	6
koreittain	k o r e i̯ tː ɑ i̯ n	0
korhonen	k o r h o n e n	367
korikaari	k o r i k ɑː r i	0
korintti	k o r i n tː i	3
koripallokenttä	k o r i p ɑ lː o k e n tː æ	1
koripullo	k o r i p u lː o	0
koristaa	k o r i s t ɑːˣ	19
koristaja	k o r i s t ɑ j ɑ	0
koristaminen	k o r i s t ɑ m i n e n	0
koriste	k o r i s t eˣ	6
koristeaihe	k o r i s t eˣ ɑ i̯ h eˣ	1
koristekampa	k o r i s t eˣ k ɑ m p ɑ	0
koristekello	k o r i s t eˣ k e lː o	0
koristekrassi	k o r i s t eˣ k r ɑ sː i	0
koristelevy	k o r i s t eˣ l e ʋ y	1
koristelista	k o r i s t eˣ l i s t ɑ	0
koristella	k o r i s t e lː ɑˣ	6
koristemaalari	k o r i s t eˣ m ɑː l ɑ r i	3
koristemaalaus	k o r i s t eˣ m ɑː l ɑ u s	1
koristenappi	k o r i s t eˣ n ɑ pː i	0
koristenauha	k o r i s t eˣ n ɑ u̯ h ɑ	0
koristepensas	k o r i s t eˣ p e n s ɑ s	0
koristepoltto	k o r i s t eˣ p o l tː o	0
koristeteippi	k o r i s t eˣ t e i̯ pː i	0
koristetyyny	k o r i s t eˣ t yː n y	0
koristeveisto	k o r i s t eˣ ʋ e i̯ s t o	2
korituoli	k o r i t u o̯ l i	0
korjaamattomasti	k o r j ɑː m ɑ tː o m ɑ s t iˣ	2
korjata	k o r j ɑ t ɑˣ	394
korjauskerroin	k o r j ɑ u s k e rː o i̯ n	0
korjauskustannukset	k o r j ɑ u s k u s t ɑ nː u k s e t	16
korjausliike	k o r j ɑ u s l iː k eˣ	6
korjausluettelo	k o r j ɑ u s l u e tː e l o	0
korjausohjelma	k o r j ɑ u s o h j e l m ɑ	1
korjausrakennus	k o r j ɑ u s r ɑ k e nː u s	0
korjausrakentaminen	k o r j ɑ u s r ɑ k e n t ɑ m i n e n	17
korjaussuunnitelma	k o r j ɑ u s s uː nː i t e l m ɑ	2
korjausteippi	k o r j ɑ u s t e i̯ pː i	0
korjaustekijä	k o r j ɑ u s t e k i j æ	1
korjaustiedosto	k o r j ɑ u s t i e̯ d o s t o	0
korjussa	k o r j u sː ɑ	0
korjuuseen	k o r j uː s eː n	15
korjuussa	k o r j uː sː ɑ	3
korjuusää	k o r j uː s æː	0
korjuutyö	k o r j uː t y ø̯	0
korkea	k o r k e ɑ	875
korkeakouluneuvos	k o r k e ɑ k o u̯ l u n e u̯ ʋ o s	0
korkeakouluopinnot	k o r k e ɑ k o u̯ l u o p i nː o t	2
korkeapaineinen	k o r k e ɑ p ɑ i̯ n e i̯ n e n	2
korkeapaineturbiini	k o r k e ɑ p ɑ i̯ n eˣ t u r b iː n i	0
korkeasti	k o r k e ɑ s t iˣ	41
korkeimmillaan	k o r k e i̯ mː i lː ɑː n	43
korkeimmilleen	k o r k e i̯ mː i lː eː n	0
korkein	k o r k e i̯ n	439
korkeus	k o r k e u s	324
korkeusero	k o r k e u s e r o	17
korkeushyppy	k o r k e u s h y pː y	3
korkeusjana	k o r k e u s j ɑ n ɑ	2
korkeuskulma	k o r k e u s k u l m ɑ	0
korkeussuhde	k o r k e u s s u h d eˣ	0
korkeussuhteet	k o r k e u s s u h t eː t	3
korkeussuunta	k o r k e u s s uː n t ɑ	0
korkeusvakaaja	k o r k e u s ʋ ɑ k ɑː j ɑ	0
korkinavaaja	k o r k i n ɑ ʋ ɑː j ɑ	1
korkituskone	k o r k i t u s k o n eˣ	0
korkkihuokonen	k o r kː i h u o̯ k o n e n	0
korkkijälsi	k o r kː i j æ l s i	1
korkkilastu	k o r kː i l ɑ s t u	0
korkkimatto	k o r kː i m ɑ tː o	0
korkkitammi	k o r kː i t ɑ mː i	0
korkoerä	k o r k o e r æ	0
korkokuukausi	k o r k o k uː k ɑ u̯ s i	0
korkokuva	k o r k o k u ʋ ɑ	4
korkomenot	k o r k o m e n o t	6
korkoprosentti	k o r k o p r o s e n tː i	1
korkopuristus	k o r k o p u r i s t u s	0
korkorahasto	k o r k o r ɑ h ɑ s t o	5
korkorauta	k o r k o r ɑ u̯ t ɑ	0
korkotukilaina	k o r k o t u k i l ɑ i̯ n ɑ	8
korkovarat	k o r k o ʋ ɑ r ɑ t	0
korkuinen	k o r k u i̯ n e n	26
koroke	k o r o k eˣ	8
korokekansi	k o r o k eˣ k ɑ n s i	0
korostaminen	k o r o s t ɑ m i n e n	77
korosteinen	k o r o s t e i̯ n e n	0
korosteisesti	k o r o s t e i̯ s e s t iˣ	0
korottaminen	k o r o tː ɑ m i n e n	41
korotusmerkki	k o r o t u s m e r kː i	0
korpela	k o r p e l ɑ	83
korpi	k o r p i	20
korpisara	k o r p i s ɑ r ɑ	0
korporatiivinen	k o r p o r ɑ t iː ʋ i n e n	1
korppi	k o r pː i	13
korpus	k o r p u s	0
korrehtuuri	k o rː e h t uː r i	0
korrehtuurivedos	k o rː e h t uː r i ʋ e d o s	0
korsetti	k o r s e tː i	0
korsi	k o r s i	7
korsikanritari	k o r s i k ɑ n r i t ɑ r i	0
korsivarsi	k o r s i ʋ ɑ r s i	0
korskahdella	k o r s k ɑ h d e lː ɑˣ	0
korskeasti	k o r s k e ɑ s t iˣ	0
korskeilla	k o r s k e i̯ lː ɑˣ	0
korsnäs	k u r s n æː s	4
kortinlukija	k o r t i n l u k i j ɑ	9
kortinlyönti	k o r t i n l y ø̯ n t i	0
kortistokortti	k o r t i s t o k o r tː i	0
kortsu	k o r t s u	1
kortteeri	k o r tː eː r i	1
korttelipoliisi	k o r tː e l i p o l iː s i	1
korttiannos	k o r tː i ɑ nː o s	0
korttiautomaatti	k o r tː i ɑ u t o m ɑː tː i	0
korttiavain	k o r tː i ɑ ʋ ɑ i̯ n	0
korttihuijari	k o r tː i h u i̯ j ɑ r i	0
korttikello	k o r tː i k e lː o	0
korttikotelo	k o r tː i k o t e l o	0
korttilaatikko	k o r tː i l ɑː t i kː o	0
korttilukko	k o r tː i l u kː o	0
korttiluotto	k o r tː i l u o̯ tː o	0
korttinumero	k o r tː i n u m e r o	1
korttipaikka	k o r tː i p ɑ i̯ kː ɑ	1
korttipinkka	k o r tː i p i ŋ kː ɑ	0
korttisakki	k o r tː i s ɑ kː i	0
korttisäännöstely	k o r tː i s æː nː ø s t e l y	0
korttitemppu	k o r tː i t e m pː u	1
korttitieto	k o r tː i t i e̯ t o	0
korukannet	k o r u k ɑ nː e t	0
korukuvio	k o r u k u ʋ i o	0
koruneula	k o r u n e u̯ l ɑ	0
korupainos	k o r u p ɑ i̯ n o s	0
koruttomasti	k o r u tː o m ɑ s t iˣ	6
korva	k o r ʋ ɑ	36
korvaaja	k o r ʋ ɑː j ɑ	3
korvaaminen	k o r ʋ ɑː m i n e n	67
korvake	k o r ʋ ɑ k eˣ	0
korvaketuppi	k o r ʋ ɑ k eˣ t u pː i	0
korvakipu	k o r ʋ ɑ k i p u	0
korvakko	k o r ʋ ɑ kː o	0
korvaklinikka	k o r ʋ ɑ k l i n i kː ɑ	0
korvakoira	k o r ʋ ɑ k o i̯ r ɑ	0
korvalaput	k o r ʋ ɑ l ɑ p u t	0
korvalehti	k o r ʋ ɑ l e h t i	2
korvallinen	k o r ʋ ɑ lː i n e n	0
korvalusikka	k o r ʋ ɑ l u s i kː ɑ	0
korvaläppä	k o r ʋ ɑ l æ pː æ	0
korvalääkäri	k o r ʋ ɑ l æː k æ r i	4
korvansuojus	k o r ʋ ɑ n s u o̯ j u s	0
korvantaus	k o r ʋ ɑ n t ɑ u̯ s	0
korvantausta	k o r ʋ ɑ n t ɑ u̯ s t ɑ	0
korvaruisku	k o r ʋ ɑ r u i̯ s k u	0
korvasairaus	k o r ʋ ɑ s ɑ i̯ r ɑ u s	1
korvasienikeitto	k o r ʋ ɑ s i e̯ n i k e i̯ tː o	0
korvasokkelo	k o r ʋ ɑ s o kː e l o	0
korvata	k o r ʋ ɑ t ɑˣ	529
korvatauti	k o r ʋ ɑ t ɑ u̯ t i	0
korvattavuus	k o r ʋ ɑ tː ɑ ʋ uː s	7
korvatunturi	k o r ʋ ɑ t u n t u r i	1
korvatyyny	k o r ʋ ɑ t yː n y	0
korvaus	k o r ʋ ɑ u s	278
korvauskäsittely	k o r ʋ ɑ u s k æ s i tː e l y	1
korvausperuste	k o r ʋ ɑ u s p e r u s t eˣ	2
korvautumisreaktio	k o r ʋ ɑ u t u m i s r e ɑ k t i o	0
korventaa	k o r ʋ e n t ɑː	0
korventaa	k o r ʋ e n t ɑːˣ	0
korvikeaine	k o r ʋ i k eˣ ɑ i̯ n eˣ	0
korvikealkoholi	k o r ʋ i k eˣ ɑ l k o h o l i	0
kosia	k o s i ɑˣ	1
kosintamenot	k o s i n t ɑ m e n o t	0
koska	k o s k ɑ	9803
koskea	k o s k e ɑ	135
koskea	k o s k e ɑˣ	135
koskela	k o s k e l ɑ	76
koskelainen	k o s k e l ɑ i̯ n e n	13
koskenkorva	k o s k e n k o r ʋ ɑ	25
koskenlasku	k o s k e n l ɑ s k u	8
kosketa	k o s k e t ɑˣ	42
kosketella	k o s k e t e lː ɑˣ	10
kosketinsoittaja	k o s k e t i n s o i̯ tː ɑ j ɑ	22
koskettava	k o s k e tː ɑ ʋ ɑ	41
kosketteleminen	k o s k e tː e l e m i n e n	0
kosketuspiste	k o s k e t u s p i s t eˣ	0
kosketustartunta	k o s k e t u s t ɑ r t u n t ɑ	0
koski	k o s k i	320
koskikalastus	k o s k i k ɑ l ɑ s t u s	0
koskikorento	k o s k i k o r e n t o	0
koskilainen	k o s k i l ɑ i̯ n e n	0
koskimelonta	k o s k i m e l o n t ɑ	0
koskinen	k o s k i n e n	292
koskiosuus	k o s k i o s uː s	1
koskivene	k o s k i ʋ e n eˣ	0
koskivoima	k o s k i ʋ o i̯ m ɑ	0
kosmetiikka	k o s m e t iː kː ɑ	6
kosmogoninen	k o s m o ɡ o n i n e n	0
kosolti	k o s o l t iˣ	25
kostaa	k o s t ɑːˣ	20
kostaja	k o s t ɑ j ɑ	1
kostaminen	k o s t ɑ m i n e n	0
kosteussuojaus	k o s t e u s s u o̯ j ɑ u s	0
kosti	k o s t i	26
kosto	k o s t o	14
kostomurha	k o s t o m u r h ɑ	0
kostonhimo	k o s t o n h i m o	0
kostotoimi	k o s t o t o i̯ m i	0
kostuli	k o s t u l i	0
kostus	k o s t u s	0
kostuttaa	k o s t u tː ɑːˣ	8
kostutusvesi	k o s t u t u s ʋ e s i	0
kota	k o t ɑ	31
kotelo	k o t e l o	64
koteloitiö	k o t e l o i t i ø	0
koteloitua	k o t e l o i̯ t u ɑˣ	3
kotelokartonki	k o t e l o k ɑ r t o ŋ k i	0
kotelokoppa	k o t e l o k o pː ɑ	0
kotelomalja	k o t e l o m ɑ l j ɑ	0
kotelopalkkisilta	k o t e l o p ɑ l kː i s i l t ɑ	1
kotelopalko	k o t e l o p ɑ l k o	0
kotelopallo	k o t e l o p ɑ lː o	0
kotelopullo	k o t e l o p u lː o	0
kotelorakko	k o t e l o r ɑ kː o	0
kotelotuuletin	k o t e l o t uː l e t i n	0
koti	k o t i	344
kotiaine	k o t i ɑ i̯ n eˣ	4
kotialue	k o t i ɑ l u eˣ	0
kotiansiotyö	k o t i ɑ n s i o t y ø̯	1
kotihipat	k o t i h i p ɑ t	0
kotihoitotuki	k o t i h o i̯ t o t u k i	0
kotikalja	k o t i k ɑ l j ɑ	3
kotikielenopettaja	k o t i k i e̯ l e n o p e tː ɑ j ɑ	0
kotikuri	k o t i k u r i	0
kotikutsut	k o t i k u t s u t	1
kotikäynti	k o t i k æ y̯ n t i	6
kotilainen	k o t i l ɑ i̯ n e n	42
kotilo	k o t i l o	0
kotimaa	k o t i m ɑː	21
kotimaanlento	k o t i m ɑː n l e n t o	0
kotimaanmarkkinat	k o t i m ɑː n m ɑ r kː i n ɑ t	0
kotimainen	k o t i m ɑ i̯ n e n	237
kotimarkkinat	k o t i m ɑ r kː i n ɑ t	9
kotimarkkinateollisuus	k o t i m ɑ r kː i n ɑ t e o lː i s uː s	3
kotimikro	k o t i m i k r o	1
kotimurre	k o t i m u rː eˣ	0
kotimuseo	k o t i m u s e o	5
kotiolot	k o t i o l o t	8
kotiopettaja	k o t i o p e tː ɑ j ɑ	2
kotiosoite	k o t i o s o i̯ t eˣ	4
kotipalsta	k o t i p ɑ l s t ɑ	1
kotipalvelin	k o t i p ɑ l ʋ e l i n	0
kotipihlaja	k o t i p i h l ɑ j ɑ	1
kotipiiri	k o t i p iː r i	1
kotipolku	k o t i p o l k u	2
kotiruoka	k o t i r u o̯ k ɑ	9
kotiseutuarkisto	k o t i s e u̯ t u ɑ r k i s t o	7
kotiseutujuhla	k o t i s e u̯ t u j u h l ɑ	3
kotiseutumuseo	k o t i s e u̯ t u m u s e o	40
kotiseutuneuvos	k o t i s e u̯ t u n e u̯ ʋ o s	2
kotiseutututkimus	k o t i s e u̯ t u t u t k i m u s	1
kotiseututyö	k o t i s e u̯ t u t y ø̯	4
kotitakki	k o t i t ɑ kː i	0
kotitalousneuvos	k o t i t ɑ l o u s n e u̯ ʋ o s	0
kotitalousopettaja	k o t i t ɑ l o u s o p e tː ɑ j ɑ	1
kotitaloustyö	k o t i t ɑ l o u s t y ø̯	1
kotitarvekalastus	k o t i t ɑ r ʋ eˣ k ɑ l ɑ s t u s	0
kotiteatteri	k o t i t e ɑ tː e r i	10
kotiteollisuus	k o t i t e o lː i s uː s	5
kotiteollisuusneuvos	k o t i t e o lː i s uː s n e u̯ ʋ o s	0
kotitie	k o t i t i e̯	0
kotiutua	k o t i u t u ɑˣ	6
kotivaltio	k o t i ʋ ɑ l t i o	1
kotiverkko	k o t i ʋ e r kː o	1
kotiviini	k o t i ʋ iː n i	0
kotiväki	k o t i ʋ æ k i	7
kotiympäristö	k o t i y m p æ r i s t ø	2
kotka	k o t k ɑ	114
kotkalainen	k o t k ɑ l ɑ i̯ n e n	16
kotkansiipi	k o t k ɑ n s iː p i	1
koto	k o t o	0
kotoa	k o t o ɑ	176
kotoisesti	k o t o i̯ s e s t iˣ	0
kotomaa	k o t o m ɑː	0
kotoperäinen	k o t o p e r æ i̯ n e n	1
kotosalle	k o t o s ɑ lː eˣ	0
kotosalta	k o t o s ɑ l t ɑ	0
kotva	k o t ʋ ɑ	0
kotvia	k o t ʋ i ɑˣ	0
koukerrella	k o u̯ k e rː e lː ɑˣ	0
koukistaja	k o u̯ k i s t ɑ j ɑ	0
koukku	k o u̯ kː u	27
koukkuaura	k o u̯ kː u ɑ u r ɑ	0
koukkukalastus	k o u̯ kː u k ɑ l ɑ s t u s	1
koukkulyönti	k o u̯ kː u l y ø̯ n t i	0
koukkupyydys	k o u̯ kː u p yː d y s	0
koukkupyynti	k o u̯ kː u p yː n t i	0
koukkuselkä	k o u̯ kː u s e l k æ	1
kouko	k o u̯ k o	0
koulia	k o u̯ l i ɑˣ	2
kouluaine	k o u̯ l u ɑ i̯ n eˣ	1
koulualus	k o u̯ l u ɑ l u s	0
kouluaste	k o u̯ l u ɑ s t eˣ	1
kouluateria	k o u̯ l u ɑ t e r i ɑ	0
kouluauto	k o u̯ l u ɑ u t o	0
kouluavustaja	k o u̯ l u ɑ ʋ u s t ɑ j ɑ	7
koulubussi	k o u̯ l u b u sː i	0
kouludemokratia	k o u̯ l u d e m o k r ɑ t i ɑ	0
kouluelämä	k o u̯ l u e l æ m æ	3
kouluesimerkki	k o u̯ l u e s i m e r kː i	2
kouluhallinto	k o u̯ l u h ɑ lː i n t o	0
kouluhaluttomuus	k o u̯ l u h ɑ l u tː o m uː s	0
kouluhammaslääkäri	k o u̯ l u h ɑ mː ɑ s l æː k æ r i	0
kouluhoitaja	k o u̯ l u h o i̯ t ɑ j ɑ	1
koulujuhla	k o u̯ l u j u h l ɑ	0
koulujärjestelmä	k o u̯ l u j æ r j e s t e l m æ	5
koulukalusto	k o u̯ l u k ɑ l u s t o	0
koulukartasto	k o u̯ l u k ɑ r t ɑ s t o	0
koulukasvatus	k o u̯ l u k ɑ s ʋ ɑ t u s	0
koulukeittiö	k o u̯ l u k e i̯ tː i ø	3
koulukeittola	k o u̯ l u k e i̯ tː o l ɑ	5
koulukielioppi	k o u̯ l u k i e̯ l i o pː i	0
koulukirja	k o u̯ l u k i r j ɑ	1
koulukiusattu	k o u̯ l u k i u̯ s ɑ tː u	4
koulukone	k o u̯ l u k o n eˣ	1
koulukoti	k o u̯ l u k o t i	2
koulukuljetus	k o u̯ l u k u l j e t u s	13
koulukuraattori	k o u̯ l u k u r ɑː tː o r i	33
koulukuri	k o u̯ l u k u r i	1
koulukurssi	k o u̯ l u k u r sː i	1
koulukypsyys	k o u̯ l u k y p s yː s	1
koulukypsä	k o u̯ l u k y p s æ	1
koulukäsityö	k o u̯ l u k æ s i t y ø̯	0
koululaisauto	k o u̯ l u l ɑ i̯ s ɑ u t o	0
koululaitos	k o u̯ l u l ɑ i̯ t o s	20
koululaiva	k o u̯ l u l ɑ i̯ ʋ ɑ	3
koululakko	k o u̯ l u l ɑ kː o	0
koululapsi	k o u̯ l u l ɑ p s i	0
koululautakunta	k o u̯ l u l ɑ u̯ t ɑ k u n t ɑ	27
koululento	k o u̯ l u l e n t o	0
koululiikunta	k o u̯ l u l iː k u n t ɑ	8
koululuokka	k o u̯ l u l u o̯ kː ɑ	8
koululääketiede	k o u̯ l u l æː k eˣ t i e̯ d eˣ	6
koululääkäri	k o u̯ l u l æː k æ r i	13
koulumaailma	k o u̯ l u m ɑː i l m ɑ	2
koulumatka	k o u̯ l u m ɑ t k ɑ	45
koulumenestys	k o u̯ l u m e n e s t y s	7
koulumestari	k o u̯ l u m e s t ɑ r i	2
koulumestarimainen	k o u̯ l u m e s t ɑ r i m ɑ i̯ n e n	0
koulumies	k o u̯ l u m i e̯ s	2
koulunero	k o u̯ l u n e r o	0
kouluneuvos	k o u̯ l u n e u̯ ʋ o s	5
koulunjohtaja	k o u̯ l u n j o h t ɑ j ɑ	21
koulunkäynyt	k o u̯ l u n k æ y̯ n y t	0
koulunopettaja	k o u̯ l u n o p e tː ɑ j ɑ	0
koulunpenkki	k o u̯ l u n p e ŋ kː i	0
koulunuoriso	k o u̯ l u n u o̯ r i s o	0
koulunuudistus	k o u̯ l u n uː d i s t u s	1
koulunäytelmä	k o u̯ l u n æ y̯ t e l m æ	0
kouluopetus	k o u̯ l u o p e t u s	6
kouluopinnot	k o u̯ l u o p i nː o t	1
koulupainos	k o u̯ l u p ɑ i̯ n o s	0
koulupakko	k o u̯ l u p ɑ kː o	0
koulupelko	k o u̯ l u p e l k o	2
koulupiiri	k o u̯ l u p iː r i	4
koulupinnari	k o u̯ l u p i nː ɑ r i	0
koulupinnaus	k o u̯ l u p i nː ɑ u s	2
koulupoika	k o u̯ l u p o i̯ k ɑ	2
koulupolitiikka	k o u̯ l u p o l i t iː kː ɑ	0
koulupsykologi	k o u̯ l u p s y k o l o ɡ i	28
koulupsykologia	k o u̯ l u p s y k o l o ɡ i ɑ	7
koulurakennus	k o u̯ l u r ɑ k e nː u s	61
kouluratsastus	k o u̯ l u r ɑ t s ɑ s t u s	4
koulurauha	k o u̯ l u r ɑ u̯ h ɑ	4
kouluretkeily	k o u̯ l u r e t k e i̯ l y	0
kouluretki	k o u̯ l u r e t k i	0
kouluruoka	k o u̯ l u r u o̯ k ɑ	13
kouluruokailu	k o u̯ l u r u o̯ k ɑ i̯ l u	15
koulusaavutus	k o u̯ l u s ɑː ʋ u t u s	0
koulusihteeri	k o u̯ l u s i h t eː r i	3
koulusivistys	k o u̯ l u s i ʋ i s t y s	0
koulutarvikkeet	k o u̯ l u t ɑ r ʋ i kː eː t	7
koulutaulu	k o u̯ l u t ɑ u̯ l u	0
koulutehtävä	k o u̯ l u t e h t æ ʋ æ	0
kouluterveydenhoitaja	k o u̯ l u t e r ʋ e y d e n h o i̯ t ɑ j ɑ	28
kouluterveydenhuolto	k o u̯ l u t e r ʋ e y d e n h u o̯ l t o	39
koulutie	k o u̯ l u t i e̯	26
koulutieto	k o u̯ l u t i e̯ t o	0
koulutoimenjohtaja	k o u̯ l u t o i̯ m e n j o h t ɑ j ɑ	54
koulutoimentarkastaja	k o u̯ l u t o i̯ m e n t ɑ r k ɑ s t ɑ j ɑ	1
koulutoiminta	k o u̯ l u t o i̯ m i n t ɑ	5
koulutoveri	k o u̯ l u t o ʋ e r i	0
koulutulokas	k o u̯ l u t u l o k ɑ s	1
koulutunti	k o u̯ l u t u n t i	0
koulutusala	k o u̯ l u t u s ɑ l ɑ	8
koulutusammatti	k o u̯ l u t u s ɑ mː ɑ tː i	0
koulutusaste	k o u̯ l u t u s ɑ s t eˣ	8
koulutusjohtaja	k o u̯ l u t u s j o h t ɑ j ɑ	18
koulutusjärjestelmä	k o u̯ l u t u s j æ r j e s t e l m æ	34
koulutuslentokone	k o u̯ l u t u s l e n t o k o n eˣ	0
koulutusmateriaali	k o u̯ l u t u s m ɑ t e r i ɑː l i	8
koulutusmuoto	k o u̯ l u t u s m u o̯ t o	8
koulutusneuvosto	k o u̯ l u t u s n e u̯ ʋ o s t o	1
koulutusorganisaatio	k o u̯ l u t u s o r ɡ ɑ n i s ɑː t i o	4
koulutuspoliittinen	k o u̯ l u t u s p o l iː tː i n e n	23
koulutuspolitiikka	k o u̯ l u t u s p o l i t iː kː ɑ	7
koulutussektori	k o u̯ l u t u s s e k t o r i	0
koulutussopimus	k o u̯ l u t u s s o p i m u s	3
koulutustarjonta	k o u̯ l u t u s t ɑ r j o n t ɑ	21
koulutustuki	k o u̯ l u t u s t u k i	9
koulutyö	k o u̯ l u t y ø̯	31
kouluvaikeus	k o u̯ l u ʋ ɑ i̯ k e u s	0
kouluvalmius	k o u̯ l u ʋ ɑ l m i u s	1
kouluvelvollisuus	k o u̯ l u ʋ e l ʋ o lː i s uː s	0
kouluviihtyvyys	k o u̯ l u ʋ iː h t y ʋ yː s	4
kouluviikko	k o u̯ l u ʋ iː kː o	4
kouluviranomainen	k o u̯ l u ʋ i r ɑ n o m ɑ i̯ n e n	0
kouluvuosi	k o u̯ l u ʋ u o̯ s i	2
kouluväki	k o u̯ l u ʋ æ k i	3
kouluväkivalta	k o u̯ l u ʋ æ k i ʋ ɑ l t ɑ	1
koura	k o u̯ r ɑ	7
kouristuksenomaisesti	k o u̯ r i s t u k s e n o m ɑ i̯ s e s t iˣ	3
kouristus	k o u̯ r i s t u s	0
kourukirves	k o u̯ r u k i r ʋ e s	0
kourutaltta	k o u̯ r u t ɑ l tː ɑ	0
kourutiili	k o u̯ r u t iː l i	0
kousa	k o u̯ s ɑ	6
koutokeino	k o u̯ t o k e i̯ n o	1
koutsi	k o u̯ t s i	0
kouvola	k o u̯ ʋ o l ɑ	74
kouvolainen	k o u̯ ʋ o l ɑ i̯ n e n	0
kouvolalainen	k o u̯ ʋ o l ɑ l ɑ i̯ n e n	11
kova	k o ʋ ɑ	549
kovakallo	k o ʋ ɑ k ɑ lː o	0
kovakoodata	k o ʋ ɑ k oː d ɑ t ɑˣ	0
kovakätisesti	k o ʋ ɑ k æ t i s e s t iˣ	0
kovalenttinen	k o ʋ ɑ l e n tː i n e n	0
kovalevyasema	k o ʋ ɑ l e ʋ y ɑ s e m ɑ	0
kovametalli	k o ʋ ɑ m e t ɑ lː i	0
kovanaama	k o ʋ ɑ n ɑː m ɑ	0
kovaosainen	k o ʋ ɑ o s ɑ i̯ n e n	0
kovariaatti	k o ʋ ɑ r i ɑː tː i	0
kovariantti	k o ʋ ɑ r i ɑ n tː i	0
kovasanainen	k o ʋ ɑ s ɑ n ɑ i̯ n e n	0
kovasydämisesti	k o ʋ ɑ s y d æ m i s e s t iˣ	1
kovaäänisesti	k o ʋ ɑ æː n i s e s t iˣ	8
koveli	k o ʋ e l i	0
kovelliini	k o ʋ e lː iː n i	0
kovempi	k o ʋ e m p i	42
kovera	k o ʋ e r ɑ	7
koveri	k o ʋ e r i	0
koverokirves	k o ʋ e r o k i r ʋ e s	0
koversini	k o ʋ e r s i n i	0
kovetettu	k o ʋ e t e tː u	1
kovettuma	k o ʋ e tː u m ɑ	0
kovin	k o ʋ i n	1571
kovuinen	k o ʋ u i̯ n e n	0
kowari	k o w ɑ r i	0
kraakku	k r ɑː kː u	0
kraanavesi	k r ɑː n ɑ ʋ e s i	0
kraftlaineri	k r ɑ f t l ɑ i̯ n e r i	0
kraniaalinen	k r ɑ n i ɑː l i n e n	0
kraniologi	k r ɑ n i o l o ɡ i	0
krapu	k r ɑ p u	3
krapula	k r ɑ p u l ɑ	7
kravatti	k r ɑ ʋ ɑ tː i	5
kravattisonni	k r ɑ ʋ ɑ tː i s o nː i	1
kreationisti	k r e ɑ t i o n i s t i	0
kreeta	k r eː t ɑ	8
kreikatar	k r e i̯ k ɑ t ɑ r	0
kreikka	k r e i̯ kː ɑ	45
krematoida	k r e m ɑ t o i̯ d ɑˣ	0
kreolikieli	k r e o l i k i e̯ l i	0
krepsi	k r e p s i	0
kriikuna	k r iː k u n ɑ	0
kriisi	k r iː s i	79
kriisiala	k r iː s i ɑ l ɑ	0
kriisiapu	k r iː s i ɑ p u	2
krillihylje	k r i lː i h y l j eˣ	0
krista	k r i s t ɑ	27
kristalli	k r i s t ɑ lː i	3
kristallografinen	k r i s t ɑ lː o ɡ r ɑ f i n e n	0
kristian	k r i s t i ɑ n	65
kristiina	k r i s t iː n ɑ	143
kristiinalainen	k r i s t iː n ɑ l ɑ i̯ n e n	0
kristiinankaupunki	k r i s t iː n ɑ n k ɑ u̯ p u ŋ k i	3
kristiinankaupunkilainen	k r i s t iː n ɑ n k ɑ u̯ p u ŋ k i l ɑ i̯ n e n	2
kristitty	k r i s t i tː y	99
kristo	k r i s t o	4
kroatia	k r o ɑ t i ɑ	13
kroissantti	k r o i̯ sː ɑ n tː i	0
krokaani	k r o k ɑː n i	0
kroketti	k r o k e tː i	2
kromaliini	k r o m ɑ l iː n i	1
kromatidi	k r o m ɑ t i d i	0
kromatiini	k r o m ɑ t iː n i	0
kromatofori	k r o m ɑ t o f o r i	0
kromirauta	k r o m i r ɑ u̯ t ɑ	0
kromosomistomutaatio	k r o m o s o m i s t o m u t ɑː t i o	0
kronologia	k r o n o l o ɡ i ɑ	1
kroppa	k r o pː ɑ	7
kropsu	k r o p s u	1
krouvi	k r o u̯ ʋ i	3
krupula	k r u p u l ɑ	0
krustadi	k r u s t ɑ d i	0
krutongi	k r u t o ŋː i	0
krutonki	k r u t o ŋ k i	0
kruunausviitta	k r uː n ɑ u s ʋ iː tː ɑ	0
kruunu	k r uː n u	24
kruunuhäät	k r uː n u h æː t	0
kruunulinna	k r uː n u l i nː ɑ	0
kruunumorsian	k r uː n u m o r s i ɑ n	0
kruunupyy	k r uː n u p yː	5
kruunupyyläinen	k r uː n u p yː l æ i̯ n e n	0
kruunusuvikakkara	k r uː n u s u ʋ i k ɑ kː ɑ r ɑ	0
krymppi	k r y m pː i	0
kryoelektronimikroskopia	k r y o e l e k t r o n i m i k r o s k o p i ɑ	0
kryoturbaatio	k r y o t u r b ɑː t i o	0
kryptoanalyysi	k r y p t o ɑ n ɑ l yː s i	0
krysokolla	k r y s o k o lː ɑ	0
ksenobioottinen	k s e n o b i oː tː i n e n	0
ksenofobia	k s e n o f o b i ɑ	1
ksenoliitti	k s e n o l iː tː i	0
ksenonlamppu	k s e n o n l ɑ m pː u	0
ksenotiimi	k s e n o t iː m i	0
kserofiili	k s e r o f iː l i	0
kserofiilinen	k s e r o f iː l i n e n	0
ksii	k s iː	0
ksylanaasi	k s y l ɑ n ɑː s i	0
ksylitoli	k s y l i t o l i	8
kudekuviollinen	k u d eˣ k u ʋ i o lː i n e n	0
kudo	k u d oˣ	1
kudontatyö	k u d o n t ɑ t y ø̯	0
kudos	k u d o s	19
kudosneste	k u d o s n e s t eˣ	0
kudospankki	k u d o s p ɑ ŋ kː i	0
kudosteknologia	k u d o s t e k n o l o ɡ i ɑ	0
kuguaari	k u ɡ u ɑː r i	0
kuha	k u h ɑ	42
kuhankeittäjä	k u h ɑ n k e i̯ tː æ j æ	1
kuhmo	k u h m o	23
kuhmoinen	k u h m o i̯ n e n	16
kuhmoislainen	k u h m o i̯ s l ɑ i̯ n e n	0
kuhmolainen	k u h m o l ɑ i̯ n e n	6
kuhnailla	k u h n ɑ i̯ lː ɑˣ	0
kuhnia	k u h n i ɑˣ	0
kuhnuri	k u h n u r i	0
kuhnustella	k u h n u s t e lː ɑˣ	0
kuhun	k u h u n	0
kuhunka	k u h u ŋ k ɑ	0
kuiden	k u i̯ d e n	6
kuikka	k u i̯ kː ɑ	40
kuikui	k u i̯ k u i̯	0
kuilu	k u i̯ l u	46
kuin	k u i̯ n	30090
kuinka	k u i̯ ŋ k ɑ	3840
kuiskutella	k u i̯ s k u t e lː ɑˣ	0
kuiskuttaa	k u i̯ s k u tː ɑːˣ	0
kuisma	k u i̯ s m ɑ	42
kuisti	k u i̯ s t i	17
kuitten	k u i̯ tː e n	0
kuitti	k u i̯ tː i	31
kuitu	k u i̯ t u	17
kuituaine	k u i̯ t u ɑ i̯ n eˣ	0
kuitukasvi	k u i̯ t u k ɑ s ʋ i	0
kuituliitin	k u i̯ t u l iː t i n	0
kuitupaperi	k u i̯ t u p ɑ p e r i	0
kuitusekoite	k u i̯ t u s e k o i̯ t eˣ	0
kuitusuunta	k u i̯ t u s uː n t ɑ	0
kuiva	k u i̯ ʋ ɑ	174
kuiva	k u i̯ ʋ ɑˣ	174
kuivaelementti	k u i̯ ʋ ɑ e l e m e n tː i	0
kuivaharjaus	k u i̯ ʋ ɑ h ɑ r j ɑ u s	0
kuivahtaa	k u i̯ ʋ ɑ h t ɑːˣ	7
kuivailla	k u i̯ ʋ ɑ i̯ lː ɑˣ	0
kuivakiskoisesti	k u i̯ ʋ ɑ k i s k o i̯ s e s t iˣ	0
kuivakkokasvi	k u i̯ ʋ ɑ kː o k ɑ s ʋ i	0
kuivakukka	k u i̯ ʋ ɑ k u kː ɑ	0
kuivalanta	k u i̯ ʋ ɑ l ɑ n t ɑ	2
kuivalastialus	k u i̯ ʋ ɑ l ɑ s t i ɑ l u s	0
kuivalihakeitto	k u i̯ ʋ ɑ l i h ɑ k e i̯ tː o	0
kuivalujuus	k u i̯ ʋ ɑ l u j uː s	0
kuivamustekynä	k u i̯ ʋ ɑ m u s t eˣ k y n æ	0
kuivaneulapiirros	k u i̯ ʋ ɑ n e u̯ l ɑ p iː rː o s	0
kuivapaino	k u i̯ ʋ ɑ p ɑ i̯ n o	0
kuivapesu	k u i̯ ʋ ɑ p e s u	0
kuivatislauskaasu	k u i̯ ʋ ɑ t i s l ɑ u s k ɑː s u	0
kuivatus	k u i̯ ʋ ɑ t u s	18
kuivatusosa	k u i̯ ʋ ɑ t u s o s ɑ	0
kuivatustyö	k u i̯ ʋ ɑ t u s t y ø̯	0
kuivauskone	k u i̯ ʋ ɑ u s k o n eˣ	0
kuivaustela	k u i̯ ʋ ɑ u s t e l ɑ	0
kuivausteline	k u i̯ ʋ ɑ u s t e l i n eˣ	0
kuivausyksikkö	k u i̯ ʋ ɑ u s y k s i kː ø	0
kuivettaa	k u i̯ ʋ e tː ɑːˣ	0
kuiviltaan	k u i̯ ʋ i l t ɑː n	2
kuivua	k u i̯ ʋ u ɑˣ	60
kuivuus	k u i̯ ʋ uː s	43
kuivuusindeksi	k u i̯ ʋ uː s i n d e k s i	0
kuivuuskausi	k u i̯ ʋ uː s k ɑ u̯ s i	0
kuja	k u j ɑ	3
kujala	k u j ɑ l ɑ	50
kujeilla	k u j e i̯ lː ɑˣ	0
kuka	k u k ɑ	1425
kukaan	k u k ɑː n	1301
kukahtaa	k u k ɑ h t ɑːˣ	0
kukin	k u k i n	972
kukinta	k u k i n t ɑ	35
kukinto	k u k i n t o	6
kukistaminen	k u k i s t ɑ m i n e n	2
kukittaa	k u k i tː ɑːˣ	1
kukka	k u kː ɑ	47
kukkakaali	k u kː ɑ k ɑː l i	6
kukkakori	k u kː ɑ k o r i	0
kukkalaite	k u kː ɑ l ɑ i̯ t eˣ	0
kukkameri	k u kː ɑ m e r i	0
kukkamulta	k u kː ɑ m u l t ɑ	0
kukkapohjus	k u kː ɑ p o h j u s	0
kukkapöytä	k u kː ɑ p ø y̯ t æ	0
kukkaryhmä	k u kː ɑ r y h m æ	0
kukkatee	k u kː ɑ t eː	0
kukkateline	k u kː ɑ t e l i n eˣ	1
kukkavarsi	k u kː ɑ ʋ ɑ r s i	2
kukkia	k u kː i ɑ	99
kukkia	k u kː i ɑˣ	99
kukko	k u kː o	45
kukkokello	k u kː o k e lː o	0
kukkonen	k u kː o n e n	78
kukkua	k u kː u ɑˣ	3
kukkuminen	k u kː u m i n e n	0
kukkurallaan	k u kː u r ɑ lː ɑː n	0
kukkuralleen	k u kː u r ɑ lː eː n	0
kukkuranaan	k u kː u r ɑ n ɑː n	0
kukkuroillaan	k u kː u r o i̯ lː ɑː n	1
kukkuroilleen	k u kː u r o i̯ lː eː n	0
kuksi	k u k s i	0
kuksi	k u k s iˣ	0
kuksia	k u k s i ɑ	0
kuksia	k u k s i ɑˣ	0
kulahtaa	k u l ɑ h t ɑːˣ	0
kulauksittain	k u l ɑ u k s i tː ɑ i̯ n	1
kulautella	k u l ɑ u t e lː ɑˣ	0
kulauttaa	k u l ɑ u tː ɑːˣ	1
kulho	k u l h o	3
kulitsa	k u l i t s ɑ	0
kuljen	k u l j e n	14
kuljeskelu	k u l j e s k e l u	1
kuljetella	k u l j e t e lː ɑˣ	3
kuljetusaika	k u l j e t u s ɑ i̯ k ɑ	1
kuljetusala	k u l j e t u s ɑ l ɑ	6
kuljetusalus	k u l j e t u s ɑ l u s	0
kuljetusasiakirja	k u l j e t u s ɑ s i ɑ k i r j ɑ	0
kuljetusehto	k u l j e t u s e h t o	0
kuljetuskerros	k u l j e t u s k e rː o s	1
kuljetusketju	k u l j e t u s k e t j u	1
kuljetuskone	k u l j e t u s k o n eˣ	0
kuljetuskustannukset	k u l j e t u s k u s t ɑ nː u k s e t	17
kuljetuskustannus	k u l j e t u s k u s t ɑ nː u s	1
kuljetuskärry	k u l j e t u s k æ rː y	0
kuljetuslaatikko	k u l j e t u s l ɑː t i kː o	0
kuljetusluku	k u l j e t u s l u k u	0
kuljetuslupa	k u l j e t u s l u p ɑ	0
kuljetusmuoto	k u l j e t u s m u o̯ t o	1
kuljetuspakkaus	k u l j e t u s p ɑ kː ɑ u s	0
kuljetusputki	k u l j e t u s p u t k i	1
kuljetussopimus	k u l j e t u s s o p i m u s	0
kuljetustekniikka	k u l j e t u s t e k n iː kː ɑ	2
kuljetusvene	k u l j e t u s ʋ e n eˣ	0
kuljetuttaa	k u l j e t u tː ɑːˣ	1
kulkea	k u l k e ɑˣ	195
kulkeilla	k u l k e i̯ lː ɑ	0
kulkeille	k u l k e i̯ lː eˣ	0
kulkeutumisnopeus	k u l k e u t u m i s n o p e u s	0
kulkija	k u l k i j ɑ	45
kulku	k u l k u	163
kulkue	k u l k u eˣ	22
kulkueristi	k u l k u eˣ r i s t i	0
kulkukauppa	k u l k u k ɑ u̯ pː ɑ	0
kulkukauppias	k u l k u k ɑ u̯ pː i ɑ s	2
kulkukoira	k u l k u k o i̯ r ɑ	0
kulkukortti	k u l k u k o r tː i	1
kulkulupa	k u l k u l u p ɑ	2
kulkumuotojakauma	k u l k u m u o̯ t o j ɑ k ɑ u m ɑ	0
kulkupeli	k u l k u p e l i	1
kulkureitti	k u l k u r e i̯ tː i	11
kulkurielämä	k u l k u r i e l æ m æ	0
kulkusalla	k u l k u s ɑ lː ɑ	0
kulkusalle	k u l k u s ɑ lː eˣ	0
kulkutie	k u l k u t i e̯	10
kulkuväylä	k u l k u ʋ æ y̯ l æ	4
kulla	k u lː ɑ	2
kullanetsijä	k u lː ɑ n e t s i j æ	0
kullanetsintä	k u lː ɑ n e t s i n t æ	1
kullanhimo	k u lː ɑ n h i m o	0
kullanhohde	k u lː ɑ n h o h d eˣ	0
kullanhuuhtoja	k u lː ɑ n h uː h t o j ɑ	0
kullankaivu	k u lː ɑ n k ɑ i̯ ʋ u	0
kullankallis	k u lː ɑ n k ɑ lː i s	0
kullankeltainen	k u lː ɑ n k e l t ɑ i̯ n e n	3
kullankiiltävä	k u lː ɑ n k iː l t æ ʋ æ	0
kullanmurunen	k u lː ɑ n m u r u n e n	0
kullanruskea	k u lː ɑ n r u s k e ɑ	2
kulle	k u lː eˣ	0
kullervo	k u lː e r ʋ o	40
kulli	k u lː i	0
kullinluikaus	k u lː i n l u i̯ k ɑ u s	0
kulma	k u l m ɑ	58
kulmahammaslihas	k u l m ɑ h ɑ mː ɑ s l i h ɑ s	0
kulmahiomakone	k u l m ɑ h i o m ɑ k o n eˣ	2
kulmakarva	k u l m ɑ k ɑ r ʋ ɑ	0
kulmakiihtyvyys	k u l m ɑ k iː h t y ʋ yː s	0
kulmakoko	k u l m ɑ k o k o	0
kulmakorkeus	k u l m ɑ k o r k e u s	0
kulmakunta	k u l m ɑ k u n t ɑ	2
kulmakynä	k u l m ɑ k y n æ	0
kulmala	k u l m ɑ l ɑ	32
kulmaleikkuri	k u l m ɑ l e i̯ kː u r i	0
kulmalista	k u l m ɑ l i s t ɑ	0
kulmaläpimitta	k u l m ɑ l æ p i m i tː ɑ	0
kulmamitta	k u l m ɑ m i tː ɑ	0
kulmanoja	k u l m ɑ n o j ɑ	0
kulmapöytä	k u l m ɑ p ø y̯ t æ	2
kulmarauta	k u l m ɑ r ɑ u̯ t ɑ	0
kulmariipunta	k u l m ɑ r iː p u n t ɑ	0
kulmasahauslaite	k u l m ɑ s ɑ h ɑ u s l ɑ i̯ t eˣ	0
kulmasuojalista	k u l m ɑ s u o̯ j ɑ l i s t ɑ	0
kulmataajuus	k u l m ɑ t ɑː j uː s	0
kulmatusten	k u l m ɑ t u s t e n	0
kulmaviivain	k u l m ɑ ʋ iː ʋ ɑ i̯ n	0
kulmaviivoitin	k u l m ɑ ʋ iː ʋ o i̯ t i n	0
kulmikas	k u l m i k ɑ s	7
kulmikkaasti	k u l m i kː ɑː s t iˣ	1
kulmittainen	k u l m i tː ɑ i̯ n e n	0
kulo	k u l o	2
kuloin	k u l o i̯ n	0
kulon	k u l o n	1
kulorastas	k u l o r ɑ s t ɑ s	1
kulotus	k u l o t u s	7
kulta	k u l t ɑ	72
kultadublee	k u l t ɑ d u b l eː	0
kultaharkko	k u l t ɑ h ɑ r kː o	1
kultahiekka	k u l t ɑ h i e̯ kː ɑ	0
kultahiukkanen	k u l t ɑ h i u̯ kː ɑ n e n	0
kultahoito	k u l t ɑ h o i̯ t o	0
kultahuuma	k u l t ɑ h uː m ɑ	0
kultainen	k u l t ɑ i̯ n e n	73
kultaisesti	k u l t ɑ i̯ s e s t iˣ	0
kultaiset	k u l t ɑ i̯ s e t	11
kultajauhe	k u l t ɑ j ɑ u̯ h eˣ	0
kultajoukkue	k u l t ɑ j o u̯ kː u eˣ	0
kultajyvä	k u l t ɑ j y ʋ æ	2
kultajyvänen	k u l t ɑ j y ʋ æ n e n	0
kultakala	k u l t ɑ k ɑ l ɑ	0
kultakate	k u l t ɑ k ɑ t eˣ	0
kultakenttä	k u l t ɑ k e n tː æ	0
kultaketju	k u l t ɑ k e t j u	0
kultakimpale	k u l t ɑ k i m p ɑ l eˣ	2
kultakirjain	k u l t ɑ k i r j ɑ i̯ n	0
kultakoru	k u l t ɑ k o r u	0
kultakruunu	k u l t ɑ k r uː n u	1
kultakuoriainen	k u l t ɑ k u o̯ r i ɑ i̯ n e n	0
kultaköynnös	k u l t ɑ k ø y̯ nː ø s	0
kultalammas	k u l t ɑ l ɑ mː ɑ s	0
kultalanka	k u l t ɑ l ɑ ŋ k ɑ	1
kultaleijonatamariini	k u l t ɑ l e i̯ j o n ɑ t ɑ m ɑ r iː n i	0
kultalevy	k u l t ɑ l e ʋ y	6
kultamaa	k u l t ɑ m ɑː	0
kultamaali	k u l t ɑ m ɑː l i	0
kultamitalimies	k u l t ɑ m i t ɑ l i m i e̯ s	0
kultamitalinainen	k u l t ɑ m i t ɑ l i n ɑ i̯ n e n	0
kultanahka	k u l t ɑ n ɑ h k ɑ	0
kultanauha	k u l t ɑ n ɑ u̯ h ɑ	0
kultaottelu	k u l t ɑ o tː e l u	0
kultapallo	k u l t ɑ p ɑ lː o	0
kultapaperi	k u l t ɑ p ɑ p e r i	0
kultapistiäinen	k u l t ɑ p i s t i æ i̯ n e n	0
kultapitoisuus	k u l t ɑ p i t o i̯ s uː s	0
kultapossukerho	k u l t ɑ p o sː u k e r h o	0
kultapronssi	k u l t ɑ p r o n sː i	0
kultareservi	k u l t ɑ r e s e r ʋ i	0
kultarinta	k u l t ɑ r i n t ɑ	1
kultaryntäys	k u l t ɑ r y n t æ y s	0
kultasade	k u l t ɑ s ɑ d eˣ	0
kultaseppä	k u l t ɑ s e pː æ	14
kultasepäntyö	k u l t ɑ s e p æ n t y ø̯	2
kultasiipi	k u l t ɑ s iː p i	0
kultasormus	k u l t ɑ s o r m u s	1
kultasuola	k u l t ɑ s u o̯ l ɑ	0
kultasuoni	k u l t ɑ s u o̯ n i	0
kultateos	k u l t ɑ t e o s	0
kultatuoli	k u l t ɑ t u o̯ l i	0
kultaus	k u l t ɑ u s	3
kultavaaka	k u l t ɑ ʋ ɑː k ɑ	0
kultavaranto	k u l t ɑ ʋ ɑ r ɑ n t o	0
kultavihma	k u l t ɑ ʋ i h m ɑ	0
kultavitja	k u l t ɑ ʋ i t j ɑ	0
kultaväri	k u l t ɑ ʋ æ r i	0
kultayhdiste	k u l t ɑ y h d i s t eˣ	0
kultsi	k u l t s i	1
kultti	k u l tː i	20
kulttiesine	k u l tː i e s i n eˣ	0
kulttipaikka	k u l tː i p ɑ i̯ kː ɑ	0
kulttuuri	k u l tː uː r i	446
kulttuurialue	k u l tː uː r i ɑ l u eˣ	1
kulttuuriantropologia	k u l tː uː r i ɑ n t r o p o l o ɡ i ɑ	3
kulttuuriekologia	k u l tː uː r i e k o l o ɡ i ɑ	0
kulttuurielämä	k u l tː uː r i e l æ m æ	9
kulttuuriesine	k u l tː uː r i e s i n eˣ	0
kulttuurihenkilö	k u l tː uː r i h e ŋ k i l ø	0
kulttuurihistoriallinen	k u l tː uː r i h i s t o r i ɑ lː i n e n	24
kulttuurikilpailu	k u l tː uː r i k i l p ɑ i̯ l u	0
kulttuurilintu	k u l tː uː r i l i n t u	1
kulttuurimaisema	k u l tː uː r i m ɑ i̯ s e m ɑ	16
kulttuurimatkailu	k u l tː uː r i m ɑ t k ɑ i̯ l u	8
kulttuurineuvos	k u l tː uː r i n e u̯ ʋ o s	0
kulttuuriohjelma	k u l tː uː r i o h j e l m ɑ	2
kulttuuriperintö	k u l tː uː r i p e r i n t ø	12
kulttuurirahasto	k u l tː uː r i r ɑ h ɑ s t o	32
kulttuuriraja	k u l tː uː r i r ɑ j ɑ	2
kulttuurisesti	k u l tː uː r i s e s t iˣ	54
kulttuurisota	k u l tː uː r i s o t ɑ	0
kulttuuritalo	k u l tː uː r i t ɑ l o	9
kulttuuriteoria	k u l tː uː r i t e o r i ɑ	0
kulttuuriympäristö	k u l tː uː r i y m p æ r i s t ø	18
kulturelli	k u l t u r e lː i	0
kulua	k u l u ɑˣ	73
kulukorvaus	k u l u k o r ʋ ɑ u s	6
kulumissairaus	k u l u m i s s ɑ i̯ r ɑ u s	0
kuluttaa	k u l u tː ɑː	140
kuluttaa	k u l u tː ɑːˣ	140
kuluttajansuoja	k u l u tː ɑ j ɑ n s u o̯ j ɑ	10
kuluttajapakkaus	k u l u tː ɑ j ɑ p ɑ kː ɑ u s	1
kuluttaminen	k u l u tː ɑ m i n e n	10
kulutushuippu	k u l u t u s h u i̯ pː u	0
kulutusmaa	k u l u t u s m ɑː	0
kulutusmarkkinat	k u l u t u s m ɑ r kː i n ɑ t	0
kulutusmenot	k u l u t u s m e n o t	10
kumahdella	k u m ɑ h d e lː ɑˣ	0
kumahtaa	k u m ɑ h t ɑːˣ	1
kumaraan	k u m ɑ r ɑː n	1
kumarainen	k u m ɑ r ɑ i̯ n e n	0
kumarassa	k u m ɑ r ɑ sː ɑ	5
kumarruksiin	k u m ɑ rː u k s iː n	1
kumarruksissa	k u m ɑ rː u k s i sː ɑ	0
kumeasti	k u m e ɑ s t iˣ	1
kumijalkine	k u m i j ɑ l k i n eˣ	0
kumimaito	k u m i m ɑ i̯ t o	0
kumina	k u m i n ɑ	9
kuminauhatwist	k u m i n ɑ u̯ h ɑ t ʋ i s t	0
kuminaöljy	k u m i n ɑ ø l j y	0
kumipallo	k u m i p ɑ lː o	1
kumipatja	k u m i p ɑ t j ɑ	0
kumipyörä	k u m i p y ø̯ r æ	0
kumisieni	k u m i s i e̯ n i	0
kumisuttaa	k u m i s u tː ɑːˣ	0
kumiteräsaapas	k u m i t e r æ s ɑː p ɑ s	0
kumkvatti	k u m k ʋ ɑ tː i	0
kumlinge	k u m l i ŋː e	0
kumma	k u mː ɑ	41
kummanne	k u mː ɑ nː eˣ	0
kummarit	k u mː ɑ r i t	0
kummastuksissaan	k u mː ɑ s t u k s i sː ɑː n	0
kummastus	k u mː ɑ s t u s	1
kummilahja	k u mː i l ɑ h j ɑ	0
kummilusikka	k u mː i l u s i kː ɑ	0
kummissaan	k u mː i sː ɑː n	3
kummitella	k u mː i t e lː ɑˣ	3
kummitus	k u mː i t u s	9
kummitustalo	k u mː i t u s t ɑ l o	0
kummuta	k u mː u t ɑˣ	0
kumoamattomasti	k u m o ɑ m ɑ tː o m ɑ s t iˣ	0
kumoaminen	k u m o ɑ m i n e n	14
kumokärki	k u m o k æ r k i	1
kumollaan	k u m o lː ɑː n	1
kumossa	k u m o sː ɑ	0
kumota	k u m o t ɑˣ	49
kumoutua	k u m o u t u ɑˣ	1
kumpainen	k u m p ɑ i̯ n e n	0
kumpi	k u m p i	146
kumppani	k u m pː ɑ n i	66
kumppanijärjestö	k u m pː ɑ n i j æ r j e s t ø	0
kumppanukset	k u m pː ɑ n u k s e t	4
kumppanuussopimus	k u m pː ɑ n uː s s o p i m u s	1
kumpu	k u m p u	11
kumpuilla	k u m p u i̯ lː ɑˣ	0
kumpukalmisto	k u m p u k ɑ l m i s t o	1
kumpukerrospilvi	k u m p u k e rː o s p i l ʋ i	0
kumpulainen	k u m p u l ɑ i̯ n e n	21
kumpusuo	k u m p u s u o̯	0
kumulaatti	k u m u l ɑː tː i	0
kumulantti	k u m u l ɑ n tː i	0
kumulanttiemäfunktio	k u m u l ɑ n tː i e m æ f u ŋ k t i o	0
kumura	k u m u r ɑ	4
kun	k u n	27524
kuna	k u n ɑ	0
kundi	k u n d i	18
kuningas	k u n i ŋː ɑ s	347
kuningasgambiitti	k u n i ŋː ɑ s ɡ ɑ m b iː tː i	0
kuningashyökkäys	k u n i ŋː ɑ s h y ø̯ kː æ y s	0
kuningasidea	k u n i ŋː ɑ s i d e ɑ	1
kuningaskobra	k u n i ŋː ɑ s k oː b r ɑ	1
kuningaskunta	k u n i ŋː ɑ s k u n t ɑ	15
kuningatar	k u n i ŋː ɑ t ɑ r	62
kuningattaruus	k u n i ŋː ɑ tː ɑ r uː s	0
kuninkaallisesti	k u n i ŋ k ɑː lː i s e s t iˣ	1
kuninkaan	k u n i ŋ k ɑː n	156
kuninkaankartano	k u n i ŋ k ɑː n k ɑ r t ɑ n o	0
kuninkaankäräjät	k u n i ŋ k ɑː n k æ r æ j æ t	0
kuninkuus	k u n i ŋ k uː s	8
kuninkuuslaji	k u n i ŋ k uː s l ɑ j i	1
kuninkuusravit	k u n i ŋ k uː s r ɑ ʋ i t	6
kunka	k u ŋ k ɑ	4
kunkku	k u ŋ kː u	6
kunnalliselämä	k u nː ɑ lː i s e l æ m æ	0
kunnallisneuvos	k u nː ɑ lː i s n e u̯ ʋ o s	11
kunnallistalous	k u nː ɑ lː i s t ɑ l o u s	2
kunnallisvaltuusto	k u nː ɑ lː i s ʋ ɑ l t uː s t o	0
kunnallisvero	k u nː ɑ lː i s ʋ e r o	7
kunnaninsinööri	k u nː ɑ n i n s i n øː r i	111
kunnanisä	k u nː ɑ n i s æ	0
kunnansairaala	k u nː ɑ n s ɑ i̯ r ɑː l ɑ	0
kunnas	k u nː ɑ s	24
kunne	k u nː eˣ	6
kunnekaan	k u nː eˣ k ɑː n	0
kunnekin	k u nː eˣ k i n	0
kunnia	k u nː i ɑ	104
kunniajuoksu	k u nː i ɑ j u o̯ k s u	0
kunniajäsen	k u nː i ɑ j æ s e n	29
kunniajäsenyys	k u nː i ɑ j æ s e n yː s	0
kunniakirja	k u nː i ɑ k i r j ɑ	25
kunniakkaasti	k u nː i ɑ kː ɑː s t iˣ	18
kunniakkuus	k u nː i ɑ kː uː s	0
kunniakomppania	k u nː i ɑ k o m pː ɑ n i ɑ	1
kunniakonsulaatti	k u nː i ɑ k o n s u l ɑː tː i	0
kunniakonsuli	k u nː i ɑ k o n s u l i	0
kunniakuja	k u nː i ɑ k u j ɑ	0
kunniakäynti	k u nː i ɑ k æ y̯ n t i	2
kunnialaukaus	k u nː i ɑ l ɑ u̯ k ɑ u s	0
kunniallisesti	k u nː i ɑ lː i s e s t iˣ	4
kunniallisuus	k u nː i ɑ lː i s uː s	2
kunniamarssi	k u nː i ɑ m ɑ r sː i	0
kunniamerkkinauha	k u nː i ɑ m e r kː i n ɑ u̯ h ɑ	0
kunniamitali	k u nː i ɑ m i t ɑ l i	2
kunnianarkuus	k u nː i ɑ n ɑ r k uː s	0
kunnianhimo	k u nː i ɑ n h i m o	7
kunnianimi	k u nː i ɑ n i m i	0
kunnianimitys	k u nː i ɑ n i m i t y s	0
kunniankipeä	k u nː i ɑ n k i p e æ	0
kunnianteko	k u nː i ɑ n t e k o	0
kunniantunto	k u nː i ɑ n t u n t o	0
kunniapaikka	k u nː i ɑ p ɑ i̯ kː ɑ	1
kunniapalkinto	k u nː i ɑ p ɑ l k i n t o	2
kunniaportti	k u nː i ɑ p o r tː i	0
kunniapuheenjohtaja	k u nː i ɑ p u h eː n j o h t ɑ j ɑ	14
kunniasana	k u nː i ɑ s ɑ n ɑ	0
kunniasija	k u nː i ɑ s i j ɑ	0
kunniataulu	k u nː i ɑ t ɑ u̯ l u	0
kunniatehtävä	k u nː i ɑ t e h t æ ʋ æ	2
kunniatohtori	k u nː i ɑ t o h t o r i	3
kunniattomasti	k u nː i ɑ tː o m ɑ s t iˣ	0
kunniatuomioistuin	k u nː i ɑ t u o̯ m i o i s t u i̯ n	0
kunniavahti	k u nː i ɑ ʋ ɑ h t i	0
kunniavartija	k u nː i ɑ ʋ ɑ r t i j ɑ	0
kunniavartio	k u nː i ɑ ʋ ɑ r t i o	1
kunniavartiomies	k u nː i ɑ ʋ ɑ r t i o m i e̯ s	0
kunniavelka	k u nː i ɑ ʋ e l k ɑ	1
kunniavirka	k u nː i ɑ ʋ i r k ɑ	0
kunniaväkivalta	k u nː i ɑ ʋ æ k i ʋ ɑ l t ɑ	0
kunnioitettavasti	k u nː i o i̯ t e tː ɑ ʋ ɑ s t iˣ	2
kunnioitettavuus	k u nː i o i̯ t e tː ɑ ʋ uː s	0
kunnioittamaton	k u nː i o i̯ tː ɑ m ɑ t o n	0
kunnioittamattomuus	k u nː i o i̯ tː ɑ m ɑ tː o m uː s	1
kunnittain	k u nː i tː ɑ i̯ n	65
kunnittainen	k u nː i tː ɑ i̯ n e n	1
kunnollisesti	k u nː o lː i s e s t iˣ	11
kunnossapitokulut	k u nː o sː ɑ p i t o k u l u t	0
kunnossapitokustannukset	k u nː o sː ɑ p i t o k u s t ɑ nː u k s e t	6
kunnossapitosuunnitelma	k u nː o sː ɑ p i t o s uː nː i t e l m ɑ	0
kunnostaminen	k u nː o s t ɑ m i n e n	39
kunnostusojitus	k u nː o s t u s o j i t u s	3
kunpa	k u n p ɑ	34
kunta	k u n t ɑ	2287
kuntainliitto	k u n t ɑ i̯ n l iː tː o	6
kuntaliitto	k u n t ɑ l iː tː o	183
kuntarakenne	k u n t ɑ r ɑ k e nː eˣ	6
kuntaryhmä	k u n t ɑ r y h m æ	0
kuntateoria	k u n t ɑ t e o r i ɑ	0
kuntauudistus	k u n t ɑ uː d i s t u s	1
kuntio	k u n t i o	0
kuntoarvio	k u n t o ɑ r ʋ i o	9
kuntoarviointi	k u n t o ɑ r ʋ i o i̯ n t i	1
kuntoilla	k u n t o i̯ lː ɑˣ	9
kuntoilu	k u n t o i̯ l u	12
kuntokoulu	k u n t o k o u̯ l u	2
kuntopiiri	k u n t o p iː r i	3
kuntopolku	k u n t o p o l k u	5
kuntourheilu	k u n t o u r h e i̯ l u	2
kuntoutusetuus	k u n t o u t u s e t uː s	0
kuntoutussuunnitelma	k u n t o u t u s s uː nː i t e l m ɑ	21
kuntoutustuki	k u n t o u t u s t u k i	7
kunttamato	k u n tː ɑ m ɑ t o	0
kuohahdella	k u o̯ h ɑ h d e lː ɑˣ	0
kuohkeuttaa	k u o̯ h k e u tː ɑːˣ	0
kuohu	k u o̯ h u	7
kuohukerma	k u o̯ h u k e r m ɑ	1
kuohuksiin	k u o̯ h u k s iː n	2
kuohuksissa	k u o̯ h u k s i sː ɑ	2
kuohuviinilasi	k u o̯ h u ʋ iː n i l ɑ s i	0
kuokka	k u o̯ kː ɑ	6
kuokkavieras	k u o̯ kː ɑ ʋ i e̯ r ɑ s	0
kuola	k u o̯ l ɑ	3
kuolaaminen	k u o̯ l ɑː m i n e n	0
kuolanlappalainen	k u o̯ l ɑ n l ɑ pː ɑ l ɑ i̯ n e n	0
kuolema	k u o̯ l e m ɑ	226
kuolemakseen	k u o̯ l e m ɑ k s eː n	0
kuolemanhalu	k u o̯ l e m ɑ n h ɑ l u	0
kuolemanjono	k u o̯ l e m ɑ n j o n o	0
kuolemanpelko	k u o̯ l e m ɑ n p e l k o	2
kuolemanrangaistus	k u o̯ l e m ɑ n r ɑ ŋː ɑ i̯ s t u s	8
kuolemantauti	k u o̯ l e m ɑ n t ɑ u̯ t i	1
kuolemantuomio	k u o̯ l e m ɑ n t u o̯ m i o	6
kuolemantuottamus	k u o̯ l e m ɑ n t u o̯ tː ɑ m u s	1
kuolematon	k u o̯ l e m ɑ t o n	12
kuoleminen	k u o̯ l e m i n e n	9
kuoletuserä	k u o̯ l e t u s e r æ	0
kuolevainen	k u o̯ l e ʋ ɑ i̯ n e n	3
kuoli	k u o̯ l i	446
kuoliaana	k u o̯ l i ɑː n ɑ	0
kuolinaika	k u o̯ l i n ɑ i̯ k ɑ	3
kuolinajankohta	k u o̯ l i n ɑ j ɑ n k o h t ɑ	0
kuolinikä	k u o̯ l i n i k æ	3
kuolinilmoitus	k u o̯ l i n i l m o i̯ t u s	2
kuolinkorina	k u o̯ l i n k o r i n ɑ	0
kuolinkouristus	k u o̯ l i n k o u̯ r i s t u s	0
kuolinpaikka	k u o̯ l i n p ɑ i̯ kː ɑ	2
kuolinpesä	k u o̯ l i n p e s æ	10
kuolintapa	k u o̯ l i n t ɑ p ɑ	0
kuolio	k u o̯ l i o	2
kuolla	k u o̯ lː ɑˣ	83
kuollen	k u o̯ lː e n	1
kuollut	k u o̯ lː u t	291
kuolonkalpeus	k u o̯ l o n k ɑ l p e u s	0
kuolonkorina	k u o̯ l o n k o r i n ɑ	0
kuolpuna	k u o̯ l p u n ɑ	0
kuoma	k u o̯ m ɑ	2
kuonabetoni	k u o̯ n ɑ b e t o n i	0
kuonavuori	k u o̯ n ɑ ʋ u o̯ r i	0
kuonnuttaa	k u o̯ nː u tː ɑːˣ	0
kuono	k u o̯ n o	11
kuopio	k u o̯ p i o	228
kuoppa	k u o̯ pː ɑ	36
kuoppakeramiikka	k u o̯ pː ɑ k e r ɑ m iː kː ɑ	0
kuoppala	k u o̯ pː ɑ l ɑ	12
kuoppaliesi	k u o̯ pː ɑ l i e̯ s i	0
kuopsuttaa	k u o̯ p s u tː ɑːˣ	0
kuoputtaa	k u o̯ p u tː ɑːˣ	0
kuore	k u o̯ r eˣ	2
kuori	k u o̯ r i	78
kuori	k u o̯ r iˣ	78
kuoria	k u o̯ r i ɑ	27
kuoria	k u o̯ r i ɑˣ	27
kuoriaisrauta	k u o̯ r i ɑ i̯ s r ɑ u̯ t ɑ	0
kuorikerros	k u o̯ r i k e rː o s	2
kuorimarauta	k u o̯ r i m ɑ r ɑ u̯ t ɑ	0
kuoriminen	k u o̯ r i m i n e n	2
kuorimisveitsi	k u o̯ r i m i s ʋ e i̯ t s i	0
kuorintarauta	k u o̯ r i n t ɑ r ɑ u̯ t ɑ	0
kuorintavoide	k u o̯ r i n t ɑ ʋ o i̯ d eˣ	0
kuorittaa	k u o̯ r i tː ɑːˣ	0
kuorma	k u o̯ r m ɑ	30
kuormakirja	k u o̯ r m ɑ k i r j ɑ	1
kuormaliina	k u o̯ r m ɑ l iː n ɑ	0
kuormapeite	k u o̯ r m ɑ p e i̯ t eˣ	0
kuormatraktori	k u o̯ r m ɑ t r ɑ k t o r i	8
kuormaulottuma	k u o̯ r m ɑ u l o tː u m ɑ	0
kuormauspaikka	k u o̯ r m ɑ u s p ɑ i̯ kː ɑ	0
kuormayksikkö	k u o̯ r m ɑ y k s i kː ø	0
kuormittaa	k u o̯ r m i tː ɑːˣ	36
kuormittain	k u o̯ r m i tː ɑ i̯ n	2
kuoro	k u o̯ r o	110
kuorruttaminen	k u o̯ rː u tː ɑ m i n e n	1
kuorsata	k u o̯ r s ɑ t ɑˣ	0
kuorta	k u o̯ r t ɑ	22
kuortane	k u o̯ r t ɑ n eˣ	9
kuortanelainen	k u o̯ r t ɑ n e l ɑ i̯ n e n	1
kuorukka	k u o̯ r u kː ɑ	0
kuosali	k u o̯ s ɑ l i	0
kuosittaa	k u o̯ s i tː ɑːˣ	0
kuovi	k u o̯ ʋ i	4
kupari	k u p ɑ r i	43
kuparihome	k u p ɑ r i h o m eˣ	0
kuparijohdin	k u p ɑ r i j o h d i n	0
kuparijohto	k u p ɑ r i j o h t o	0
kuparikaiverros	k u p ɑ r i k ɑ i̯ ʋ e rː o s	0
kuparikaivos	k u p ɑ r i k ɑ i̯ ʋ o s	0
kuparikausi	k u p ɑ r i k ɑ u̯ s i	1
kuparilanka	k u p ɑ r i l ɑ ŋ k ɑ	0
kuparimyrkytys	k u p ɑ r i m y r k y t y s	0
kuparinpunainen	k u p ɑ r i n p u n ɑ i̯ n e n	0
kuparinruskea	k u p ɑ r i n r u s k e ɑ	2
kuparinvärinen	k u p ɑ r i n ʋ æ r i n e n	2
kuparipelti	k u p ɑ r i p e l t i	0
kuparipiirros	k u p ɑ r i p iː rː o s	0
kuparipitoinen	k u p ɑ r i p i t o i̯ n e n	1
kupariputki	k u p ɑ r i p u t k i	2
kupariruoste	k u p ɑ r i r u o̯ s t eˣ	0
kupariseos	k u p ɑ r i s e o s	0
kuparisulatto	k u p ɑ r i s u l ɑ tː o	0
kuparisulfidi	k u p ɑ r i s u l f i d i	0
kuparisuola	k u p ɑ r i s u o̯ l ɑ	0
kuparityö	k u p ɑ r i t y ø̯	0
kuparivihtrilli	k u p ɑ r i ʋ i h t r i lː i	1
kupariväri	k u p ɑ r i ʋ æ r i	0
kupeella	k u p eː lː ɑ	6
kupeelle	k u p eː lː eˣ	5
kupeelta	k u p eː l t ɑ	2
kupeeseen	k u p eː s eː n	20
kupeessa	k u p eː sː ɑ	91
kupeesta	k u p eː s t ɑ	5
kupera	k u p e r ɑ	15
kuperkeikka	k u p e r k e i̯ kː ɑ	0
kupla	k u p l ɑ	13
kuppauskirves	k u pː ɑ u s k i r ʋ e s	0
kuppaussarvi	k u pː ɑ u s s ɑ r ʋ i	0
kuppauttaa	k u pː ɑ u tː ɑːˣ	0
kuppi	k u pː i	14
kuppikallio	k u pː i k ɑ lː i o	0
kuppikivi	k u pː i k i ʋ i	1
kupriitti	k u p r iː tː i	0
kupruilla	k u p r u i̯ lː ɑ	1
kupruilla	k u p r u i̯ lː ɑˣ	1
kupu	k u p u	20
kupuholvi	k u p u h o l ʋ i	0
kupusieni	k u p u s i e̯ n i	0
kurakeli	k u r ɑ k e l i	0
kuras	k u r ɑ s	0
kuratointi	k u r ɑ t o i̯ n t i	0
kureliivi	k u r eˣ l iː ʋ i	0
kurho	k u r h o	1
kuri	k u r i	22
kurikka	k u r i kː ɑ	23
kurikkalainen	k u r i kː ɑ l ɑ i̯ n e n	2
kurillaan	k u r i lː ɑː n	1
kurillisesti	k u r i lː i s e s t iˣ	0
kurinalainen	k u r i n ɑ l ɑ i̯ n e n	10
kurinpito	k u r i n p i t o	1
kurissapito	k u r i sː ɑ p i t o	1
kuristaminen	k u r i s t ɑ m i n e n	1
kuristusventtiili	k u r i s t u s ʋ e n tː iː l i	0
kurittomasti	k u r i tː o m ɑ s t iˣ	1
kurja	k u r j ɑ	22
kurjasti	k u r j ɑ s t iˣ	3
kurjenpolvi	k u r j e n p o l ʋ i	1
kurki	k u r k i	102
kurki	k u r k iˣ	102
kurkistella	k u r k i s t e lː ɑˣ	1
kurkkailla	k u r kː ɑ i̯ lː ɑˣ	0
kurkkia	k u r kː i ɑˣ	1
kurkkio	k u r kː i o	0
kurkku	k u r kː u	25
kurkkumätä	k u r kː u m æ t æ	6
kurkkusalaatti	k u r kː u s ɑ l ɑː tː i	2
kurko	k u r k o	1
kurkotella	k u r k o t e lː ɑˣ	2
kurkuma	k u r k u m ɑ	1
kurkunkannentulehdus	k u r k u n k ɑ nː e n t u l e h d u s	0
kurkunpää	k u r k u n p æː	2
kurlata	k u r l ɑ t ɑˣ	0
kurmitsansara	k u r m i t s ɑ n s ɑ r ɑ	0
kurmu	k u r m u	0
kurnaali	k u r n ɑː l i	0
kuroa	k u r o ɑˣ	9
kuroi	k u r o i̯	2
kurotella	k u r o t e lː ɑˣ	0
kuroutuma	k u r o u t u m ɑ	0
kurpitsa	k u r p i t s ɑ	13
kurpitsajuhla	k u r p i t s ɑ j u h l ɑ	1
kurpitsansiemen	k u r p i t s ɑ n s i e̯ m e n	0
kurpponen	k u r pː o n e n	1
kursastella	k u r s ɑ s t e lː ɑˣ	0
kursivointi	k u r s i ʋ o i̯ n t i	2
kursorisesti	k u r s o r i s e s t iˣ	0
kurssi	k u r sː i	2212
kurssiarvo	k u r sː i ɑ r ʋ o	0
kurssiriski	k u r sː i r i s k i	1
kurssittaa	k u r sː i tː ɑːˣ	5
kurtiini	k u r t iː n i	0
kurttu	k u r tː u	5
kurttukaali	k u r tː u k ɑː l i	0
kurtturuusu	k u r tː u r uː s u	1
kurttusieni	k u r tː u s i e̯ n i	0
kuru	k u r u	17
kurut	k u r u t	1
kurvailla	k u r ʋ ɑ i̯ lː ɑˣ	2
kuseskella	k u s e s k e lː ɑˣ	0
kusetus	k u s e t u s	0
kusi	k u s i	1
kusiainen	k u s i ɑ i̯ n e n	1
kusirakko	k u s i r ɑ kː o	0
kuskailla	k u s k ɑ i̯ lː ɑˣ	0
kuskus	k u s k u s	0
kussa	k u sː ɑ	2
kusta	k u s t ɑ	2
kusta	k u s t ɑˣ	2
kustaa	k u s t ɑː	177
kustaava	k u s t ɑː ʋ ɑ	0
kustannuserä	k u s t ɑ nː u s e r æ	6
kustannusfunktio	k u s t ɑ nː u s f u ŋ k t i o	2
kustannuslaskelma	k u s t ɑ nː u s l ɑ s k e l m ɑ	4
kustannusmalli	k u s t ɑ nː u s m ɑ lː i	0
kustannuspaine	k u s t ɑ nː u s p ɑ i̯ n eˣ	2
kustannustoimittaja	k u s t ɑ nː u s t o i̯ m i tː ɑ j ɑ	5
kustavi	k u s t ɑ ʋ i	3
kusti	k u s t i	11
kusu	k u s u	0
kut	k u t	3
kuta	k u t ɑ	12
kutea	k u t e ɑˣ	2
kuteilla	k u t e i̯ lː ɑ	0
kuteille	k u t e i̯ lː eˣ	0
kuten	k u t e n	8449
kutenka	k u t e ŋ k ɑ	0
kutikula	k u t i k u l ɑ	0
kutina	k u t i n ɑ	27
kutistaa	k u t i s t ɑːˣ	8
kutistekalvo	k u t i s t eˣ k ɑ l ʋ o	0
kutistesukka	k u t i s t eˣ s u kː ɑ	0
kutistua	k u t i s t u ɑˣ	2
kutistuma	k u t i s t u m ɑ	0
kutistuminen	k u t i s t u m i n e n	10
kutistumissauma	k u t i s t u m i s s ɑ u̯ m ɑ	0
kutistussovitus	k u t i s t u s s o ʋ i t u s	0
kutka	k u t k ɑ	0
kutkutella	k u t k u t e lː ɑˣ	0
kutoa	k u t o ɑˣ	10
kutomo	k u t o m o	2
kutomosali	k u t o m o s ɑ l i	1
kutrit	k u t r i t	0
kutsua	k u t s u ɑˣ	426
kutsukaavio	k u t s u k ɑː ʋ i o	0
kutsukortti	k u t s u k o r tː i	7
kutsuminen	k u t s u m i n e n	20
kutsumusammatti	k u t s u m u s ɑ mː ɑ tː i	0
kutsunäppäin	k u t s u n æ pː æ i̯ n	0
kutsuttaa	k u t s u tː ɑːˣ	0
kutta	k u tː ɑ	0
kuttu	k u tː u	0
kutu	k u t u	6
kuu	k uː	88
kuualus	k uː ɑ l u s	0
kuuba	k uː b ɑ	13
kuudes	k uː d e s	110
kuudestoistaosatauko	k uː d e s t o i̯ s t ɑ o s ɑ t ɑ u̯ k o	0
kuukasvot	k uː k ɑ s ʋ o t	0
kuukaudenpäivä	k uː k ɑ u̯ d e n p æ i̯ ʋ æ	1
kuukausi	k uː k ɑ u̯ s i	244
kuukausiansio	k uː k ɑ u̯ s i ɑ n s i o	9
kuukausierä	k uː k ɑ u̯ s i e r æ	6
kuukausijulkaisu	k uː k ɑ u̯ s i j u l k ɑ i̯ s u	0
kuukausiliite	k uː k ɑ u̯ s i l iː t eˣ	1
kuukausilippu	k uː k ɑ u̯ s i l i pː u	0
kuukausimansikka	k uː k ɑ u̯ s i m ɑ n s i kː ɑ	0
kuukausipalkka	k uː k ɑ u̯ s i p ɑ l kː ɑ	27
kuukausiraportti	k uː k ɑ u̯ s i r ɑ p o r tː i	2
kuukausitase	k uː k ɑ u̯ s i t ɑ s eˣ	0
kuukausitilitys	k uː k ɑ u̯ s i t i l i t y s	1
kuukausitulo	k uː k ɑ u̯ s i t u l o	6
kuukausituotanto	k uː k ɑ u̯ s i t u o̯ t ɑ n t o	0
kuukausivaihto	k uː k ɑ u̯ s i ʋ ɑ i̯ h t o	0
kuukausivuokra	k uː k ɑ u̯ s i ʋ u o̯ k r ɑ	9
kuukautiset	k uː k ɑ u t i s e t	22
kuukautisveri	k uː k ɑ u̯ t i s ʋ e r i	0
kuukkeli	k uː kː e l i	10
kuukkeloida	k uː kː e l o i̯ d ɑˣ	0
kuukuppi	k uː k u pː i	0
kuukvartsi	k uː k ʋ ɑ r t s i	0
kuulapeli	k uː l ɑ p e l i	1
kuule	k uː l eˣ	85
kuuleminen	k uː l e m i n e n	125
kuulemistilaisuus	k uː l e m i s t i l ɑ i̯ s uː s	10
kuulento	k uː l e n t o	0
kuuli	k uː l i	100
kuuliainen	k uː l i ɑ i̯ n e n	22
kuuliaisesti	k uː l i ɑ i̯ s e s t iˣ	3
kuulla	k uː lː ɑ	487
kuulla	k uː lː ɑˣ	487
kuullen	k uː lː e n	13
kuullottaa	k uː lː o tː ɑːˣ	0
kuullotus	k uː lː o t u s	0
kuuloalue	k uː l o ɑ l u eˣ	1
kuuloelin	k uː l o e l i n	0
kuuloinen	k uː l o i̯ n e n	10
kuulokemikrofoni	k uː l o k eˣ m i k r o f o n i	1
kuulokeskus	k uː l o k e s k u s	1
kuulokevahvistin	k uː l o k eˣ ʋ ɑ h ʋ i s t i n	1
kuulokynnys	k uː l o k y nː y s	0
kuulokäyrä	k uː l o k æ y̯ r æ	1
kuulostella	k uː l o s t e lː ɑˣ	6
kuulosuojain	k uː l o s u o̯ j ɑ i̯ n	0
kuulovammainen	k uː l o ʋ ɑ mː ɑ i̯ n e n	1
kuulovaurio	k uː l o ʋ ɑ u̯ r i o	2
kuultavasti	k uː l t ɑ ʋ ɑ s t iˣ	1
kuultokudos	k uː l t o k u d o s	0
kuultokuva	k uː l t o k u ʋ ɑ	0
kuultokäsittely	k uː l t o k æ s i tː e l y	0
kuulua	k uː l u ɑˣ	276
kuuluisuus	k uː l u i̯ s uː s	7
kuulumattomasti	k uː l u m ɑ tː o m ɑ s t iˣ	0
kuulumattomiin	k uː l u m ɑ tː o m iː n	7
kuulumattomissa	k uː l u m ɑ tː o m i sː ɑ	2
kuuluminen	k uː l u m i n e n	48
kuulumiset	k uː l u m i s e t	34
kuuluttaminen	k uː l u tː ɑ m i n e n	3
kuuluvasti	k uː l u ʋ ɑ s t iˣ	9
kuuma	k uː m ɑ	136
kuumailmapallo	k uː m ɑ i l m ɑ p ɑ lː o	3
kuumailmapuhallin	k uː m ɑ i l m ɑ p u h ɑ lː i n	0
kuumaisema	k uː m ɑ i̯ s e m ɑ	0
kuumakäynnistys	k uː m ɑ k æ y̯ nː i s t y s	0
kuumaliima	k uː m ɑ l iː m ɑ	0
kuumankostea	k uː m ɑ n k o s t e ɑ	0
kuumasti	k uː m ɑ s t iˣ	2
kuumatka	k uː m ɑ t k ɑ	0
kuumavahaus	k uː m ɑ ʋ ɑ h ɑ u s	0
kuume	k uː m eˣ	36
kuumeilla	k uː m e i̯ lː ɑ	0
kuumeilla	k uː m e i̯ lː ɑˣ	0
kuumeisesti	k uː m e i̯ s e s t iˣ	18
kuumelääke	k uː m eˣ l æː k eˣ	0
kuumemittari	k uː m eˣ m i tː ɑ r i	1
kuumennusuuni	k uː m e nː u s uː n i	0
kuumiltaan	k uː m i l t ɑː n	0
kuunaama	k uː n ɑː m ɑ	0
kuunaan	k uː n ɑː n	0
kuunari	k uː n ɑ r i	6
kuunarilaiva	k uː n ɑ r i l ɑ i̯ ʋ ɑ	0
kuunkehrä	k uː n k e h r æ	0
kuunkehä	k uː n k e h æ	0
kuunkierto	k uː n k i e̯ r t o	0
kuunlilja	k uː n l i l j ɑ	0
kuunnella	k uː nː e lː ɑˣ	348
kuunnellen	k uː nː e lː e n	36
kuunpaiste	k uː n p ɑ i̯ s t eˣ	0
kuunpimennys	k uː n p i m e nː y s	2
kuunsappi	k uː n s ɑ pː i	0
kuunsilta	k uː n s i l t ɑ	0
kuunteleminen	k uː n t e l e m i n e n	56
kuunvaihde	k uː n ʋ ɑ i̯ h d eˣ	0
kuunvaihe	k uː n ʋ ɑ i̯ h eˣ	0
kuunvalo	k uː n ʋ ɑ l o	2
kuuperä	k uː p e r æ	0
kuuppa	k uː pː ɑ	2
kuura	k uː r ɑ	2
kuuraparta	k uː r ɑ p ɑ r t ɑ	0
kuuri	k uː r i	7
kuurnittaa	k uː r n i tː ɑːˣ	0
kuuro	k uː r o	24
kuuroittain	k uː r o i̯ tː ɑ i̯ n	0
kuuroittainen	k uː r o i̯ tː ɑ i̯ n e n	0
kuuromykkyys	k uː r o m y kː yː s	0
kuuromykkä	k uː r o m y kː æ	4
kuuropilvi	k uː r o p i l ʋ i	0
kuurous	k uː r o u s	5
kuuruoho	k uː r u o̯ h o	0
kuusama	k uː s ɑ m ɑ	0
kuusamo	k uː s ɑ m o	43
kuusamolainen	k uː s ɑ m o l ɑ i̯ n e n	9
kuusela	k uː s e l ɑ	44
kuusettuminen	k uː s e tː u m i n e n	0
kuusi	k uː s i	1359
kuusikko	k uː s i kː o	11
kuusikulmio	k uː s i k u l m i o	0
kuusikymmentä	k uː s i k y mː e n t æ	23
kuusilokki	k uː s i l o kː i	0
kuusimetsä	k uː s i m e t s æ	3
kuusinen	k uː s i n e n	24
kuusinkertaisesti	k uː s i n k e r t ɑ i̯ s e s t iˣ	0
kuusinkertaistaa	k uː s i n k e r t ɑ i̯ s t ɑːˣ	0
kuusinkertaistua	k uː s i n k e r t ɑ i̯ s t u ɑˣ	0
kuusio	k uː s i o	0
kuusiokoloruuvi	k uː s i o k o l o r uː ʋ i	1
kuusioruuvi	k uː s i o r uː ʋ i	0
kuusitoista	k uː s i t o i̯ s t ɑ	39
kuusnepa	k uː s n e p ɑ	0
kuutamo	k uː t ɑ m o	4
kuutio	k uː t i o	16
kuutioittain	k uː t i o i̯ tː ɑ i̯ n	0
kuutiokivi	k uː t i o k i ʋ i	0
kuutiollinen	k uː t i o lː i n e n	0
kuutiollisesti	k uː t i o lː i s e s t iˣ	0
kuutiomaisesti	k uː t i o m ɑ i̯ s e s t iˣ	0
kuutiomitta	k uː t i o m i tː ɑ	0
kuutti	k uː tː i	17
kuva	k u ʋ ɑ	2291
kuvaamataidonopettaja	k u ʋ ɑː m ɑ t ɑ i̯ d o n o p e tː ɑ j ɑ	1
kuvaamataito	k u ʋ ɑː m ɑ t ɑ i̯ t o	29
kuvaamattomasti	k u ʋ ɑː m ɑ tː o m ɑ s t iˣ	0
kuvaaminen	k u ʋ ɑː m i n e n	82
kuvaamistaito	k u ʋ ɑː m i s t ɑ i̯ t o	0
kuvaamistapa	k u ʋ ɑː m i s t ɑ p ɑ	1
kuvadokumentointi	k u ʋ ɑ d o k u m e n t o i̯ n t i	0
kuvailla	k u ʋ ɑ i̯ lː ɑˣ	58
kuvajoukko	k u ʋ ɑ j o u̯ kː o	0
kuvakasetti	k u ʋ ɑ k ɑ s e tː i	0
kuvake	k u ʋ ɑ k eˣ	11
kuvakenno	k u ʋ ɑ k e nː o	0
kuvakokoelma	k u ʋ ɑ k o k o e l m ɑ	5
kuvakorjailu	k u ʋ ɑ k o r j ɑ i̯ l u	0
kuvakudos	k u ʋ ɑ k u d o s	0
kuvalaatta	k u ʋ ɑ l ɑː tː ɑ	0
kuvalaattalaitos	k u ʋ ɑ l ɑː tː ɑ l ɑ i̯ t o s	0
kuvalevy	k u ʋ ɑ l e ʋ y	1
kuvalevysoitin	k u ʋ ɑ l e ʋ y s o i̯ t i n	0
kuvaliite	k u ʋ ɑ l iː t eˣ	1
kuvallisesti	k u ʋ ɑ lː i s e s t iˣ	8
kuvanauha	k u ʋ ɑ n ɑ u̯ h ɑ	4
kuvankäsittely	k u ʋ ɑ n k æ s i tː e l y	27
kuvankäsittelyohjelma	k u ʋ ɑ n k æ s i tː e l y o h j e l m ɑ	8
kuvanlukija	k u ʋ ɑ n l u k i j ɑ	3
kuvantaminen	k u ʋ ɑ n t ɑ m i n e n	8
kuvantamismenetelmä	k u ʋ ɑ n t ɑ m i s m e n e t e l m æ	2
kuvanvalmistus	k u ʋ ɑ n ʋ ɑ l m i s t u s	2
kuvanveistäjä	k u ʋ ɑ n ʋ e i̯ s t æ j æ	67
kuvaohjelma	k u ʋ ɑ o h j e l m ɑ	1
kuvapankki	k u ʋ ɑ p ɑ ŋ kː i	7
kuvapeli	k u ʋ ɑ p e l i	0
kuvapiste	k u ʋ ɑ p i s t eˣ	1
kuvapostikortti	k u ʋ ɑ p o s t i k o r tː i	0
kuvapuhelin	k u ʋ ɑ p u h e l i n	5
kuvapuskuri	k u ʋ ɑ p u s k u r i	0
kuvaputki	k u ʋ ɑ p u t k i	4
kuvasignaali	k u ʋ ɑ s i ŋ n ɑː l i	0
kuvasignaali	k u ʋ ɑ s i ɡ n ɑː l i	0
kuvastella	k u ʋ ɑ s t e lː ɑˣ	0
kuvata	k u ʋ ɑ t ɑˣ	316
kuvataajuus	k u ʋ ɑ t ɑː j uː s	2
kuvataidekoulu	k u ʋ ɑ t ɑ i̯ d eˣ k o u̯ l u	22
kuvatallenne	k u ʋ ɑ t ɑ lː e nː eˣ	0
kuvataso	k u ʋ ɑ t ɑ s o	0
kuvateos	k u ʋ ɑ t e o s	12
kuvatietokanta	k u ʋ ɑ t i e̯ t o k ɑ n t ɑ	0
kuvatäkki	k u ʋ ɑ t æ kː i	0
kuvaus	k u ʋ ɑ u s	699
kuvausjoukko	k u ʋ ɑ u s j o u̯ kː o	0
kuvauskalusto	k u ʋ ɑ u s k ɑ l u s t o	1
kuvauslennokki	k u ʋ ɑ u s l e nː o kː i	0
kuvaussihteeri	k u ʋ ɑ u s s i h t eː r i	1
kuvaustapa	k u ʋ ɑ u s t ɑ p ɑ	3
kuvausvirhe	k u ʋ ɑ u s ʋ i r h eˣ	0
kuvauttaa	k u ʋ ɑ u tː ɑːˣ	1
kuvavektori	k u ʋ ɑ ʋ e k t o r i	0
kuve	k u ʋ eˣ	0
kuveliina	k u ʋ eˣ l iː n ɑ	0
kuvio	k u ʋ i o	213
kuvioaihe	k u ʋ i o ɑ i̯ h eˣ	1
kuviointi	k u ʋ i o i̯ n t i	10
kuviokohdistus	k u ʋ i o k o h d i s t u s	0
kuvioleikkuri	k u ʋ i o l e i̯ kː u r i	0
kuviomerkki	k u ʋ i o m e r kː i	0
kuviosahaus	k u ʋ i o s ɑ h ɑ u s	1
kuvitella	k u ʋ i t e lː ɑˣ	252
kuvitellen	k u ʋ i t e lː e n	7
kuvittaa	k u ʋ i tː ɑːˣ	5
kuvittaminen	k u ʋ i tː ɑ m i n e n	1
kuvituskuva	k u ʋ i t u s k u ʋ ɑ	0
kuwait	k u w ɑ i̯ t	1
kvadraattisesti	k ʋ ɑ d r ɑː tː i s e s t iˣ	0
kvadratuuri	k ʋ ɑ d r ɑ t uː r i	0
kvadrupoli	k ʋ ɑ d r u p o l i	0
kvantisointivirhe	k ʋ ɑ n t i s o i̯ n t i ʋ i r h eˣ	1
kvantittuminen	k ʋ ɑ n t i tː u m i n e n	1
kvanttielektrodynamiikka	k ʋ ɑ n tː i e l e k t r o d y n ɑ m iː kː ɑ	0
kvanttiintuminen	k ʋ ɑ n tː iː n t u m i n e n	0
kvanttijärjestelmä	k ʋ ɑ n tː i j æ r j e s t e l m æ	0
kvanttikenttäteoria	k ʋ ɑ n tː i k e n tː æ t e o r i ɑ	0
kvanttilaskenta	k ʋ ɑ n tː i l ɑ s k e n t ɑ	0
kvanttilomittuminen	k ʋ ɑ n tː i l o m i tː u m i n e n	0
kvanttimekaniikka	k ʋ ɑ n tː i m e k ɑ n iː kː ɑ	10
kvanttisaanto	k ʋ ɑ n tː i s ɑː n t o	0
kvanttisalaus	k ʋ ɑ n tː i s ɑ l ɑ u s	0
kvanttisuhde	k ʋ ɑ n tː i s u h d eˣ	0
kvanttisuperpositio	k ʋ ɑ n tː i s u p e r p o s i t i o	0
kvanttisysteemi	k ʋ ɑ n tː i s y s t eː m i	0
kvanttisähködynamiikka	k ʋ ɑ n tː i s æ h k ø d y n ɑ m iː kː ɑ	0
kvanttitila	k ʋ ɑ n tː i t i l ɑ	0
kvanttiutuminen	k ʋ ɑ n tː i u t u m i n e n	0
kvanttivaahto	k ʋ ɑ n tː i ʋ ɑː h t o	0
kvarkki	k ʋ ɑ r kː i	0
kvartetti	k ʋ ɑ r t e tː i	25
kvartiiliväli	k ʋ ɑ r t iː l i ʋ æ l i	4
kvartoli	k ʋ ɑ r t o l i	0
kvartsi	k ʋ ɑ r t s i	4
kvartsidioriitti	k ʋ ɑ r t s i d i o r iː tː i	0
kvartsihiekkakivi	k ʋ ɑ r t s i h i e̯ kː ɑ k i ʋ i	0
kvartäärigeologi	k ʋ ɑ r t æː r i ɡ e o l o ɡ i	0
kvasaari	k ʋ ɑ s ɑː r i	8
kvasikide	k ʋ ɑ s i k i d eˣ	0
kvasiryhmä	k ʋ ɑ s i r y h m æ	0
kvassi	k ʋ ɑ sː i	0
kvaternaarinen	k ʋ ɑ t e r n ɑː r i n e n	0
kvaternaarirakenne	k ʋ ɑ t e r n ɑː r i r ɑ k e nː eˣ	0
kveekari	k ʋ eː k ɑ r i	0
kvintetti	k ʋ i n t e tː i	8
kvintiini	k ʋ i n t iː n i	0
kvintoli	k ʋ i n t o l i	0
kvinttiympyrä	k ʋ i n tː i y m p y r æ	0
kvitteni	k ʋ i tː e n i	0
kyberavaruus	k y b e r ɑ ʋ ɑ r uː s	0
kyetä	k y e t æˣ	111
kyhnytellä	k y h n y t e lː æˣ	0
kyhäillä	k y h æ i̯ lː æˣ	0
kyhätä	k y h æ t æˣ	1
kyljekkäin	k y l j e kː æ i̯ n	0
kyljelleen	k y l j e lː eː n	14
kyljitysten	k y l j i t y s t e n	0
kylki	k y l k i	10
kylkimyyryä	k y l k i m yː r y æ	0
kylkiruoto	k y l k i r u o̯ t o	0
kylkitrukki	k y l k i t r u kː i	0
kylkivälilihas	k y l k i ʋ æ l i l i h ɑ s	0
kylli	k y lː i	3
kyllikki	k y lː i kː i	35
kyllä	k y lː æ	2735
kyllästys	k y lː æ s t y s	2
kyllästysaine	k y lː æ s t y s ɑ i̯ n eˣ	1
kyllästyttää	k y lː æ s t y tː æːˣ	14
kylmettää	k y l m e tː æːˣ	2
kylmetyttää	k y l m e t y tː æːˣ	0
kylmilleen	k y l m i lː eː n	3
kylmillään	k y l m i lː æː n	2
kylmiltään	k y l m i l t æː n	8
kylmyysnapa	k y l m yː s n ɑ p ɑ	0
kylmä	k y l m æ	195
kylmäallas	k y l m æ ɑ lː ɑ s	2
kylmäfysiikka	k y l m æ f y s iː kː ɑ	0
kylmähermoinen	k y l m æ h e r m o i̯ n e n	1
kylmäilmapuhallin	k y l m æ i l m ɑ p u h ɑ lː i n	0
kylmäkaappi	k y l m æ k ɑː pː i	0
kylmäkalle	k y l m æ k ɑ lː e	0
kylmäkiskoisesti	k y l m æ k i s k o i̯ s e s t iˣ	0
kylmäkuljetus	k y l m æ k u l j e t u s	0
kylmäkuljetusauto	k y l m æ k u l j e t u s ɑ u t o	1
kylmäkäynnistys	k y l m æ k æ y̯ nː i s t y s	2
kylmäliima	k y l m æ l iː m ɑ	0
kylmäntunne	k y l m æ n t u nː eˣ	0
kylmänvihat	k y l m æ n ʋ i h ɑ t	0
kylmäpäinen	k y l m æ p æ i̯ n e n	2
kylmäpäisesti	k y l m æ p æ i̯ s e s t iˣ	0
kylmäsavulohi	k y l m æ s ɑ ʋ u l o h i	0
kylmäsavustaa	k y l m æ s ɑ ʋ u s t ɑːˣ	0
kylmästi	k y l m æ s t iˣ	15
kylmäsydämisesti	k y l m æ s y d æ m i s e s t iˣ	0
kylmäsäiliö	k y l m æ s æ i̯ l i ø	0
kylmäsäilytys	k y l m æ s æ i̯ l y t y s	3
kylmätila	k y l m æ t i l ɑ	0
kylmävarasto	k y l m æ ʋ ɑ r ɑ s t o	0
kylmäverirotu	k y l m æ ʋ e r i r o t u	0
kylpeä	k y l p e æˣ	7
kylpyamme	k y l p y ɑ mː eˣ	7
kylpyankka	k y l p y ɑ ŋ kː ɑ	0
kylpyharja	k y l p y h ɑ r j ɑ	0
kylpyhuonekaluste	k y l p y h u o̯ n eˣ k ɑ l u s t eˣ	0
kylpysaippua	k y l p y s ɑ i̯ pː u ɑ	0
kylpysuola	k y l p y s u o̯ l ɑ	0
kylteri	k y l t e r i	0
kylvää	k y l ʋ æːˣ	36
kylvöala	k y l ʋ ø ɑ l ɑ	0
kylvölannoitin	k y l ʋ ø l ɑ nː o i̯ t i n	2
kylvöleipä	k y l ʋ ø l e i̯ p æ	0
kylvöpuuro	k y l ʋ ø p uː r o	0
kylvösiemen	k y l ʋ ø s i e̯ m e n	3
kylvötyö	k y l ʋ ø t y ø̯	0
kylvövakka	k y l ʋ ø ʋ ɑ kː ɑ	1
kyly	k y l y	2
kylä	k y l æ	271
kyläbulbuli	k y l æ b u l b u l i	0
kyläjuhla	k y l æ j u h l ɑ	0
kyläkalmisto	k y l æ k ɑ l m i s t o	0
kyläkunta	k y l æ k u n t ɑ	1
kyläkuva	k y l æ k u ʋ ɑ	2
kylämaisema	k y l æ m ɑ i̯ s e m ɑ	2
kylätie	k y l æ t i e̯	8
kylätutkimus	k y l æ t u t k i m u s	0
kyläyhteisö	k y l æ y h t e i̯ s ø	7
kymenlaakso	k y m e n l ɑː k s o	22
kymi	k y m i	17
kymijoki	k y m i j o k i	6
kymmen	k y mː e n	10
kymmenen	k y mː e n e n	1851
kymmenes	k y mː e n e s	99
kymmenesosasekunti	k y mː e n e s o s ɑ s e k u n tː i	0
kymmenestuhannes	k y mː e n e s t u h ɑ nː e s	0
kymmenjalkainen	k y mː e n j ɑ l k ɑ i̯ n e n	0
kymmenjärjestelmä	k y mː e n j æ r j e s t e l m æ	0
kymmenkantainen	k y mː e n k ɑ n t ɑ i̯ n e n	1
kymmenkertaistaa	k y mː e n k e r t ɑ i̯ s t ɑːˣ	3
kymmenkertaistua	k y mː e n k e r t ɑ i̯ s t u ɑˣ	0
kymmensormijärjestelmä	k y mː e n s o r m i j æ r j e s t e l m æ	2
kymmenvuotiskausi	k y mː e n ʋ u o̯ t i s k ɑ u̯ s i	0
kymmenyspilkku	k y mː e n y s p i l kː u	0
kymmenysvaaka	k y mː e n y s ʋ ɑː k ɑ	0
kymri	k y m r i	0
kynimättä	k y n i m æ tː æ	0
kynittävänä	k y n i tː æ ʋ æ n æ	0
kyniä	k y n i æ	15
kyniä	k y n i æˣ	15
kynkkä	k y ŋ kː æ	0
kynnenjuuri	k y nː e n j uː r i	0
kynnetön	k y nː e t ø n	0
kynnetönmanaatti	k y nː e t ø n m ɑ n ɑː tː i	0
kynnys	k y nː y s	103
kynnysarvo	k y nː y s ɑ r ʋ o	6
kynnysjännite	k y nː y s j æ nː i t eˣ	0
kynnysraha	k y nː y s r ɑ h ɑ	0
kynnysvalot	k y nː y s ʋ ɑ l o t	0
kynnöspelto	k y nː ø s p e l t o	1
kynsi	k y n s i	8
kynsiharja	k y n s i h ɑ r j ɑ	0
kynsilakka	k y n s i l ɑ kː ɑ	3
kynsilaukka	k y n s i l ɑ u̯ kː ɑ	0
kynsimarto	k y n s i m ɑ r t o	0
kynsinauha	k y n s i n ɑ u̯ h ɑ	0
kynsipeti	k y n s i p e t i	0
kynsisakset	k y n s i s ɑ k s e t	0
kynsitaltta	k y n s i t ɑ l tː ɑ	0
kynsivalli	k y n s i ʋ ɑ lː i	0
kynsiä	k y n s i æ	9
kynsiä	k y n s i æˣ	9
kynteli	k y n t e l i	0
kynttilä	k y n tː i l æ	11
kynttiläkirkko	k y n tː i l æ k i r kː o	2
kynttiläkruunu	k y n tː i l æ k r uː n u	1
kynttilälampetti	k y n tː i l æ l ɑ m p e tː i	0
kynttilälamppu	k y n tː i l æ l ɑ m pː u	0
kynttilälyhty	k y n tː i l æ l y h t y	0
kynttilämansetti	k y n tː i l æ m ɑ n s e tː i	0
kynttilänalunen	k y n tː i l æ n ɑ l u n e n	0
kynttilänpidin	k y n tː i l æ n p i d i n	0
kynttilänpoltto	k y n tː i l æ n p o l tː o	0
kynttilänpätkä	k y n tː i l æ n p æ t k æ	0
kynttilänsydän	k y n tː i l æ n s y d æ n	0
kynttilänvalmistus	k y n tː i l æ n ʋ ɑ l m i s t u s	0
kyntäminen	k y n t æ m i n e n	1
kyntää	k y n t æːˣ	5
kyntöpelto	k y n t ø p e l t o	0
kynä	k y n æ	37
kynäillä	k y n æ i̯ lː æˣ	0
kynäkotelo	k y n æ k o t e l o	0
kynäruisku	k y n æ r u i̯ s k u	0
kypros	k y p r o s	18
kypsi	k y p s i	0
kypsytellä	k y p s y t e lː æˣ	0
kypsyystasomalli	k y p s yː s t ɑ s o m ɑ lː i	0
kypsä	k y p s æ	75
kypsästi	k y p s æ s t iˣ	3
kypärä	k y p æ r æ	41
kyretti	k y r e tː i	0
kyrmyyn	k y r m yː n	0
kyrpiä	k y r p i æ	0
kyrpiä	k y r p i æˣ	0
kyrvähtää	k y r ʋ æ h t æːˣ	0
kyrväyttää	k y r ʋ æ y tː æːˣ	0
kyräillä	k y r æ i̯ lː æˣ	0
kyrönjoki	k y r ø n j o k i	0
kyrönmakkara	k y r ø n m ɑ kː ɑ r ɑ	0
kyse	k y s eˣ	1448
kyseistää	k y s e i̯ s t æːˣ	0
kyselykausi	k y s e l y k ɑ u̯ s i	1
kyselytutkimus	k y s e l y t u t k i m u s	24
kyssäkaali	k y sː æ k ɑː l i	3
kyssäselkä	k y sː æ s e l k æ	0
kysta	k y s t ɑ	1
kysymys	k y s y m y s	2029
kysymysmerkki	k y s y m y s m e r kː i	15
kysymyspronomini	k y s y m y s p r o n o m i n i	0
kysyntä	k y s y n t æ	327
kysyntäjousto	k y s y n t æ j o u̯ s t o	0
kysyvästi	k y s y ʋ æ s t iˣ	4
kysyä	k y s y æˣ	738
kyteä	k y t e æˣ	3
kytkeminen	k y t k e m i n e n	41
kytkentäpiste	k y t k e n t æ p i s t eˣ	0
kytkentävakio	k y t k e n t æ ʋ ɑ k i o	0
kytkeä	k y t k e æˣ	186
kytkin	k y t k i n	60
kytkinpoljin	k y t k i n p o l j i n	0
kytkyt	k y t k y t	0
kytkös	k y t̪ˑ k ø s	6
kyttyrä	k y tː y r æ	0
kyttä	k y tː æ	6
kyttäillä	k y tː æ i̯ lː æˣ	1
kyty	k y t y	0
kytöviljely	k y t ø ʋ i l j e l y	0
kyvykkyys	k y ʋ y kː yː s	8
kyvykäs	k y ʋ y k æ s	9
kyvyttömyys	k y ʋ y tː ø m yː s	17
kyy	k yː	5
kyydittää	k yː d i tː æːˣ	1
kyyhky	k yː h k y	5
kyyhkynen	k yː h k y n e n	2
kyyhkynherne	k yː h k y n h e r n eˣ	0
kyyhöttää	k yː h ø tː æːˣ	1
kyyjärveläinen	k yː j æ r ʋ e l æ i̯ n e n	0
kyyjärvi	k yː j æ r ʋ i	5
kyyjärvinen	k yː j æ r ʋ i n e n	0
kyykistyminen	k yː k i s t y m i n e n	2
kyykistyä	k yː k i s t y æˣ	0
kyykkysilleen	k yː kː y s i lː eː n	0
kyykkysillään	k yː kː y s i lː æː n	0
kyykkysiltään	k yː kː y s i l t æː n	0
kyykkyyn	k yː kː yː n	5
kyykylleen	k yː k y lː eː n	0
kyykyllään	k yː k y lː æː n	0
kyykyltään	k yː k y l t æː n	0
kyykystä	k yː k y s t æ	0
kyyköttää	k yː k ø tː æːˣ	0
kyynel	k yː n e l	11
kyynele	k yː n e l e	0
kyynelrauhanen	k yː n e l r ɑ u̯ h ɑ n e n	0
kyynärpää	k yː n æ r p æː	4
kyynärtaive	k yː n æ r t ɑ i̯ ʋ eˣ	0
kyynärä	k yː n æ r æ	1
kyynäräkeppi	k yː n æ r æ k e pː i	0
kyyrylleen	k yː r y lː eː n	0
kyyryllään	k yː r y lː æː n	0
kyyryltään	k yː r y l t æː n	0
kyyrystä	k yː r y s t æ	0
kyyryyn	k yː r yː n	0
kyyröttää	k yː r ø tː æːˣ	0
kyytilaitos	k yː t i l ɑ i̯ t o s	1
kyyttö	k yː tː ø	2
kyyttökarja	k yː tː ø k ɑ r j ɑ	0
kyömy	k y ø̯ m y	1
kyöpeli	k y ø̯ p e l i	0
kyösti	k y ø̯ s t i	137
käden	k æ d e n	303
kädentie	k æ d e n t i e̯	0
kädestäennustaminen	k æ d e s t æ e nː u s t ɑ m i n e n	0
käenkaali	k æ e n k ɑː l i	2
käetä	k æ e t æˣ	0
käheys	k æ h e y s	1
kähähtää	k æ h æ h t æːˣ	0
kähärä	k æ h æ r æ	10
käki	k æ k i	9
käkikello	k æ k i k e lː o	3
käkisalmi	k æ k i s ɑ l m i	3
käly	k æ l y	2
kämmekkä	k æ mː e kː æ	0
kämmen	k æ mː e n	2
kämmenmikro	k æ mː e n m i k r o	2
kämmenselkä	k æ mː e n s e l k æ	0
kämneri	k æ m n e r i	0
kämnerinoikeus	k æ m n e r i n o i̯ k e u s	0
kämppis	k æ m pː i s	0
kämppä	k æ m pː æ	16
känni	k æ nː i	2
kännipäissä	k æ nː i p æ i̯ sː æ	0
kännykkä	k æ nː y kː æ	63
kännykkäkauppa	k æ nː y kː æ k ɑ u̯ pː ɑ	1
känsä	k æ n s æ	1
känti	k æ n t i	0
känttykahvit	k æ n tː y k ɑ h ʋ i t	0
käpistely	k æ p i s t e l y	0
käppä	k æ pː æ	0
käpristellä	k æ p r i s t e lː æˣ	0
käpsehtiä	k æ p s e h t i æˣ	0
käpsä	k æ p s æ	0
käpy	k æ p y	6
käpykaarti	k æ p y k ɑː r t i	0
käpykaartilainen	k æ p y k ɑː r t i l ɑ i̯ n e n	0
käpysuomu	k æ p y s u o̯ m u	0
käpyvuosi	k æ p y ʋ u o̯ s i	0
käpälä	k æ p æ l æ	2
käretsi	k æ r e t s i	0
kärhi	k æ r h i	0
käristemakkara	k æ r i s t eˣ m ɑ kː ɑ r ɑ	0
kärjekkäästi	k æ r j e kː æː s t iˣ	3
kärkevästi	k æ r k e ʋ æ s t iˣ	6
kärki	k æ r k i	160
kärkietenijä	k æ r k i e t e n i j æ	2
kärkikasvupiste	k æ r k i k ɑ s ʋ u p i s t eˣ	0
kärkinimi	k æ r k i n i m i	7
kärkiryhmä	k æ r k i r y h m æ	1
kärkiväli	k æ r k i ʋ æ l i	3
kärkkäinen	k æ r kː æ i̯ n e n	74
kärkkäästi	k æ r kː æː s t iˣ	3
kärkölä	k æ r k ø l æ	3
kärköläinen	k æ r k ø l æ i̯ n e n	0
kärköläläinen	k æ r k ø l æ l æ i̯ n e n	2
kärnäiitti	k æ r n æ iː tː i	0
kärppä	k æ r pː æ	5
kärpänen	k æ r p æ n e n	8
kärpäsruuti	k æ r p æ s r uː t i	0
kärry	k æ rː y	2
kärrytie	k æ rː y t i e̯	0
kärrytä	k æ rː y t æˣ	0
kärsimyshedelmä	k æ r s i m y s h e d e l m æ	0
kärsimystie	k æ r s i m y s t i e̯	1
kärsimättömästi	k æ r s i m æ tː ø m æ s t iˣ	3
kärsivällinen	k æ r s i ʋ æ lː i n e n	25
kärsivällisyys	k æ r s i ʋ æ lː i s yː s	23
kärsiä	k æ r s i æ	71
kärsiä	k æ r s i æˣ	71
kärsä	k æ r s æ	1
kärsäkäs	k æ r s æ k æ s	0
kärsäkäsmäinen	k æ r s æ k æ s m æ i̯ n e n	0
kärsämäkeläinen	k æ r s æ m æ k e l æ i̯ n e n	0
kärsämäki	k æ r s æ m æ k i	9
kärsämäkinen	k æ r s æ m æ k i n e n	0
kärsänokkasiili	k æ r s æ n o kː ɑ s iː l i	0
kärsäpussipäästäinen	k æ r s æ p u sː i p æː s t æ i̯ n e n	0
kärvistellä	k æ r ʋ i s t e lː æˣ	0
käräjäkivi	k æ r æ j æ k i ʋ i	0
käräjäoikeus	k æ r æ j æ o i̯ k e u s	131
käräjäpaikka	k æ r æ j æ p ɑ i̯ kː ɑ	0
käräjäsali	k æ r æ j æ s ɑ l i	0
käräjäväki	k æ r æ j æ ʋ æ k i	0
käräjäympyrä	k æ r æ j æ y m p y r æ	0
käräjöidä	k æ r æ j ø i̯ d æˣ	0
käsi	k æ s i	197
käsiase	k æ s i ɑ s eˣ	0
käsidesi	k æ s i d e s i	0
käsienpesuaine	k æ s i e n p e s u ɑ i̯ n eˣ	1
käsihöylä	k æ s i h ø y̯ l æ	0
käsijousi	k æ s i j o u̯ s i	0
käsikaasu	k æ s i k ɑː s u	0
käsikaulaa	k æ s i k ɑ u̯ l ɑː	0
käsikauppalääke	k æ s i k ɑ u̯ pː ɑ l æː k eˣ	0
käsikirja	k æ s i k i r j ɑ	120
käsikirjoittaa	k æ s i k i r j o i̯ tː ɑːˣ	1
käsikirjoitus	k æ s i k i r j o i̯ t u s	97
käsikirjoitusversio	k æ s i k i r j o i̯ t u s ʋ e r s i o	0
käsikirves	k æ s i k i r ʋ e s	0
käsikivi	k æ s i k i ʋ i	0
käsikopelolla	k æ s i k o p e l o lː ɑ	1
käsikopelolta	k æ s i k o p e l o l t ɑ	0
käsikosketus	k æ s i k o s k e t u s	0
käsikähmä	k æ s i k æ h m æ	0
käsikäyttöinen	k æ s i k æ y̯ tː ø i̯ n e n	7
käsiliina	k æ s i l iː n ɑ	0
käsimatkatavara	k æ s i m ɑ t k ɑ t ɑ ʋ ɑ r ɑ	2
käsinladonta	k æ s i n l ɑ d o n t ɑ	0
käsipallo	k æ s i p ɑ lː o	2
käsipeili	k æ s i p e i̯ l i	1
käsipohjaa	k æ s i p o h j ɑː	0
käsipuu	k æ s i p uː	0
käsipuuhka	k æ s i p uː h k ɑ	0
käsirattaat	k æ s i r ɑ tː ɑː t	0
käsiristi	k æ s i r i s t i	0
käsisammutin	k æ s i s ɑ mː u t i n	4
käsisuihku	k æ s i s u i̯ h k u	1
käsisyöttö	k æ s i s y ø̯ tː ø	0
käsite	k æ s i t eˣ	412
käsitehaku	k æ s i t eˣ h ɑ k u	0
käsitellä	k æ s i t e lː æˣ	742
käsitellään	k æ s i t e lː æː n	1603
käsiteltävyys	k æ s i t e l t æ ʋ yː s	8
käsitemalli	k æ s i t eˣ m ɑ lː i	1
käsitteellisesti	k æ s i tː eː lː i s e s t iˣ	16
käsitteleminen	k æ s i tː e l e m i n e n	24
käsittely	k æ s i tː e l y	797
käsittelyaika	k æ s i tː e l y ɑ i̯ k ɑ	30
käsittelymaksu	k æ s i tː e l y m ɑ k s u	16
käsittelypalvelu	k æ s i tː e l y p ɑ l ʋ e l u	0
käsittelytapa	k æ s i tː e l y t ɑ p ɑ	17
käsittelytila	k æ s i tː e l y t i l ɑ	0
käsittämättömästi	k æ s i tː æ m æ tː ø m æ s t iˣ	3
käsittämätön	k æ s i tː æ m æ t ø n	25
käsittää	k æ s i tː æːˣ	669
käsityksin	k æ s i t y k s i n	0
käsitys	k æ s i t y s	452
käsitystapa	k æ s i t y s t ɑ p ɑ	1
käsitysten	k æ s i t y s t e n	31
käsityöammatti	k æ s i t y ø̯ ɑ mː ɑ tː i	0
käsityökasvatus	k æ s i t y ø̯ k ɑ s ʋ ɑ t u s	1
käsityöläisammatti	k æ s i t y ø̯ l æ i̯ s ɑ mː ɑ tː i	1
käsityöläismuseo	k æ s i t y ø̯ l æ i̯ s m u s e o	1
käsityöneuvos	k æ s i t y ø̯ n e u̯ ʋ o s	0
käsityönopettaja	k æ s i t y ø̯ n o p e tː ɑ j ɑ	5
käsityöohje	k æ s i t y ø̯ o h j eˣ	0
käsityöperinne	k æ s i t y ø̯ p e r i nː eˣ	3
käsityöpiiri	k æ s i t y ø̯ p iː r i	0
käsityötaito	k æ s i t y ø̯ t ɑ i̯ t o	5
käsivaaka	k æ s i ʋ ɑː k ɑ	0
käsivaraisesti	k æ s i ʋ ɑ r ɑ i̯ s e s t iˣ	2
käsivarsinauha	k æ s i ʋ ɑ r s i n ɑ u̯ h ɑ	0
käsivoide	k æ s i ʋ o i̯ d eˣ	1
käsivoima	k æ s i ʋ o i̯ m ɑ	0
käskeä	k æ s k e æˣ	15
käsky	k æ s k y	69
käskykanta	k æ s k y k ɑ n t ɑ	3
käskynhaltija	k æ s k y n h ɑ l t i j ɑ	2
käskyosoitin	k æ s k y o s o i̯ t i n	0
käskyttää	k æ s k y tː æːˣ	2
käspaikka	k æ s p ɑ i̯ kː ɑ	5
käteisasiakas	k æ t e i̯ s ɑ s i ɑ k ɑ s	0
käteisvarat	k æ t e i̯ s ʋ ɑ r ɑ t	3
kätellä	k æ t e lː æˣ	2
kätevästi	k æ t e ʋ æ s t iˣ	307
kätilö	k æ t i l ø	30
kätkeä	k æ t k e æˣ	13
kätkyt	k æ t k y t	0
kätkä	k æ t k æ	7
kätteleminen	k æ tː e l e m i n e n	0
kättely	k æ tː e l y	4
käveleskellä	k æ ʋ e l e s k e lː æˣ	1
kävellä	k æ ʋ e lː æˣ	79
kävely	k æ ʋ e l y	69
kävelykansi	k æ ʋ e l y k ɑ n s i	0
kävelypuku	k æ ʋ e l y p u k u	0
kävelysauva	k æ ʋ e l y s ɑ u̯ ʋ ɑ	0
kävijätutkimus	k æ ʋ i j æ t u t k i m u s	1
käy	k æ y̯	2093
käy	k æ y̯ˣ	2093
käydä	k æ y̯ d æˣ	1103
käymäjalkaa	k æ y̯ m æ j ɑ l k ɑː	0
käymäseltä	k æ y̯ m æ s e l t æ	0
käymäseltään	k æ y̯ m æ s e l t æː n	2
käynnissäolo	k æ y̯ nː i sː æ o l o	0
käynnistyminen	k æ y̯ nː i s t y m i n e n	37
käynnistyskerta	k æ y̯ nː i s t y s k e r t ɑ	0
käynnistyslataaja	k æ y̯ nː i s t y s l ɑ t ɑː j ɑ	0
käynnistysvaihe	k æ y̯ nː i s t y s ʋ ɑ i̯ h eˣ	0
käyntimaksu	k æ y̯ n t i m ɑ k s u	9
käyntiosoite	k æ y̯ n t i o s o i̯ t eˣ	31
käypä	k æ y̯ p æ	45
käyristymä	k æ y̯ r i s t y m æ	0
käyristäminen	k æ y̯ r i s t æ m i n e n	1
käyräintegraali	k æ y̯ r æ i n t e ɡ r ɑː l i	0
käyräsara	k æ y̯ r æ s ɑ r ɑ	0
käyrätorvi	k æ y̯ r æ t o r ʋ i	5
käyskellä	k æ y̯ s k e lː æˣ	0
käyteaine	k æ y̯ t eˣ ɑ i̯ n eˣ	0
käytellä	k æ y̯ t e lː æˣ	1
käyttäjä	k æ y̯ tː æ j æ	622
käyttäjäagentti	k æ y̯ tː æ j æ ɑ ɡ e n tː i	0
käyttäjäkertomus	k æ y̯ tː æ j æ k e r t o m u s	0
käyttäjänoikeus	k æ y̯ tː æ j æ n o i̯ k e u s	0
käyttäjätarina	k æ y̯ tː æ j æ t ɑ r i n ɑ	0
käyttäytymistapa	k æ y̯ tː æ y t y m i s t ɑ p ɑ	0
käyttäytyä	k æ y̯ tː æ y t y æˣ	56
käyttää	k æ y̯ tː æːˣ	6901
käyttö	k æ y̯ tː ø	2828
käyttöala	k æ y̯ tː ø ɑ l ɑ	1
käyttöarvo	k æ y̯ tː ø ɑ r ʋ o	13
käyttöehdot	k æ y̯ tː ø e h d o t	15
käyttöesine	k æ y̯ tː ø e s i n eˣ	1
käyttögrafiikka	k æ y̯ tː ø ɡ r ɑ f iː kː ɑ	1
käyttöhuolto	k æ y̯ tː ø h u o̯ l t o	0
käyttöinsinööri	k æ y̯ tː ø i n s i n øː r i	1
käyttökeramiikka	k æ y̯ tː ø k e r ɑ m iː kː ɑ	0
käyttökoira	k æ y̯ tː ø k o i̯ r ɑ	2
käyttökustannukset	k æ y̯ tː ø k u s t ɑ nː u k s e t	51
käyttöloki	k æ y̯ tː ø l o k i	0
käyttölupa	k æ y̯ tː ø l u p ɑ	27
käyttölämmin	k æ y̯ tː ø l æ mː i n	0
käyttömoottori	k æ y̯ tː ø m oː tː o r i	1
käyttömuisti	k æ y̯ tː ø m u i̯ s t i	1
käyttöoikeus	k æ y̯ tː ø o i̯ k e u s	113
käyttöpäivä	k æ y̯ tː ø p æ i̯ ʋ æ	11
käyttörajoitus	k æ y̯ tː ø r ɑ j o i̯ t u s	3
käyttösuhde	k æ y̯ tː ø s u h d eˣ	3
käyttötapa	k æ y̯ tː ø t ɑ p ɑ	19
käyttöturvallisuus	k æ y̯ tː ø t u r ʋ ɑ lː i s uː s	10
käyttötutkimus	k æ y̯ tː ø t u t k i m u s	1
käyttöullakko	k æ y̯ tː ø u lː ɑ kː o	1
käyttövalmis	k æ y̯ tː ø ʋ ɑ l m i s	24
käyttövarat	k æ y̯ tː ø ʋ ɑ r ɑ t	4
käyttövoima	k æ y̯ tː ø ʋ o i̯ m ɑ	7
käyttöönottovaihe	k æ y̯ tː øː n o tː o ʋ ɑ i̯ h eˣ	2
käytännöllinen	k æ y̯ t æ nː ø lː i n e n	88
käytännönläheinen	k æ y̯ t æ nː ø n l æ h e i̯ n e n	31
käytäntö	k æ y̯ t æ n t ø	294
käytönvalvontajärjestelmä	k æ y̯ t ø n ʋ ɑ l ʋ o n t ɑ j æ r j e s t e l m æ	1
käytös	k æ y̯ t ø s	79
käädyt	k æː d y t	1
käämi	k æː m i	2
käämiminen	k æː m i m i n e n	0
käämityskone	k æː m i t y s k o n eˣ	0
käämivuo	k æː m i ʋ u o̯	0
käännellä	k æː nː e lː æˣ	7
käännettävyys	k æː nː e tː æ ʋ yː s	0
käännytystyö	k æː nː y t y s t y ø̯	3
käännähdellä	k æː nː æ h d e lː æˣ	0
käännättää	k æː nː æ tː æːˣ	1
käännös	k æː nː ø s	95
käännösaika	k æː nː ø s ɑ i̯ k ɑ	0
käännösaikainen	k æː nː ø s ɑ i̯ k ɑ i̯ n e n	0
käännösharjoitus	k æː nː ø s h ɑ r j o i̯ t u s	0
käännöskieli	k æː nː ø s k i e̯ l i	0
käännöskirja	k æː nː ø s k i r j ɑ	1
käännöskirjallisuus	k æː nː ø s k i r j ɑ lː i s uː s	3
käännöskoe	k æː nː ø s k o eˣ	0
käännöskukkanen	k æː nː ø s k u kː ɑ n e n	0
käännösmuisti	k æː nː ø s m u i̯ s t i	1
käännöspalkkio	k æː nː ø s p ɑ l kː i o	0
käännöstehtävä	k æː nː ø s t e h t æ ʋ æ	1
käännösteksti	k æː nː ø s t e k s t i	0
käännöstieteellinen	k æː nː ø s t i e̯ t eː lː i n e n	0
käännöstoimisto	k æː nː ø s t o i̯ m i s t o	6
käännöstyö	k æː nː ø s t y ø̯	4
käännösvirhe	k æː nː ø s ʋ i r h eˣ	0
käänteentekevästi	k æː n t eː n t e k e ʋ æ s t iˣ	1
käänteinen	k æː n t e i̯ n e n	20
käänteisalkio	k æː n t e i̯ s ɑ l k i o	0
käänteisesti	k æː n t e i̯ s e s t iˣ	4
käänteisintervalli	k æː n t e i̯ s i n t e r ʋ ɑ lː i	0
käänteiskuvaus	k æː n t e i̯ s k u ʋ ɑ u s	0
käänteismatriisi	k æː n t e i̯ s m ɑ t r iː s i	1
käänteismuunnos	k æː n t e i̯ s m uː nː o s	0
käänteisnäyttö	k æː n t e i̯ s n æ y̯ tː ø	0
käänteisväri	k æː n t e i̯ s ʋ æ r i	0
kääntelehtiä	k æː n t e l e h t i æˣ	0
kääntyillä	k æː n t y i̯ lː æˣ	3
kääntymiskaista	k æː n t y m i s k ɑ i̯ s t ɑ	1
kääntymissuunta	k æː n t y m i s s uː n t ɑ	0
kääntyvä	k æː n t y ʋ æ	13
kääntyä	k æː n t y æˣ	227
kääntäjä	k æː n t æ j æ	39
kääntää	k æː n t æːˣ	269
kääntöpenkki	k æː n t ø p e ŋ kː i	0
kääntöraide	k æː n t ø r ɑ i̯ d eˣ	0
kääntösilta	k æː n t ø s i l t ɑ	2
kääntötakki	k æː n t ø t ɑ kː i	0
kääpiö	k æː p i ø	8
kääpiöityminen	k æː p i ø i̯ t y m i n e n	0
kääpiölauha	k æː p i ø l ɑ u̯ h ɑ	0
kääpiömänty	k æː p i ø m æ n t y	0
kääppä	k æː pː æ	0
kääpä	k æː p æ	2
kääpäsieni	k æː p æ s i e̯ n i	0
kääre	k æː r eˣ	5
käärepaperi	k æː r eˣ p ɑ p e r i	3
kääriäinen	k æː r i æ i̯ n e n	22
käärme	k æː r m eˣ	21
käärmeenkantaja	k æː r m eː n k ɑ n t ɑ j ɑ	0
käärmeenkesyttäjä	k æː r m eː n k e s y tː æ j æ	0
käärmeenlumooja	k æː r m eː n l u m oː j ɑ	0
käärmeenmyrkky	k æː r m eː n m y r kː y	0
käärmeennahka	k æː r m eː n n ɑ h k ɑ	1
käärmeenpalvonta	k æː r m eː n p ɑ l ʋ o n t ɑ	0
käärmeenparta	k æː r m eː n p ɑ r t ɑ	0
käärmeenpesä	k æː r m eː n p e s æ	0
käärmeenpistonyrtti	k æː r m eː n p i s t o n y r tː i	0
käärmeenyrtti	k æː r m eː n y r tː i	0
käärmejäljitelmä	k æː r m eˣ j æ l j i t e l m æ	0
käärmekaktus	k æː r m eˣ k ɑ k t u s	0
käärmekeitto	k æː r m eˣ k e i̯ tː o	0
käärmekuusi	k æː r m eˣ k uː s i	1
käärmenainen	k æː r m eˣ n ɑ i̯ n e n	0
käärmeseerumi	k æː r m eˣ s eː r u m i	0
käärmetanssi	k æː r m eˣ t ɑ n sː i	0
kääryle	k æː r y l eˣ	0
käärökärsäkäs	k æː r ø k æ r s æ k æ s	0
köhiminen	k ø h i m i n e n	0
köhittää	k ø h i tː æːˣ	0
kökar	t s øː kː ɑ r	1
köksä	k ø k s æ	0
köli	k ø l i	7
kölikäärme	k ø l i k æː r m eˣ	0
köllinimi	k ø lː i n i m i	0
köllähtää	k ø lː æ h t æːˣ	1
köllöttää	k ø lː ø tː æːˣ	0
kömmähtää	k ø mː æ h t æːˣ	0
köniin	k ø n iː n	0
köpelösti	k ø p e l ø s t iˣ	1
köpittää	k ø p i tː æːˣ	0
köraa	k ø r ɑːˣ	0
körttipuku	k ø r tː i p u k u	1
köröttää	k ø r ø tː æːˣ	0
köyhtyminen	k ø y̯ h t y m i n e n	8
köyhyys	k ø y̯ h yː s	96
köyhä	k ø y̯ h æ	65
köyhästi	k ø y̯ h æ s t iˣ	0
köykkyyn	k ø y̯ kː yː n	0
köykyssä	k ø y̯ k y sː æ	0
köykystä	k ø y̯ k y s t æ	0
köykäisesti	k ø y̯ k æ i̯ s e s t iˣ	0
köynnösaihe	k ø y̯ nː ø s ɑ i̯ h eˣ	0
köynnöskasvi	k ø y̯ nː ø s k ɑ s ʋ i	1
köyry	k ø y̯ r y	1
köyryselkä	k ø y̯ r y s e l k æ	0
köyryssä	k ø y̯ r y sː æ	0
köyrystä	k ø y̯ r y s t æ	0
köyryyn	k ø y̯ r yː n	0
köysi	k ø y̯ s i	27
köysikela	k ø y̯ s i k e l ɑ	0
köysimäinen	k ø y̯ s i m æ i̯ n e n	0
köysittää	k ø y̯ s i tː æːˣ	0
köyttäminen	k ø y̯ tː æ m i n e n	0
kööpenhamina	k øː p e n h ɑ m i n ɑ	10
kööri	k øː r i	2
l	æ l	379
laadukas	l ɑː d u k ɑ s	191
laadukkaasti	l ɑː d u kː ɑː s t iˣ	43
laadullinen	l ɑː d u lː i n e n	37
laadullisesti	l ɑː d u lː i s e s t iˣ	67
laadunhallinta	l ɑː d u n h ɑ lː i n t ɑ	14
laaduntarkkailu	l ɑː d u n t ɑ r kː ɑ i̯ l u	6
laahusnuotta	l ɑː h u s n u o̯ tː ɑ	1
laahustin	l ɑː h u s t i n	0
laaja	l ɑː j ɑ	1199
laajakaista	l ɑː j ɑ k ɑ i̯ s t ɑ	8
laajakangas	l ɑː j ɑ k ɑ ŋː ɑ s	1
laajakantoinen	l ɑː j ɑ k ɑ n t o i̯ n e n	2
laajakatseinen	l ɑː j ɑ k ɑ t s e i̯ n e n	0
laajakulma	l ɑː j ɑ k u l m ɑ	1
laajalevikkinen	l ɑː j ɑ l e ʋ i kː i n e n	0
laajalti	l ɑː j ɑ l t iˣ	185
laajamerkityksinen	l ɑː j ɑ m e r k i t y k s i n e n	0
laajamuotoinen	l ɑː j ɑ m u o̯ t o i̯ n e n	1
laajanäköinen	l ɑː j ɑ n æ k ø i̯ n e n	0
laajaperäinen	l ɑː j ɑ p e r æ i̯ n e n	0
laajapiirteinen	l ɑː j ɑ p iː r t e i̯ n e n	0
laajapohjainen	l ɑː j ɑ p o h j ɑ i̯ n e n	17
laajapuheinen	l ɑː j ɑ p u h e i̯ n e n	0
laajasanainen	l ɑː j ɑ s ɑ n ɑ i̯ n e n	0
laajasti	l ɑː j ɑ s t iˣ	459
laajasydäminen	l ɑː j ɑ s y d æ m i n e n	0
laajaverkko	l ɑː j ɑ ʋ e r kː o	0
laajeneminen	l ɑː j e n e m i n e n	73
laajenemistyö	l ɑː j e n e m i s t y ø̯	0
laajennus	l ɑː j e nː u s	154
laajennuskunta	l ɑː j e nː u s k u n t ɑ	0
laajentaa	l ɑː j e n t ɑːˣ	529
laajentaminen	l ɑː j e n t ɑ m i n e n	144
laajentua	l ɑː j e n t u ɑˣ	19
laajuinen	l ɑː j u i̯ n e n	96
laaka	l ɑː k ɑ	2
laakafilmi	l ɑː k ɑ f i l m i	0
laakakivi	l ɑː k ɑ k i ʋ i	0
laakaovi	l ɑː k ɑ o ʋ i	0
laakapaino	l ɑː k ɑ p ɑ i̯ n o	0
laakapallo	l ɑː k ɑ p ɑ lː o	0
laakapihdit	l ɑː k ɑ p i h d i t	0
laakaruoti	l ɑː k ɑ r u o̯ t i	0
laakatuli	l ɑː k ɑ t u l i	0
laakavarsi	l ɑː k ɑ ʋ ɑ r s i	0
laakaverso	l ɑː k ɑ ʋ e r s o	0
laakeri	l ɑː k e r i	20
laakeriholkki	l ɑː k e r i h o l kː i	0
laakerikivi	l ɑː k e r i k i ʋ i	0
laakerinlehti	l ɑː k e r i n l e h t i	8
laakiobasaltti	l ɑː k i o b ɑ s ɑ l tː i	0
laakkonen	l ɑː kː o n e n	40
laakso	l ɑː k s o	128
laama	l ɑː m ɑ	0
laamapaita	l ɑː m ɑ p ɑ i̯ t ɑ	0
laannuttaa	l ɑː nː u tː ɑːˣ	0
laantuminen	l ɑː n t u m i n e n	3
laari	l ɑː r i	13
laastari	l ɑː s t ɑ r i	4
laasti	l ɑː s t i	38
laatia	l ɑː t i ɑˣ	526
laatikko	l ɑː t i kː o	40
laatikkolava	l ɑː t i kː o l ɑ ʋ ɑ	0
laatikkoonkanto	l ɑː t i kː oː n k ɑ n t o	0
laatikkoruoka	l ɑː t i kː o r u o̯ k ɑ	0
laatikosto	l ɑː t i k o s t o	2
laatiminen	l ɑː t i m i n e n	350
laattaa	l ɑː tː ɑː	7
laattakirja	l ɑː tː ɑ k i r j ɑ	0
laattaleikkuri	l ɑː tː ɑ l e i̯ kː u r i	0
laattaperustus	l ɑː tː ɑ p e r u s t u s	1
laattasilta	l ɑː tː ɑ s i l t ɑ	0
laatu	l ɑː t u	1027
laatuaika	l ɑː t u ɑ i̯ k ɑ	1
laatueroasteikko	l ɑː t u e r o ɑ s t e i̯ kː o	0
laatuinen	l ɑː t u i̯ n e n	12
laatujohtaminen	l ɑː t u j o h t ɑ m i n e n	7
laatujärjestelmä	l ɑː t u j æ r j e s t e l m æ	110
laatukuva	l ɑː t u k u ʋ ɑ	1
laatukäsikirja	l ɑː t u k æ s i k i r j ɑ	24
laatuorganisaatio	l ɑː t u o r ɡ ɑ n i s ɑː t i o	1
laatupolitiikka	l ɑː t u p o l i t iː kː ɑ	11
laatupäällikkö	l ɑː t u p æː lː i kː ø	9
laatutapa	l ɑː t u t ɑ p ɑ	0
laatutarkkailu	l ɑː t u t ɑ r kː ɑ i̯ l u	0
laatutietoinen	l ɑː t u t i e̯ t o i̯ n e n	2
laatutyö	l ɑː t u t y ø̯	14
laatuvaatimus	l ɑː t u ʋ ɑː t i m u s	3
laava	l ɑː ʋ ɑ	7
laavalamppu	l ɑː ʋ ɑ l ɑ m pː u	0
laavalokki	l ɑː ʋ ɑ l o kː i	0
laavu	l ɑː ʋ u	33
labiilisti	l ɑ b iː l i s t iˣ	0
labiodentaalinen	l ɑ b i o d e n t ɑː l i n e n	0
laboratoriodiagnostiikka	l ɑ b o r ɑ t o r i o d i ɑ ɡ n o s t iː kː ɑ	0
laboratorioinsinööri	l ɑ b o r ɑ t o r i o i n s i n øː r i	4
labrador	l ɑ b r ɑ d o r	0
labradorinnoutaja	l ɑ b r ɑ d o r i n n o u̯ t ɑ j ɑ	5
labyrintti	l ɑ b y r i n tː i	7
ladata	l ɑ d ɑ t ɑˣ	339
ladontavirhe	l ɑ d o n t ɑ ʋ i r h eˣ	0
lados	l ɑ d o s	0
lafka	l ɑ f k ɑ	2
lagata	l ɑ ɡ ɑ t ɑˣ	0
lagi	l ɑ ɡ i	0
lahdata	l ɑ h d ɑ t ɑˣ	0
lahdenpohja	l ɑ h d e n p o h j ɑ	1
lahja	l ɑ h j ɑ	161
lahjaraha	l ɑ h j ɑ r ɑ h ɑ	1
lahjatalous	l ɑ h j ɑ t ɑ l o u s	1
lahjavarat	l ɑ h j ɑ ʋ ɑ r ɑ t	0
lahjoittaminen	l ɑ h j o i̯ tː ɑ m i n e n	0
lahjoitusvarat	l ɑ h j o i̯ t u s ʋ ɑ r ɑ t	1
lahjomattomasti	l ɑ h j o m ɑ tː o m ɑ s t iˣ	2
lahko	l ɑ h k o	7
lahna	l ɑ h n ɑ	16
laho	l ɑ h o	7
lahoaminen	l ɑ h o ɑ m i n e n	5
lahokanto	l ɑ h o k ɑ n t o	0
lahokoira	l ɑ h o k o i̯ r ɑ	0
lahonestoaine	l ɑ h o n e s t o ɑ i̯ n eˣ	0
lahota	l ɑ h o t ɑˣ	3
lahottajasieni	l ɑ h o tː ɑ j ɑ s i e̯ n i	4
lahtaaminen	l ɑ h t ɑː m i n e n	0
lahtari	l ɑ h t ɑ r i	0
lahti	l ɑ h t i	427
laidallinen	l ɑ i̯ d ɑ lː i n e n	1
laidaton	l ɑ i̯ d ɑ t o n	0
laidatusten	l ɑ i̯ d ɑ t u s t e n	0
laidemmaksi	l ɑ i̯ d e mː ɑ k s i	0
laidemmalla	l ɑ i̯ d e mː ɑ lː ɑ	0
laidemmalle	l ɑ i̯ d e mː ɑ lː eˣ	0
laidemmalta	l ɑ i̯ d e mː ɑ l t ɑ	0
laidemmas	l ɑ i̯ d e mː ɑ s	0
laidempaa	l ɑ i̯ d e m p ɑː	0
laidempana	l ɑ i̯ d e m p ɑ n ɑ	0
laidoittaa	l ɑ i̯ d o i̯ tː ɑːˣ	0
laidunalue	l ɑ i̯ d u n ɑ l u eˣ	0
laidunkausi	l ɑ i̯ d u n k ɑ u̯ s i	0
laidunmaa	l ɑ i̯ d u n m ɑː	0
laiduntaa	l ɑ i̯ d u n t ɑːˣ	9
laiha	l ɑ i̯ h ɑ	23
laihdutus	l ɑ i̯ h d u t u s	14
laihdutuslääke	l ɑ i̯ h d u t u s l æː k eˣ	3
laihia	l ɑ i̯ h i ɑ	9
laihialainen	l ɑ i̯ h i ɑ l ɑ i̯ n e n	3
laiho	l ɑ i̯ h o	45
laikka	l ɑ i̯ kː ɑ	0
laikku	l ɑ i̯ kː u	5
laikuittain	l ɑ i̯ k u i̯ tː ɑ i̯ n	0
laikuttaa	l ɑ i̯ k u tː ɑːˣ	0
laila	l ɑ i̯ l ɑ	37
lailla	l ɑ i̯ lː ɑ	614
laimea	l ɑ i̯ m e ɑ	6
laimennusaine	l ɑ i̯ m e nː u s ɑ i̯ n eˣ	0
laimentaminen	l ɑ i̯ m e n t ɑ m i n e n	2
laimi	l ɑ i̯ m i	1
laimin	l ɑ i̯ m i n	7
laiminlyödä	l ɑ i̯ m i n l y ø̯ d æˣ	9
laiminlyönti	l ɑ i̯ m i n l y ø̯ n t i	52
laina	l ɑ i̯ n ɑ	99
lainaaminen	l ɑ i̯ n ɑː m i n e n	15
lainahöyhenet	l ɑ i̯ n ɑ h ø y̯ h e n e t	0
lainamarkkinat	l ɑ i̯ n ɑ m ɑ r kː i n ɑ t	1
lainaraha	l ɑ i̯ n ɑ r ɑ h ɑ	1
lainata	l ɑ i̯ n ɑ t ɑˣ	166
lainaussali	l ɑ i̯ n ɑ u s s ɑ l i	0
lainavarat	l ɑ i̯ n ɑ ʋ ɑ r ɑ t	0
laine	l ɑ i̯ n eˣ	327
laineittaa	l ɑ i̯ n e i̯ tː ɑːˣ	0
lainen	l ɑ i̯ n e n	13
laineri	l ɑ i̯ n e r i	0
lainsuojaton	l ɑ i̯ n s u o̯ j ɑ t o n	3
lainsäädäntäelin	l ɑ i̯ n s æː d æ n t æ e l i n	0
lainvalvoja	l ɑ i̯ n ʋ ɑ l ʋ o j ɑ	0
lainvalvonta	l ɑ i̯ n ʋ ɑ l ʋ o n t ɑ	1
lainvoima	l ɑ i̯ n ʋ o i̯ m ɑ	0
lainvoimainen	l ɑ i̯ n ʋ o i̯ m ɑ i̯ n e n	42
laipoittaa	l ɑ i̯ p o i̯ tː ɑːˣ	0
laisin	l ɑ i̯ s i n	0
laiska	l ɑ i̯ s k ɑ	34
laiskakoira	l ɑ i̯ s k ɑ k o i̯ r ɑ	0
laiskanläksy	l ɑ i̯ s k ɑ n l æ k s y	0
laiskottaa	l ɑ i̯ s k o tː ɑːˣ	1
laita	l ɑ i̯ t ɑ	355
laita	l ɑ i̯ t ɑˣ	355
laitaa	l ɑ i̯ t ɑː	18
laitainen	l ɑ i̯ t ɑ i̯ n e n	0
laitakatu	l ɑ i̯ t ɑ k ɑ t u	0
laitakukka	l ɑ i̯ t ɑ k u kː ɑ	0
laitalinkki	l ɑ i̯ t ɑ l i ŋ kː i	1
laitamies	l ɑ i̯ t ɑ m i e̯ s	0
laitapuoli	l ɑ i̯ t ɑ p u o̯ l i	0
laitapuolustaja	l ɑ i̯ t ɑ p u o̯ l u s t ɑ j ɑ	0
laitarakentaja	l ɑ i̯ t ɑ r ɑ k e n t ɑ j ɑ	0
laitattaa	l ɑ i̯ t ɑ tː ɑːˣ	0
laitatuuli	l ɑ i̯ t ɑ t uː l i	0
laitavastainen	l ɑ i̯ t ɑ ʋ ɑ s t ɑ i̯ n e n	0
laiteajuri	l ɑ i̯ t eˣ ɑ j u r i	1
laitelmisto	l ɑ i̯ t e l m i s t o	0
laiteohjain	l ɑ i̯ t eˣ o h j ɑ i̯ n	1
laiteohjelma	l ɑ i̯ t eˣ o h j e l m ɑ	0
laiteohjelmisto	l ɑ i̯ t eˣ o h j e l m i s t o	0
laitepari	l ɑ i̯ t eˣ p ɑ r i	0
laiteta	l ɑ i̯ t e t ɑˣ	17
laitettaneen	l ɑ i̯ t e tː ɑ n eː n	0
laitila	l ɑ i̯ t i l ɑ	33
laitilalainen	l ɑ i̯ t i l ɑ l ɑ i̯ n e n	5
laitinen	l ɑ i̯ t i n e n	158
laitos	l ɑ i̯ t o s	926
laitostalous	l ɑ i̯ t o s t ɑ l o u s	0
laittaa	l ɑ i̯ tː ɑːˣ	688
laittamattomasti	l ɑ i̯ tː ɑ m ɑ tː o m ɑ s t iˣ	0
laitteistokeskeytys	l ɑ i̯ tː e i̯ s t o k e s k e y t y s	0
laitteistoympäristö	l ɑ i̯ tː e i̯ s t o y m p æ r i s t ø	0
laituri	l ɑ i̯ t u r i	73
laiturimaksu	l ɑ i̯ t u r i m ɑ k s u	1
laituriovi	l ɑ i̯ t u r i o ʋ i	0
laituriportaat	l ɑ i̯ t u r i p o r t ɑː t	0
laituritikkaat	l ɑ i̯ t u r i t i kː ɑː t	0
laiva	l ɑ i̯ ʋ ɑ	95
laivaaminen	l ɑ i̯ ʋ ɑː m i n e n	0
laivajuna	l ɑ i̯ ʋ ɑ j u n ɑ	0
laivakissa	l ɑ i̯ ʋ ɑ k i sː ɑ	1
laivakoira	l ɑ i̯ ʋ ɑ k o i̯ r ɑ	0
laivalatomus	l ɑ i̯ ʋ ɑ l ɑ t o m u s	0
laivaliikenne	l ɑ i̯ ʋ ɑ l iː k e nː eˣ	10
laivalyhty	l ɑ i̯ ʋ ɑ l y h t y	0
laivalöytö	l ɑ i̯ ʋ ɑ l ø y̯ t ø	0
laivamalli	l ɑ i̯ ʋ ɑ m ɑ lː i	0
laivamatkailu	l ɑ i̯ ʋ ɑ m ɑ t k ɑ i̯ l u	0
laivanhylky	l ɑ i̯ ʋ ɑ n h y l k y	0
laivanrakennusinsinööri	l ɑ i̯ ʋ ɑ n r ɑ k e nː u s i n s i n øː r i	0
laivanrakennuspaikka	l ɑ i̯ ʋ ɑ n r ɑ k e nː u s p ɑ i̯ kː ɑ	0
laivanrakennustekniikka	l ɑ i̯ ʋ ɑ n r ɑ k e nː u s t e k n iː kː ɑ	0
laivanupotus	l ɑ i̯ ʋ ɑ n u p o t u s	0
laivaranta	l ɑ i̯ ʋ ɑ r ɑ n t ɑ	4
laivastoasema	l ɑ i̯ ʋ ɑ s t o ɑ s e m ɑ	1
laivaturma	l ɑ i̯ ʋ ɑ t u r m ɑ	0
laivatyyppi	l ɑ i̯ ʋ ɑ t yː pː i	1
laivatyö	l ɑ i̯ ʋ ɑ t y ø̯	0
laivausasiakirja	l ɑ i̯ ʋ ɑ u s ɑ s i ɑ k i r j ɑ	0
laivaväki	l ɑ i̯ ʋ ɑ ʋ æ k i	0
laivaväylä	l ɑ i̯ ʋ ɑ ʋ æ y̯ l æ	7
laji	l ɑ j i	276
lajienvälinen	l ɑ j i e n ʋ æ l i n e n	0
lajike	l ɑ j i k eˣ	58
lajinimi	l ɑ j i n i m i	1
lajinsisäinen	l ɑ j i n s i s æ i̯ n e n	0
lajittelujärjestys	l ɑ j i tː e l u j æ r j e s t y s	0
lajittelukone	l ɑ j i tː e l u k o n eˣ	0
lajiutua	l ɑ j i u t u ɑˣ	0
lakaisukone	l ɑ k ɑ i̯ s u k o n eˣ	2
lakana	l ɑ k ɑ n ɑ	5
lakanpoisto	l ɑ k ɑ n p o i̯ s t o	0
lakastua	l ɑ k ɑ s t u ɑˣ	1
lakastuminen	l ɑ k ɑ s t u m i n e n	0
lakastuttaa	l ɑ k ɑ s t u tː ɑːˣ	0
lakata	l ɑ k ɑ t ɑˣ	23
lakea	l ɑ k e ɑ	3
lakeija	l ɑ k e i̯ j ɑ	0
lakeinen	l ɑ k e i̯ n e n	0
lakelandinterrieri	l e i̯ k l æ n d i n t e rː i e r i	0
lakeus	l ɑ k e u s	7
laki	l ɑ k i	936
lakijäätikkö	l ɑ k i j æː t i kː ø	0
lakikorkeus	l ɑ k i k o r k e u s	3
lakimies	l ɑ k i m i e̯ s	87
lakiteksti	l ɑ k i t e k s t i	6
lakitiede	l ɑ k i t i e̯ d eˣ	0
lakka	l ɑ kː ɑ	16
lakkaamatta	l ɑ kː ɑː m ɑ tː ɑ	21
lakkaaminen	l ɑ kː ɑː m i n e n	5
lakkahillo	l ɑ kː ɑ h i lː o	0
lakkakeitto	l ɑ kː ɑ k e i̯ tː o	0
lakkalikööri	l ɑ kː ɑ l i k øː r i	0
lakkatyö	l ɑ kː ɑ t y ø̯	0
lakkautuspalkka	l ɑ kː ɑ u t u s p ɑ l kː ɑ	0
lakki	l ɑ kː i	23
lakkimakaki	l ɑ kː i m ɑ k ɑ k i	0
lakkisieni	l ɑ kː i s i e̯ n i	0
lakko	l ɑ kː o	45
lakkoaalto	l ɑ kː o ɑː l t o	0
lakkovahti	l ɑ kː o ʋ ɑ h t i	1
lakmus	l ɑ k m u s	0
lako	l ɑ k o	0
lakritsi	l ɑ k r i t s i	3
lakritsihappo	l ɑ k r i t s i h ɑ pː o	0
lakritsijäätelö	l ɑ k r i t s i j æː t e l ø	0
lakritsikaramelli	l ɑ k r i t s i k ɑ r ɑ m e lː i	0
lakritsikasvi	l ɑ k r i t s i k ɑ s ʋ i	0
lakritsimakeinen	l ɑ k r i t s i m ɑ k e i̯ n e n	0
lakritsimassa	l ɑ k r i t s i m ɑ sː ɑ	0
lakritsipatukka	l ɑ k r i t s i p ɑ t u kː ɑ	0
lakritsipiippu	l ɑ k r i t s i p iː pː u	0
lakritsipussi	l ɑ k r i t s i p u sː i	0
lakritsipötkö	l ɑ k r i t s i p ø t k ø	0
lakritsiuute	l ɑ k r i t s i uː t eˣ	0
lallatella	l ɑ lː ɑ t e lː ɑˣ	0
lallattaa	l ɑ lː ɑ tː ɑːˣ	0
lalli	l ɑ lː i	11
lama	l ɑ m ɑ	108
lama	l ɑː m ɑ	108
lamasalvostekniikka	l ɑ m ɑ s ɑ l ʋ o s t e k n iː kː ɑ	0
lamauttaminen	l ɑ m ɑ u tː ɑ m i n e n	2
lambda	l ɑ m b d ɑ	6
lambda	l ɑ m d ɑ	6
lamellaarihaarniska	l ɑ m e lː ɑː r i h ɑː r n i s k ɑ	0
lamellaarinen	l ɑ m e lː ɑː r i n e n	0
lamellilaikka	l ɑ m e lː i l ɑ i̯ kː ɑ	0
lamentaatio	l ɑ m e n t ɑː t i o	0
laminaatio	l ɑ m i n ɑː t i o	0
lammas	l ɑ mː ɑ s	33
lammaskaali	l ɑ mː ɑ s k ɑː l i	1
lammasmaisesti	l ɑ mː ɑ s m ɑ i̯ s e s t iˣ	2
lammaspata	l ɑ mː ɑ s p ɑ t ɑ	0
lammastalous	l ɑ mː ɑ s t ɑ l o u s	2
lampaanhoito	l ɑ m p ɑː n h o i̯ t o	1
lampaanjuusto	l ɑ m p ɑː n j uː s t o	0
lampaankare	l ɑ m p ɑː n k ɑ r eˣ	0
lampaankyljys	l ɑ m p ɑː n k y l j y s	0
lampaanlapa	l ɑ m p ɑː n l ɑ p ɑ	0
lampaanmaito	l ɑ m p ɑː n m ɑ i̯ t o	0
lampaanpaisti	l ɑ m p ɑː n p ɑ i̯ s t i	0
lampaanviulu	l ɑ m p ɑː n ʋ i u̯ l u	0
lampare	l ɑ m p ɑ r eˣ	0
lampetti	l ɑ m p e tː i	1
lampi	l ɑ m p i	44
lamppuharja	l ɑ m pː u h ɑ r j ɑ	0
lamprofyyri	l ɑ m p r o f yː r i	0
lamproiitti	l ɑ m p r o i̯ː tː i	0
lampuoti	l ɑ m p u o t i	3
langallinen	l ɑ ŋː ɑ lː i n e n	1
langeta	l ɑ ŋː e t ɑˣ	13
langoittaa	l ɑ ŋː o i̯ tː ɑːˣ	0
lanka	l ɑ ŋ k ɑ	57
lankanaula	l ɑ ŋ k ɑ n ɑ u̯ l ɑ	0
lankapihdit	l ɑ ŋ k ɑ p i h d i t	0
lankarulla	l ɑ ŋ k ɑ r u lː ɑ	0
lankasakset	l ɑ ŋ k ɑ s ɑ k s e t	0
lankasidonta	l ɑ ŋ k ɑ s i d o n t ɑ	0
lankasuora	l ɑ ŋ k ɑ s u o̯ r ɑ	0
lankkuaita	l ɑ ŋ kː u ɑ i̯ t ɑ	0
lankkujuuri	l ɑ ŋ kː u j uː r i	0
lankkupihvi	l ɑ ŋ kː u p i h ʋ i	0
lanko	l ɑ ŋ k o	4
lankous	l ɑ ŋ k o u s	0
lannanajo	l ɑ nː ɑ n ɑ j o	0
lanne	l ɑ nː eˣ	9
lanneranka	l ɑ nː eˣ r ɑ ŋ k ɑ	0
lannistaminen	l ɑ nː i s t ɑ m i n e n	0
lannoitetehdas	l ɑ nː o i̯ t eˣ t e h d ɑ s	0
lannoiteteollisuus	l ɑ nː o i̯ t eˣ t e o lː i s uː s	1
lannoitusaine	l ɑ nː o i̯ t u s ɑ i̯ n eˣ	0
lannoituskone	l ɑ nː o i̯ t u s k o n eˣ	0
lanoliini	l ɑ n o l iː n i	0
lanssi	l ɑ n sː i	0
lantaa	l ɑ n t ɑː	28
lantaani	l ɑ n t ɑː n i	0
lantamulta	l ɑ n t ɑ m u l t ɑ	0
lantanavetta	l ɑ n t ɑ n ɑ ʋ e tː ɑ	0
lantio	l ɑ n t i o	24
lantioluu	l ɑ n t i o l uː	0
lantsarit	l ɑ n t s ɑ r i t	0
lantti	l ɑ n tː i	1
lanttulaatikko	l ɑ n tː u l ɑː t i kː o	2
lanttuperhonen	l ɑ n tː u p e r h o n e n	1
lanttusupikas	l ɑ n tː u s u p i k ɑ s	0
lapa	l ɑ p ɑ	8
lapa	l ɑ p ɑˣ	8
lapajättiläinen	l ɑ p ɑ j æ tː i l æ i̯ n e n	0
lapakko	l ɑ p ɑ kː o	0
lapakulma	l ɑ p ɑ k u l m ɑ	1
lapakääntö	l ɑ p ɑ k æː n t ø	0
lapalihas	l ɑ p ɑ l i h ɑ s	0
lapaliitos	l ɑ p ɑ l iː t o s	0
lapanen	l ɑ p ɑ n e n	1
lape	l ɑ p eˣ	3
lapeaita	l ɑ p eˣ ɑ i̯ t ɑ	0
lapetikkaat	l ɑ p eˣ t i kː ɑː t	2
lapinjärveläinen	l ɑ p i n j æ r ʋ e l æ i̯ n e n	1
lapinjärvi	l ɑ p i n j æ r ʋ i	4
lapinkoira	l ɑ p i n k o i̯ r ɑ	0
lapinlahtelainen	l ɑ p i n l ɑ h t e l ɑ i̯ n e n	0
lapinlahti	l ɑ p i n l ɑ h t i	19
lapinleuku	l ɑ p i n l e u̯ k u	0
lapinpuku	l ɑ p i n p u k u	0
lapinraanu	l ɑ p i n r ɑː n u	0
lapinraunio	l ɑ p i n r ɑ u̯ n i o	0
lapinsara	l ɑ p i n s ɑ r ɑ	0
lapio	l ɑ p i o	11
lapiosarvi	l ɑ p i o s ɑ r ʋ i	0
lappaa	l ɑ pː ɑːˣ	3
lappajärveläinen	l ɑ pː ɑ j æ r ʋ e l æ i̯ n e n	0
lappajärvi	l ɑ pː ɑ j æ r ʋ i	8
lappajärvinen	l ɑ pː ɑ j æ r ʋ i n e n	0
lappalainen	l ɑ pː ɑ l ɑ i̯ n e n	89
lappalaiskäännös	l ɑ pː ɑ l ɑ i̯ s k æː nː ø s	0
lappavyö	l ɑ pː ɑ ʋ y ø̯	0
lappeellaan	l ɑ pː eː lː ɑː n	2
lappeelleen	l ɑ pː eː lː eː n	0
lappeenranta	l ɑ pː eː n r ɑ n t ɑ	102
lappeenrantalainen	l ɑ pː eː n r ɑ n t ɑ l ɑ i̯ n e n	6
lappi	l ɑ pː i	106
lappo	l ɑ pː o	1
lapseneläke	l ɑ p s e n e l æ k eˣ	1
lapsenkaitsija	l ɑ p s e n k ɑ i̯ t s i j ɑ	0
lapsenomaisesti	l ɑ p s e n o m ɑ i̯ s e s t iˣ	0
lapset	l ɑ p s e t	1914
lapsettaa	l ɑ p s e tː ɑːˣ	0
lapseus	l ɑ p s e u s	2
lapsi	l ɑ p s i	1779
lapsikuvaus	l ɑ p s i k u ʋ ɑ u s	0
lapsinero	l ɑ p s i n e r o	2
lapsirikas	l ɑ p s i r i k ɑ s	0
lapskoussi	l ɑ p s k o u sː i	0
lapsukainen	l ɑ p s u k ɑ i̯ n e n	2
lapsus	l ɑ p s u s	3
lapsuus	l ɑ p s uː s	57
lapsuusvuosi	l ɑ p s uː s ʋ u o̯ s i	0
lapua	l ɑ p u ɑ	61
lapualainen	l ɑ p u ɑ l ɑ i̯ n e n	1
lapuanjoki	l ɑ p u ɑ n j o k i	1
laputtaa	l ɑ p u tː ɑːˣ	0
lari	l ɑ r i	8
lasagne	l ɑ s ɑ n j e	2
lasagne	l ɑ s ɑ ɡ n e	2
laseittain	l ɑ s e i̯ tː ɑ i̯ n	0
laser	l ɑː s e r	39
laser	l ɑː s e r i	39
laseretäisyysmittari	l ɑː s e r e t æ i̯ s yː s m i tː ɑ r i	0
laserkarvanpoisto	l ɑː s e r k ɑ r ʋ ɑ n p o i̯ s t o	0
laserkeilain	l ɑː s e r k e i̯ l ɑ i̯ n	0
laserosoitin	l ɑː s e r o s o i̯ t i n	2
lasersoitin	l ɑː s e r s o i̯ t i n	0
lasertekniikka	l ɑː s e r t e k n iː kː ɑ	1
lasertuloste	l ɑː s e r t u l o s t eˣ	0
laservalo	l ɑː s e r ʋ ɑ l o	2
lasiaisneste	l ɑ s i ɑ i̯ s n e s t eˣ	0
lasiastia	l ɑ s i ɑ s t i ɑ	1
lasikiilto	l ɑ s i k iː l t o	0
lasikuitulevy	l ɑ s i k u i̯ t u l e ʋ y	0
lasikuituteippi	l ɑ s i k u i̯ t u t e i̯ pː i	0
lasilevy	l ɑ s i l e ʋ y	2
lasinegatiivi	l ɑ s i n e ɡ ɑ t iː ʋ i	0
lasinkiilto	l ɑ s i n k iː l t o	0
lasinpesuneste	l ɑ s i n p e s u n e s t eˣ	0
lasinuudeli	l ɑ s i n uː d e l i	0
lasipurkki	l ɑ s i p u r kː i	2
lasiruukki	l ɑ s i r uː kː i	0
lasisauva	l ɑ s i s ɑ u̯ ʋ ɑ	2
lasisiirtymä	l ɑ s i s iː r t y m æ	0
lasitaide	l ɑ s i t ɑ i̯ d eˣ	0
lasittua	l ɑ s i tː u ɑˣ	0
lasityö	l ɑ s i t y ø̯	1
lasiuuni	l ɑ s i uː n i	0
laskea	l ɑ s k e ɑˣ	570
laskeminen	l ɑ s k e m i n e n	85
laskennallinen	l ɑ s k e nː ɑ lː i n e n	72
laskennallisesti	l ɑ s k e nː ɑ lː i s e s t iˣ	39
laskentaverkko	l ɑ s k e n t ɑ ʋ e r kː o	0
laskettaa	l ɑ s k e tː ɑːˣ	2
laskettaneen	l ɑ s k e tː ɑ n eː n	0
laskettelukenkä	l ɑ s k e tː e l u k e ŋ k æ	0
laskettelulasit	l ɑ s k e tː e l u l ɑ s i t	0
laskettelusuksi	l ɑ s k e tː e l u s u k s i	0
laskeuma	l ɑ s k e u m ɑ	17
laskeutumislupa	l ɑ s k e u t u m i s l u p ɑ	0
laskiainen	l ɑ s k i ɑ i̯ n e n	0
laskiaispulla	l ɑ s k i ɑ i̯ s p u lː ɑ	2
laskimo	l ɑ s k i m o	4
laskimoveri	l ɑ s k i m o ʋ e r i	0
lasko	l ɑ s k o	9
laskos	l ɑ s k o s	1
laskujoki	l ɑ s k u j o k i	1
laskukaava	l ɑ s k u k ɑː ʋ ɑ	3
laskukausi	l ɑ s k u k ɑ u̯ s i	0
laskukone	l ɑ s k u k o n eˣ	0
laskukulma	l ɑ s k u k u l m ɑ	0
laskukynnys	l ɑ s k u k y nː y s	0
laskuoppi	l ɑ s k u o pː i	1
laskuportaat	l ɑ s k u p o r t ɑː t	0
laskusääntö	l ɑ s k u s æː n t ø	2
laskutapa	l ɑ s k u t ɑ p ɑ	7
laskutoimitus	l ɑ s k u t o i̯ m i t u s	4
laskuvarjojoukot	l ɑ s k u ʋ ɑ r j o j o u̯ k o t	0
lasse	l ɑ sː e	344
lassi	l ɑ sː i	56
lassie	l ɑ sː i e	1
lassie	l ɑ sː iː	1
lassila	l ɑ sː i l ɑ	51
lasta	l ɑ s t ɑ	838
lastausmenetelmä	l ɑ s t ɑ u s m e n e t e l m æ	0
lastauspaikka	l ɑ s t ɑ u s p ɑ i̯ kː ɑ	2
lastaussatama	l ɑ s t ɑ u s s ɑ t ɑ m ɑ	0
lastauttaa	l ɑ s t ɑ u tː ɑːˣ	0
lastenhuone	l ɑ s t e n h u o̯ n eˣ	3
lastenhuonekalu	l ɑ s t e n h u o̯ n eˣ k ɑ l u	0
lastenkirja	l ɑ s t e n k i r j ɑ	2
lastenkulttuuri	l ɑ s t e n k u l tː uː r i	0
lastenkutsut	l ɑ s t e n k u t s u t	1
lastenperinne	l ɑ s t e n p e r i nː eˣ	0
lastensairaala	l ɑ s t e n s ɑ i̯ r ɑː l ɑ	0
lastensänky	l ɑ s t e n s æ ŋ k y	1
lastenvaaka	l ɑ s t e n ʋ ɑː k ɑ	0
lastenvaate	l ɑ s t e n ʋ ɑː t eˣ	0
lastialus	l ɑ s t i ɑ l u s	0
lastiluukku	l ɑ s t i l uː kː u	0
lastinantaja	l ɑ s t i n ɑ n t ɑ j ɑ	0
lastitila	l ɑ s t i t i l ɑ	0
lastu	l ɑ s t u	7
lastua	l ɑ s t u ɑ	1
lastuaukko	l ɑ s t u ɑ u kː o	0
lastukasa	l ɑ s t u k ɑ s ɑ	0
lastukokoelma	l ɑ s t u k o k o e l m ɑ	0
lastukori	l ɑ s t u k o r i	0
lastutyö	l ɑ s t u t y ø̯	0
lastuvakka	l ɑ s t u ʋ ɑ kː ɑ	0
lataaminen	l ɑ t ɑː m i n e n	46
latauspiste	l ɑ t ɑ u s p i s t eˣ	0
latauspuikko	l ɑ t ɑ u s p u i̯ kː o	0
latautuminen	l ɑ t ɑ u t u m i n e n	24
lateksimaali	l ɑ t e k s i m ɑː l i	4
lateraali	l ɑ t e r ɑː l i	1
lateraalifrikatiivi	l ɑ t e r ɑː l i f r i k ɑ t iː ʋ i	0
lateriitti	l ɑ t e r iː tː i	0
latinankielinen	l ɑ t i n ɑ n k i e̯ l i n e n	2
latinisti	l ɑ t i n i s t i	1
latino	l ɑ t i n o	4
lato	l ɑ t o	7
latoa	l ɑ t o ɑˣ	7
latokartano	l ɑ t o k ɑ r t ɑ n o	17
latomakone	l ɑ t o m ɑ k o n eˣ	0
latomeri	l ɑ t o m e r i	0
latomo	l ɑ t o m o	0
latomus	l ɑ t o m u s	1
latotanssit	l ɑ t o t ɑ n sː i t	1
lattahihna	l ɑ tː ɑ h i h n ɑ	0
lattakierre	l ɑ tː ɑ k i e̯ rː eˣ	0
latte	l ɑ tː e	0
lattea	l ɑ tː e ɑ	8
latteasti	l ɑ tː e ɑ s t iˣ	0
lattia	l ɑ tː i ɑ	96
lattiafunktio	l ɑ tː i ɑ f u ŋ k t i o	0
lattiaharja	l ɑ tː i ɑ h ɑ r j ɑ	0
lattiakanava	l ɑ tː i ɑ k ɑ n ɑ ʋ ɑ	0
lattialasta	l ɑ tː i ɑ l ɑ s t ɑ	0
lattianavetta	l ɑ tː i ɑ n ɑ ʋ e tː ɑ	0
lattianpäällyste	l ɑ tː i ɑ n p æː lː y s t eˣ	0
lattiasieni	l ɑ tː i ɑ s i e̯ n i	0
lattiavalaisin	l ɑ tː i ɑ ʋ ɑ l ɑ i̯ s i n	0
lattiisi	l ɑ tː iː s i	0
latu	l ɑ t u	51
latukone	l ɑ t u k o n eˣ	3
latuska	l ɑ t u s k ɑ	0
latuskainen	l ɑ t u s k ɑ i̯ n e n	0
latva	l ɑ t ʋ ɑ	19
latvala	l ɑ t ʋ ɑ l ɑ	35
latvapalo	l ɑ t ʋ ɑ p ɑ l o	0
latvialainen	l ɑ t ʋ i ɑ l ɑ i̯ n e n	6
latvuskerros	l ɑ t ʋ u s k e rː o s	0
lauantai	l ɑ u̯ ɑ n t ɑ i̯	97
lauantaiaamupäivä	l ɑ u̯ ɑ n t ɑ i̯ ɑː m u p æ i̯ ʋ æ	1
lauantaipäivä	l ɑ u̯ ɑ n t ɑ i̯ p æ i̯ ʋ æ	5
laudaturtyö	l ɑ u̯ d ɑː tː u r t y ø̯	3
laudeliina	l ɑ u̯ d eˣ l iː n ɑ	1
laudoitus	l ɑ u̯ d o i̯ t u s	3
laudus	l ɑ u̯ d u s	0
lauha	l ɑ u̯ h ɑ	12
lauhdevoima	l ɑ u̯ h d eˣ ʋ o i̯ m ɑ	0
lauhkeasti	l ɑ u̯ h k e ɑ s t iˣ	0
laukaa	l ɑ u̯ k ɑː	14
laukaalainen	l ɑ u̯ k ɑː l ɑ i̯ n e n	1
laukaiseminen	l ɑ u̯ k ɑ i̯ s e m i n e n	4
laukaisin	l ɑ u̯ k ɑ i̯ s i n	0
laukaisuikkuna	l ɑ u̯ k ɑ i̯ s u i kː u n ɑ	0
laukaisukeskus	l ɑ u̯ k ɑ i̯ s u k e s k u s	0
laukaisuteline	l ɑ u̯ k ɑ i̯ s u t e l i n eˣ	0
laukaisuvalmis	l ɑ u̯ k ɑ i̯ s u ʋ ɑ l m i s	1
laukannosto	l ɑ u̯ k ɑ n n o s t o	0
laukanvaihto	l ɑ u̯ k ɑ n ʋ ɑ i̯ h t o	0
laukea	l ɑ u̯ k e ɑ	3
laukea	l ɑ u̯ k e ɑˣ	3
laukka	l ɑ u̯ kː ɑ	25
laukkaava	l ɑ u̯ kː ɑː ʋ ɑ	4
laukkahevonen	l ɑ u̯ kː ɑ h e ʋ o n e n	0
laukkakasvi	l ɑ u̯ kː ɑ k ɑ s ʋ i	0
laukkakilpailu	l ɑ u̯ kː ɑ k i l p ɑ i̯ l u	0
laukkamakkara	l ɑ u̯ kː ɑ m ɑ kː ɑ r ɑ	0
laukkanen	l ɑ u̯ kː ɑ n e n	75
laukkukauppias	l ɑ u̯ kː u k ɑ u̯ pː i ɑ s	1
laukominen	l ɑ u̯ k o m i n e n	0
laukullinen	l ɑ u̯ k u lː i n e n	0
laulaa	l ɑ u̯ l ɑː	182
laulaa	l ɑ u̯ l ɑːˣ	182
laulaminen	l ɑ u̯ l ɑ m i n e n	22
laulattaa	l ɑ u̯ l ɑ tː ɑːˣ	9
laulavasti	l ɑ u̯ l ɑ ʋ ɑ s t iˣ	0
laulu	l ɑ u̯ l u	327
laululeikki	l ɑ u̯ l u l e i̯ kː i	1
laululento	l ɑ u̯ l u l e n t o	0
laulunopettaja	l ɑ u̯ l u n o p e tː ɑ j ɑ	1
lauluopinnot	l ɑ u̯ l u o p i nː o t	1
lauluoppilas	l ɑ u̯ l u o pː i l ɑ s	0
laulutaito	l ɑ u̯ l u t ɑ i̯ t o	1
laulutapa	l ɑ u̯ l u t ɑ p ɑ	3
laulutähti	l ɑ u̯ l u t æ h t i	0
lauluyhtye	l ɑ u̯ l u y h t y eˣ	9
lauma	l ɑ u̯ m ɑ	29
launi	l ɑ u̯ n i	0
laupeudentyö	l ɑ u̯ p e u d e n t y ø̯	0
laupiaan	l ɑ u̯ p i ɑː n	1
laupiaasti	l ɑ u̯ p i ɑː s t iˣ	0
laura	l ɑ u̯ r ɑ	266
lauri	l ɑ u̯ r i	589
lauriinihappo	l ɑ u̯ r iː n i h ɑ pː o	0
laurila	l ɑ u̯ r i l ɑ	109
lausahdus	l ɑ u̯ s ɑ h d u s	13
lausahtaa	l ɑ u̯ s ɑ h t ɑːˣ	1
lause	l ɑ u̯ s eˣ	104
lauseenvastike	l ɑ u̯ s eː n ʋ ɑ s t i k eˣ	0
lauseke	l ɑ u̯ s e k eˣ	31
lauseopillinen	l ɑ u̯ s eˣ o p i lː i n e n	0
lausua	l ɑ u̯ s u ɑˣ	71
lausuma	l ɑ u̯ s u m ɑ	27
lausuminen	l ɑ u̯ s u m i n e n	6
lausuntaryhmä	l ɑ u̯ s u n t ɑ r y h m æ	0
lausunto	l ɑ u̯ s u n t o	605
lausuntokierros	l ɑ u̯ s u n t o k i e̯ rː o s	11
lausuntomenettely	l ɑ u̯ s u n t o m e n e tː e l y	3
lauta	l ɑ u̯ t ɑ	15
lautailla	l ɑ u̯ t ɑ i̯ lː ɑˣ	1
lautakate	l ɑ u̯ t ɑ k ɑ t eˣ	0
lautakeinu	l ɑ u̯ t ɑ k e i̯ n u	0
lautakunta	l ɑ u̯ t ɑ k u n t ɑ	1565
lautanauha	l ɑ u̯ t ɑ n ɑ u̯ h ɑ	0
lautasliinarengas	l ɑ u̯ t ɑ s l iː n ɑ r e ŋː ɑ s	0
lautasventtiili	l ɑ u̯ t ɑ s ʋ e n tː iː l i	0
lautatavara	l ɑ u̯ t ɑ t ɑ ʋ ɑ r ɑ	0
lautta	l ɑ u̯ tː ɑ	15
lauttaa	l ɑ u̯ tː ɑː	4
lauttaliikenne	l ɑ u̯ tː ɑ l iː k e nː eˣ	0
lauttavaunu	l ɑ u̯ tː ɑ ʋ ɑ u̯ n u	0
lautturi	l ɑ u̯ tː u r i	0
lautuma	l ɑ u̯ t u m ɑ	0
lava	l ɑ ʋ ɑ	17
lavanne	l ɑ ʋ ɑ nː eˣ	0
lavastaja	l ɑ ʋ ɑ s t ɑ j ɑ	13
laveasanaisesti	l ɑ ʋ e ɑ s ɑ n ɑ i̯ s e s t iˣ	0
laveasti	l ɑ ʋ e ɑ s t iˣ	5
lavettiauto	l ɑ ʋ e tː i ɑ u t o	0
lavettivaunu	l ɑ ʋ e tː i ʋ ɑ u̯ n u	0
lavuaari	l ɑ ʋ u ɑː r i	0
lea	l e ɑ	159
leasingauto	l iː s i ŋː ɑ u t o	0
ledi	l e d i	7
lee	l eː	61
leea	l eː ɑ	9
leena	l eː n ɑ	625
leesio	l eː s i o	0
leevi	l eː ʋ i	31
leffa	l e fː ɑ	7
leggingsit	l e ɡː i ŋ s i t	0
leghornkana	l e ɡ h o r n k ɑ n ɑ	0
lego	l eː ɡ o	3
lehahdella	l e h ɑ h d e lː ɑˣ	0
lehdekset	l e h d e k s e t	1
lehden	l e h d e n	1081
lehdessä	l e h d e sː æ	380
lehdistöneuvos	l e h d i s t ø n e u̯ ʋ o s	1
lehdokki	l e h d o kː i	0
lehdykkä	l e h d y kː æ	1
lehmikarja	l e h m i k ɑ r j ɑ	0
lehmipoika	l e h m i p o i̯ k ɑ	0
lehmisavu	l e h m i s ɑ ʋ u	0
lehmus	l e h m u s	14
lehmä	l e h m æ	56
lehmänkäännös	l e h m æ n k æː nː ø s	0
lehmänpolku	l e h m æ n p o l k u	0
lehteillä	l e h t e i̯ lː æˣ	0
lehtevä	l e h t e ʋ æ	0
lehti	l e h t i	884
lehtiala	l e h t i ɑ l ɑ	0
lehtijousi	l e h t i j o u̯ s i	0
lehtikeksi	l e h t i k e k s i	0
lehtikeli	l e h t i k e l i	0
lehtileike	l e h t i l e i̯ k eˣ	1
lehtimaja	l e h t i m ɑ j ɑ	46
lehtimangoldi	l e h t i m ɑ ŋː o l d i	0
lehtimato	l e h t i m ɑ t o	0
lehtimetsäkaski	l e h t i m e t s æ k ɑ s k i	0
lehtimetsävyöhyke	l e h t i m e t s æ ʋ y ø̯ h y k eˣ	0
lehtimulta	l e h t i m u l t ɑ	0
lehtinen	l e h t i n e n	381
lehtipaino	l e h t i p ɑ i̯ n o	2
lehtipihvi	l e h t i p i h ʋ i	1
lehtiruoti	l e h t i r u o̯ t i	0
lehtiselleri	l e h t i s e lː e r i	0
lehtitaikina	l e h t i t ɑ i̯ k i n ɑ	0
lehtitalo	l e h t i t ɑ l o	2
lehtitapa	l e h t i t ɑ p ɑ	0
lehtitieto	l e h t i t i e̯ t o	0
lehto	l e h t o	175
lehtokerttu	l e h t o k e r tː u	2
lehtokuusama	l e h t o k uː s ɑ m ɑ	3
lehtola	l e h t o l ɑ	45
lehtonen	l e h t o n e n	277
lehtoniitty	l e h t o n iː tː y	0
lehtosara	l e h t o s ɑ r ɑ	0
leihin	l e i̯ h i n	0
leijona	l e i̯ j o n ɑ	36
leijonanharjakampaus	l e i̯ j o n ɑ n h ɑ r j ɑ k ɑ m p ɑ u s	0
leijonanosa	l e i̯ j o n ɑ n o s ɑ	1
leijonapaita	l e i̯ j o n ɑ p ɑ i̯ t ɑ	0
leijuminen	l e i̯ j u m i n e n	0
leijuri	l e i̯ j u r i	0
leijuttaa	l e i̯ j u tː ɑːˣ	1
leikata	l e i̯ k ɑ t ɑˣ	134
leike	l e i̯ k eˣ	3
leikekirja	l e i̯ k eˣ k i r j ɑ	1
leikekokoelma	l e i̯ k eˣ k o k o e l m ɑ	0
leikemakkara	l e i̯ k eˣ m ɑ kː ɑ r ɑ	0
leikepöytä	l e i̯ k eˣ p ø y̯ t æ	4
leikillinen	l e i̯ k i lː i n e n	3
leikillisesti	l e i̯ k i lː i s e s t iˣ	8
leikillään	l e i̯ k i lː æː n	8
leikitellä	l e i̯ k i t e lː æˣ	2
leikiten	l e i̯ k i t e n	2
leikittää	l e i̯ k i tː æːˣ	0
leikkaaja	l e i̯ kː ɑː j ɑ	0
leikkaaminen	l e i̯ kː ɑː m i n e n	25
leikkausarpi	l e i̯ kː ɑ u s ɑ r p i	1
leikkaushoito	l e i̯ kː ɑ u s h o i̯ t o	10
leikkaushuone	l e i̯ kː ɑ u s h u o̯ n eˣ	1
leikkausjono	l e i̯ kː ɑ u s j o n o	0
leikkauskoristelu	l e i̯ kː ɑ u s k o r i s t e l u	0
leikkausmerkki	l e i̯ kː ɑ u s m e r kː i	0
leikkauspiirustus	l e i̯ kː ɑ u s p iː r u s t u s	0
leikkausvara	l e i̯ kː ɑ u s ʋ ɑ r ɑ	1
leikkelemakkara	l e i̯ kː e l eˣ m ɑ kː ɑ r ɑ	0
leikki	l e i̯ kː i	111
leikkiastia	l e i̯ kː i ɑ s t i ɑ	0
leikkijuna	l e i̯ kː i j u n ɑ	0
leikkikoulu	l e i̯ kː i k o u̯ l u	2
leikkimielinen	l e i̯ kː i m i e̯ l i n e n	18
leikkiminen	l e i̯ kː i m i n e n	14
leikkipaikka	l e i̯ kː i p ɑ i̯ kː ɑ	37
leikkipuisto	l e i̯ kː i p u i̯ s t o	13
leikkipyssy	l e i̯ kː i p y sː y	0
leikkiä	l e i̯ kː i æˣ	119
leikkuri	l e i̯ kː u r i	8
leikkuu	l e i̯ kː uː	2
leikkuuneste	l e i̯ kː uː n e s t eˣ	2
leikkuusyvyys	l e i̯ kː uː s y ʋ yː s	1
leikkuuttaa	l e i̯ kː uː tː ɑːˣ	1
leikkuuveitsi	l e i̯ kː uː ʋ e i̯ t s i	0
leila	l e i̯ l ɑ	108
leili	l e i̯ l i	0
leilinkantopuu	l e i̯ l i n k ɑ n t o p uː	0
leima	l e i̯ m ɑ	45
leimahdella	l e i̯ m ɑ h d e lː ɑˣ	0
leimahduspiste	l e i̯ m ɑ h d u s p i s t eˣ	8
leimahtaa	l e i̯ m ɑ h t ɑːˣ	6
leimakirves	l e i̯ m ɑ k i r ʋ e s	0
leimauttaa	l e i̯ m ɑ u tː ɑːˣ	0
leino	l e i̯ n o	92
leinonen	l e i̯ n o n e n	115
leipoa	l e i̯ p o ɑˣ	11
leipomotuote	l e i̯ p o m o t u o̯ t eˣ	0
leipä	l e i̯ p æ	67
leipähäkki	l e i̯ p æ h æ kː i	0
leipäjauho	l e i̯ p æ j ɑ u̯ h o	0
leipäkiisseli	l e i̯ p æ k iː sː e l i	0
leipäpaisti	l e i̯ p æ p ɑ i̯ s t i	0
leipäressu	l e i̯ p æ r e sː u	0
leipätyö	l e i̯ p æ t y ø̯	0
leipävarras	l e i̯ p æ ʋ ɑ rː ɑ s	1
leireillä	l e i̯ r e i̯ lː æˣ	51
leiri	l e i̯ r i	119
leirialue	l e i̯ r i ɑ l u eˣ	4
leirielämä	l e i̯ r i e l æ m æ	0
leirikoulu	l e i̯ r i k o u̯ l u	21
leirittää	l e i̯ r i tː æːˣ	0
leirituli	l e i̯ r i t u l i	1
leiskahtaa	l e i̯ s k ɑ h t ɑːˣ	0
leiskauttaa	l e i̯ s k ɑ u tː ɑːˣ	1
leissä	l e i̯ sː æ	0
leivinpelti	l e i̯ ʋ i n p e l t i	0
leivinpyörä	l e i̯ ʋ i n p y ø̯ r æ	0
leivinpöytä	l e i̯ ʋ i n p ø y̯ t æ	0
leiviskä	l e i̯ ʋ i s k æ	7
leivittäminen	l e i̯ ʋ i tː æ m i n e n	0
leivonnainen	l e i̯ ʋ o nː ɑ i̯ n e n	0
leivosvuoka	l e i̯ ʋ o s ʋ u o̯ k ɑ	0
lekti	l e k t i	0
lellitellä	l e lː i t e lː æˣ	0
lelliä	l e lː i æˣ	0
lelu	l e l u	10
lemahdella	l e m ɑ h d e lː ɑˣ	0
lemahtaa	l e m ɑ h t ɑːˣ	0
lemi	l e m i	9
lemiläinen	l e m i l æ i̯ n e n	4
lemland	l e m l ɑ n d	1
lemma	l e mː ɑ	0
lemmekkäästi	l e mː e kː æː s t iˣ	0
lemmennuoli	l e mː e n n u o̯ l i	0
lemmikki	l e mː i kː i	29
lemmitty	l e mː i tː y	2
lempi	l e m p i	39
lempijuoma	l e m p i j u o̯ m ɑ	0
lempinimi	l e m p i n i m i	9
lempiruoka	l e m p i r u o̯ k ɑ	1
lempityö	l e m p i t y ø̯	0
lempiä	l e m p i æ	0
lempiä	l e m p i æˣ	0
lemput	l e m p u t	0
lempäälä	l e m p æː l æ	14
lempääläinen	l e m p æː l æ i̯ n e n	0
lempääläläinen	l e m p æː l æ l æ i̯ n e n	0
lemu	l e m u	3
leninki	l e n i ŋ k i	0
lenkkeilypolku	l e ŋ kː e i̯ l y p o l k u	0
lenkkiavain	l e ŋ kː i ɑ ʋ ɑ i̯ n	0
lenkkikenkä	l e ŋ kː i k e ŋ k æ	0
lenkkipolku	l e ŋ kː i p o l k u	2
lenkkipuku	l e ŋ kː i p u k u	0
lenkkivaatteet	l e ŋ kː i ʋ ɑː tː eː t	1
lenni	l e nː i	6
lenninsiipi	l e nː i n s iː p i	0
lennokkaasti	l e nː o kː ɑː s t iˣ	5
lennokkuus	l e nː o kː uː s	2
lennonopettaja	l e nː o n o p e tː ɑ j ɑ	2
lennosto	l e nː o s t o	2
lennähdellä	l e nː æ h d e lː æˣ	0
lennähtää	l e nː æ h t æːˣ	4
lennätellä	l e nː æ t e lː æˣ	0
lentely	l e n t e l y	0
lentis	l e n t i s	1
lento	l e n t o	72
lentoaukko	l e n t o ɑ u kː o	0
lentobensiini	l e n t o b e n s iː n i	0
lentoemäntä	l e n t o e m æ n t æ	5
lentohiekka	l e n t o h i e̯ kː ɑ	0
lentojarru	l e n t o j ɑ rː u	0
lentokala	l e n t o k ɑ l ɑ	1
lentokapteeni	l e n t o k ɑ p t eː n i	2
lentokeli	l e n t o k e l i	0
lentokielto	l e n t o k i e̯ l t o	0
lentokoneinsinööri	l e n t o k o n eˣ i n s i n øː r i	0
lentokonesuoja	l e n t o k o n eˣ s u o̯ j ɑ	0
lentokonetekniikka	l e n t o k o n eˣ t e k n iː kː ɑ	0
lentokoulutus	l e n t o k o u̯ l u t u s	2
lentomatkustaja	l e n t o m ɑ t k u s t ɑ j ɑ	0
lentomelu	l e n t o m e l u	5
lentopallo	l e n t o p ɑ lː o	23
lentopeli	l e n t o p e l i	1
lentopelko	l e n t o p e l k o	1
lentopelkoinen	l e n t o p e l k o i̯ n e n	0
lentorahti	l e n t o r ɑ h t i	0
lentorahtikirja	l e n t o r ɑ h t i k i r j ɑ	0
lentosukka	l e n t o s u kː ɑ	0
lentosää	l e n t o s æː	0
lentotekniikka	l e n t o t e k n iː kː ɑ	2
lentotiedot	l e n t o t i e̯ d o t	0
lentovalo	l e n t o ʋ ɑ l o	0
lentovalokuva	l e n t o ʋ ɑ l o k u ʋ ɑ	0
lentovaruste	l e n t o ʋ ɑ r u s t eˣ	0
lentoyhteys	l e n t o y h t e y s	1
lentäjäntakki	l e n t æ j æ n t ɑ kː i	0
lentää	l e n t æːˣ	133
leo	l e o	210
leopardi	l e o p ɑ r d i	12
lepakko	l e p ɑ kː o	11
lepakkotuoli	l e p ɑ kː o t u o̯ l i	0
leperrellä	l e p e rː e lː æˣ	0
lepidokrokiitti	l e p i d o k r o k iː tː i	0
lepistö	l e p i s t ø	47
lepo	l e p o	34
lepoitiö	l e p o i t i ø	1
lepokausi	l e p o k ɑ u̯ s i	3
lepomassa	l e p o m ɑ sː ɑ	1
leposide	l e p o s i d eˣ	0
leposija	l e p o s i j ɑ	0
leposohva	l e p o s o h ʋ ɑ	0
leposyke	l e p o s y k eˣ	3
leposävel	l e p o s æ ʋ e l	0
lepovuosi	l e p o ʋ u o̯ s i	0
leppeästi	l e pː e æ s t iˣ	1
leppoisasti	l e pː o i̯ s ɑ s t iˣ	19
leppyminen	l e pː y m i n e n	0
leppä	l e pː æ	20
leppähalko	l e pː æ h ɑ l k o	0
leppäkeihäs	l e pː æ k e i̯ h æ s	0
leppäkerttu	l e pː æ k e r tː u	3
leppälä	l e pː æ l æ	49
leppäpensas	l e pː æ p e n s ɑ s	0
leppävirta	l e pː æ ʋ i r t ɑ	7
leppävirtalainen	l e pː æ ʋ i r t ɑ l ɑ i̯ n e n	3
lepsu	l e p s u	3
lepsuilla	l e p s u i̯ lː ɑˣ	1
lepsusti	l e p s u s t iˣ	1
leptiitti	l e p t iː tː i	0
leptokurtinen	l e p t o k u r t i n e n	0
leptoteeni	l e p t o t eː n i	0
lepuska	l e p u s k ɑ	0
lepäillä	l e p æ i̯ lː æˣ	1
lepänkuori	l e p æ n k u o̯ r i	0
lepänkäpy	l e p æ n k æ p y	0
lepänlehti	l e p æ n l e h t i	0
lepänurpu	l e p æ n u r p u	0
lepääjä	l e p æː j æ	0
lerpahtaa	l e r p ɑ h t ɑːˣ	0
lerpalla	l e r p ɑ lː ɑ	0
lerpallaan	l e r p ɑ lː ɑː n	0
lerpalle	l e r p ɑ lː eˣ	0
lerpalleen	l e r p ɑ lː eː n	0
lerpattaa	l e r p ɑ tː ɑːˣ	0
lesbo	l e s b o	2
lesbolainen	l e s b o l ɑ i̯ n e n	0
leskeneläke	l e s k e n e l æ k eˣ	1
leskenlehti	l e s k e n l e h t i	3
leski	l e s k i	70
leskinen	l e s k i n e n	66
lesta	l e s t ɑ	2
lestijärveläinen	l e s t i j æ r ʋ e l æ i̯ n e n	0
lestijärvi	l e s t i j æ r ʋ i	5
lestijärvinen	l e s t i j æ r ʋ i n e n	0
letaali	l e t ɑː l i	2
letittäminen	l e t i tː æ m i n e n	0
letkahtaa	l e t k ɑ h t ɑːˣ	0
letkajenkka	l e t k ɑ j e ŋ kː ɑ	1
letkaus	l e t k ɑ u s	0
letkautella	l e t k ɑ u t e lː ɑˣ	0
letkauttaa	l e t k ɑ u tː ɑːˣ	0
letkeästi	l e t k e æ s t iˣ	2
letkis	l e t k i s	1
letku	l e t k u	16
letti	l e tː i	2
lettosara	l e tː o s ɑ r ɑ	0
lettosuo	l e tː o s u o̯	0
lettu	l e tː u	1
leuanalus	l e u̯ ɑ n ɑ l u s	0
leudosti	l e u̯ d o s t iˣ	0
leuhahtaa	l e u̯ h ɑ h t ɑːˣ	0
leuhauttaa	l e u̯ h ɑ u tː ɑːˣ	0
leuhottaa	l e u̯ h o tː ɑːˣ	0
leuka	l e u̯ k ɑ	14
leukailla	l e u̯ k ɑ i̯ lː ɑˣ	0
leukaperät	l e u̯ k ɑ p e r æ t	0
leukava	l e u̯ k ɑ ʋ ɑ	0
leukavasti	l e u̯ k ɑ ʋ ɑ s t iˣ	1
leukoosi	l e u̯ k oː s i	0
leukosafiiri	l e u̯ k o s ɑ f iː r i	0
leukotrieeni	l e u̯ k o t r i eː n i	2
leuku	l e u̯ k u	2
levennellä	l e ʋ e nː e lː æˣ	0
levensi	l e ʋ e n s i	2
leveys	l e ʋ e y s	217
leveysaste	l e ʋ e y s ɑ s t eˣ	2
leveyshaku	l e ʋ e y s h ɑ k u	0
leveyssuunta	l e ʋ e y s s uː n t ɑ	0
leveä	l e ʋ e æ	195
leveälti	l e ʋ e æ l t iˣ	1
levike	l e ʋ i k eˣ	1
levikkialue	l e ʋ i kː i ɑ l u eˣ	4
levinneisyysalue	l e ʋ i nː e i̯ s yː s ɑ l u e	10
levitellä	l e ʋ i t e lː æˣ	1
levitys	l e ʋ i t y s	31
leviäin	l e ʋ i æ i̯ n	0
leviämiselin	l e ʋ i æ m i s e l i n	0
levollisesti	l e ʋ o lː i s e s t iˣ	4
levottomuus	l e ʋ o tː o m uː s	26
levy	l e ʋ y	433
levyhaarniska	l e ʋ y h ɑː r n i s k ɑ	0
levyinen	l e ʋ y i̯ n e n	42
levykansio	l e ʋ y k ɑ n s i o	0
levyke	l e ʋ y k eˣ	28
levykondensaattori	l e ʋ y k o n d e n s ɑː tː o r i	0
levykuva	l e ʋ y k u ʋ ɑ	0
levymuisti	l e ʋ y m u i̯ s t i	2
levypakka	l e ʋ y p ɑ kː ɑ	0
levypyörä	l e ʋ y p y ø̯ r æ	1
levysakset	l e ʋ y s ɑ k s e t	0
levyseppä	l e ʋ y s e pː æ	1
levytanssit	l e ʋ y t ɑ n sː i t	5
levytila	l e ʋ y t i l ɑ	13
levyttäminen	l e ʋ y tː æ m i n e n	0
levyttää	l e ʋ y tː æːˣ	5
levytulostus	l e ʋ y t u l o s t u s	0
levä	l e ʋ æ	9
levähtää	l e ʋ æ h t æːˣ	19
levälleen	l e ʋ æ lː eː n	3
leväperäisesti	l e ʋ æ p e r æ i̯ s e s t iˣ	2
leväsieni	l e ʋ æ s i e̯ n i	0
levätä	l e ʋ æ t æˣ	42
leväyttää	l e ʋ æ y tː æːˣ	0
leyhyttää	l e y̯ h y tː æːˣ	0
leyhäyttää	l e y̯ h æ y tː æːˣ	0
liberaalisesti	l i b e r ɑː l i s e s t iˣ	0
liberaalisti	l i b e r ɑː l i s t iˣ	0
libero	l i b e r o	13
libertarismi	l i b e r t ɑ r i s m i	1
libertinismi	l i b e r t i n i s m i	0
libya	l i b y ɑ	1
liehahtaa	l i e̯ h ɑ h t ɑːˣ	0
liehakkaasti	l i e̯ h ɑ kː ɑː s t iˣ	0
liehauttaa	l i e̯ h ɑ u tː ɑːˣ	0
liehu	l i e̯ h u	9
liehutella	l i e̯ h u t e lː ɑˣ	1
liehuttaa	l i e̯ h u tː ɑːˣ	1
lieju	l i e̯ j u	2
liejupohjainen	l i e̯ j u p o h j ɑ i̯ n e n	0
liejusavi	l i e̯ j u s ɑ ʋ i	0
lieka	l i e̯ k ɑ	0
lieke	l i e̯ k eˣ	0
liekki	l i e̯ kː i	26
liekkimeri	l i e̯ kː i m e r i	0
liekkiviina	l i e̯ kː i ʋ iː n ɑ	0
lieksa	l i e̯ k s ɑ	34
lieksalainen	l i e̯ k s ɑ l ɑ i̯ n e n	2
liekutella	l i e̯ k u t e lː ɑˣ	0
liekuttaa	l i e̯ k u tː ɑːˣ	0
liemi	l i e̯ m i	19
liemu	l i e̯ m u	0
liene	l i e̯ n eˣ	165
liennyttää	l i e̯ nː y tː æːˣ	2
liennytys	l i e̯ nː y t y s	1
liereäsara	l i e̯ r e æ s ɑ r ɑ	0
lieriö	l i e̯ r i ø	4
lieriöpinta	l i e̯ r i ø p i n t ɑ	0
lieriörullalaakeri	l i e̯ r i ø r u lː ɑ l ɑː k e r i	0
lieroilla	l i e̯ r o i̯ lː ɑ	0
lieroilla	l i e̯ r o i̯ lː ɑˣ	0
liesi	l i e̯ s i	26
liesitaso	l i e̯ s i t ɑ s o	1
lieskauuni	l i e̯ s k ɑ uː n i	0
liete	l i e̯ t eˣ	34
lietelanta	l i e̯ t eˣ l ɑ n t ɑ	4
lietevaunu	l i e̯ t eˣ ʋ ɑ u̯ n u	1
lieto	l i e̯ t o	39
lietolainen	l i e̯ t o l ɑ i̯ n e n	2
lietsoa	l i e̯ t s o ɑˣ	4
lietto	l i e̯ tː o	0
liettua	l i e̯ tː u ɑ	29
liettualainen	l i e̯ tː u ɑ l ɑ i̯ n e n	8
lieve	l i e̯ ʋ e	4
lievealue	l i e̯ ʋ eˣ ɑ l u eˣ	0
lievittäminen	l i e̯ ʋ i tː æ m i n e n	10
lievitys	l i e̯ ʋ i t y s	4
lievä	l i e̯ ʋ æ	77
ligandi	l i ɡ ɑ n d i	0
lignaani	l i ɡ n ɑː n i	0
liha	l i h ɑ	92
lihahyytelö	l i h ɑ h yː t e l ø	0
lihajaloste	l i h ɑ j ɑ l o s t eˣ	0
lihajauho	l i h ɑ j ɑ u̯ h o	0
lihaksensisäinen	l i h ɑ k s e n s i s æ i̯ n e n	1
lihaliemikuutio	l i h ɑ l i e̯ m i k uː t i o	2
lihamakaronilaatikko	l i h ɑ m ɑ k ɑ r o n i l ɑː t i kː o	1
lihamuhennos	l i h ɑ m u h e nː o s	0
lihamureke	l i h ɑ m u r e k eˣ	0
lihaneste	l i h ɑ n e s t eˣ	1
lihankuivatusteline	l i h ɑ n k u i̯ ʋ ɑ t u s t e l i n eˣ	0
lihanuija	l i h ɑ n u i̯ j ɑ	0
lihapata	l i h ɑ p ɑ t ɑ	0
lihaperunalaatikko	l i h ɑ p e r u n ɑ l ɑː t i kː o	0
lihaperunasoselaatikko	l i h ɑ p e r u n ɑ s o s eˣ l ɑː t i kː o	0
lihapulla	l i h ɑ p u lː ɑ	0
liharuoka	l i h ɑ r u o̯ k ɑ	0
lihas	l i h ɑ s	14
lihasdystrofia	l i h ɑ s d y s t r o f i ɑ	2
lihasika	l i h ɑ s i k ɑ	0
lihaskäämi	l i h ɑ s k æː m i	0
lihasmassa	l i h ɑ s m ɑ sː ɑ	3
lihassolu	l i h ɑ s s o l u	0
lihassolukimppu	l i h ɑ s s o l u k i m pː u	0
lihassyy	l i h ɑ s s yː	0
lihasvoima	l i h ɑ s ʋ o i̯ m ɑ	13
lihasäilyke	l i h ɑ s æ i̯ l y k eˣ	0
lihateollisuus	l i h ɑ t e o lː i s uː s	0
lihatuote	l i h ɑ t u o̯ t eˣ	2
lihauute	l i h ɑ uː t eˣ	0
lihava	l i h ɑ ʋ ɑ	16
lihavoida	l i h ɑ ʋ o i̯ d ɑˣ	3
lihoa	l i h o ɑˣ	1
lihottaa	l i h o tː ɑːˣ	4
lihta	l i h t ɑ	0
liiallinen	l iː ɑ lː i n e n	75
liiallisesti	l iː ɑ lː i s e s t iˣ	2
liialti	l iː ɑ l t iˣ	2
liidokki	l iː d o kː i	2
liidunvalkea	l iː d u n ʋ ɑ l k e ɑ	1
liidunvalkoinen	l iː d u n ʋ ɑ l k o i̯ n e n	0
liiemmälti	l iː e mː æ l t iˣ	5
liihottaa	l iː h o tː ɑːˣ	0
liika	l iː k ɑ	56
liikahduttaa	l iː k ɑ h d u tː ɑːˣ	0
liikahtaa	l iː k ɑ h t ɑːˣ	3
liikapaine	l iː k ɑ p ɑ i̯ n eˣ	0
liikarasittunut	l iː k ɑ r ɑ s i tː u n u t	0
liikasaanti	l iː k ɑ s ɑː n t i	0
liike	l iː k eˣ	321
liikeaisti	l iː k eˣ ɑ i̯ s t i	0
liikeala	l iː k eˣ ɑ l ɑ	1
liikealue	l iː k eˣ ɑ l u eˣ	1
liikearkisto	l iː k eˣ ɑ r k i s t o	0
liikegrafiikka	l iː k eˣ ɡ r ɑ f iː kː ɑ	0
liikehermo	l iː k eˣ h e r m o	0
liikehermosolu	l iː k eˣ h e r m o s o l u	0
liikekilpi	l iː k eˣ k i l p i	0
liikekirjanpito	l iː k eˣ k i r j ɑ n p i t o	2
liikelentokone	l iː k eˣ l e n t o k o n eˣ	0
liikemaailma	l iː k eˣ m ɑː i l m ɑ	0
liikenimi	l iː k eˣ n i m i	0
liikenne	l iː k e nː eˣ	515
liikenneasema	l iː k e nː eˣ ɑ s e m ɑ	1
liikenneinsinööri	l iː k e nː eˣ i n s i n øː r i	7
liikennekone	l iː k e nː eˣ k o n eˣ	0
liikennekoulu	l iː k e nː eˣ k o u̯ l u	3
liikennelentokone	l iː k e nː eˣ l e n t o k o n eˣ	0
liikennemaksu	l iː k e nː eˣ m ɑ k s u	0
liikennemelu	l iː k e nː eˣ m e l u	2
liikennemuoto	l iː k e nː eˣ m u o̯ t o	1
liikenneneuvos	l iː k e nː eˣ n e u̯ ʋ o s	6
liikenneolot	l iː k e nː eˣ o l o t	5
liikenneopettaja	l iː k e nː eˣ o p e tː ɑ j ɑ	2
liikennepoliisi	l iː k e nː eˣ p o l iː s i	1
liikennetekniikka	l iː k e nː eˣ t e k n iː kː ɑ	17
liikenneverkko	l iː k e nː eˣ ʋ e r kː o	5
liikenneväline	l iː k e nː eˣ ʋ æ l i n eˣ	3
liikenneympyrä	l iː k e nː eˣ y m p y r æ	1
liikepahoinvointi	l iː k eˣ p ɑ h o i̯ n ʋ o i̯ n t i	0
liikepaikka	l iː k eˣ p ɑ i̯ kː ɑ	2
liikepankki	l iː k eˣ p ɑ ŋ kː i	0
liikerakennus	l iː k eˣ r ɑ k e nː u s	15
liiketaloudellisesti	l iː k eˣ t ɑ l o u d e lː i s e s t iˣ	12
liiketaloustiede	l iː k e t ɑ l o u s t i e̯ d eˣ	5
liiketapa	l iː k e t ɑ p ɑ	0
liiketoiminta	l iː k eˣ t o i̯ m i n t ɑ	112
liiketoimintakauppa	l iː k e t o i̯ m i n t ɑ k ɑ u̯ pː ɑ	1
liiketoimintanäkökulma	l iː k eˣ t o i̯ m i n t ɑ n æ k ø k u l m ɑ	0
liiketulos	l iː k eˣ t u l o s	29
liikeyhtälö	l iː k eˣ y h t æ l ø	1
liikeyritys	l iː k eˣ y r i t y s	7
liikka	l iː kː ɑ	6
liikkeenkaappaus	l iː kː eː n k ɑː pː ɑ u s	0
liikkeenluovutus	l iː kː eː n l u o̯ ʋ u t u s	0
liikkeeseenlaskija	l iː kː eː s eː n l ɑ s k i j ɑ	11
liikkeeseenlasku	l iː kː eː s eː n l ɑ s k u	1
liikkua	l iː kː u ɑˣ	267
liikkumatila	l iː kː u m ɑ t i l ɑ	5
liikkuvasti	l iː kː u ʋ ɑ s t iˣ	0
liikkuvuusavustus	l iː kː u ʋ uː s ɑ ʋ u s t u s	0
liiku	l iː k uˣ	55
liikunnanopettaja	l iː k u nː ɑ n o p e tː ɑ j ɑ	5
liikuntaelin	l iː k u n t ɑ e l i n	2
liikuntakyky	l iː k u n t ɑ k y k y	8
liikuntakyvytön	l iː k u n t ɑ k y ʋ y t ø n	2
liikuntaleikki	l iː k u n t ɑ l e i̯ kː i	1
liikuntalihas	l iː k u n t ɑ l i h ɑ s	0
liikuntaneuvos	l iː k u n t ɑ n e u̯ ʋ o s	1
liikuntapainotteinen	l iː k u n t ɑ p ɑ i̯ n o tː e i̯ n e n	3
liikuntasauma	l iː k u n t ɑ s ɑ u̯ m ɑ	2
liikuntatila	l iː k u n t ɑ t i l ɑ	5
liikuntatutkimus	l iː k u n t ɑ t u t k i m u s	0
liikuntaväline	l iː k u n t ɑ ʋ æ l i n eˣ	0
liikuskella	l iː k u s k e lː ɑˣ	1
liikuttaminen	l iː k u tː ɑ m i n e n	7
liikuttava	l iː k u tː ɑ ʋ ɑ	16
liima	l iː m ɑ	18
liimaaminen	l iː m ɑː m i n e n	2
liimakorva	l iː m ɑ k o r ʋ ɑ	4
liimalasta	l iː m ɑ l ɑ s t ɑ	0
liimalevy	l iː m ɑ l e ʋ y	0
liimamaali	l iː m ɑ m ɑː l i	1
liimanidonta	l iː m ɑ n i d o n t ɑ	0
liimankeitto	l iː m ɑ n k e i̯ tː o	1
liimapuristin	l iː m ɑ p u r i s t i n	0
liimapuu	l iː m ɑ p uː	3
liimasidonta	l iː m ɑ s i d o n t ɑ	0
liimaus	l iː m ɑ u s	9
liimoittaa	l iː m o i̯ tː ɑːˣ	0
liina	l iː n ɑ	22
liinaharjainen	l iː n ɑ h ɑ r j ɑ i̯ n e n	0
liinavaatteet	l iː n ɑ ʋ ɑː tː eː t	39
liioitella	l iː o i̯ t e lː ɑˣ	8
liioittelu	l iː o i̯ tː e l u	6
liisa	l iː s ɑ	548
liisi	l iː s i	14
liiskaksi	l iː s k ɑ k s i	0
liiskana	l iː s k ɑ n ɑ	0
liiste	l iː s t eˣ	0
liistereki	l iː s t eˣ r e k i	0
liite	l iː t eˣ	1143
liiteleminen	l iː t e l e m i n e n	0
liiteri	l iː t e r i	3
liitin	l iː t i n	38
liitohaukka	l iː t o h ɑ u̯ kː ɑ	0
liitosalue	l iː t o s ɑ l u eˣ	0
liitteistää	l iː tː e i̯ s t æːˣ	0
liitti	l iː tː i	22
liitto	l iː tː o	1463
liittoimperfekti	l iː tː o i m p e r f e k t i	0
liittokunta	l iː tː o k u n t ɑ	2
liittolukupari	l iː tː o l u k u p ɑ r i	0
liittomatriisi	l iː tː o m ɑ t r iː s i	0
liittopreesens	l iː tː o p r eː s e n s	0
liittoutuma	l iː tː o u t u m ɑ	2
liittyminen	l iː tː y m i n e n	163
liittymiskaista	l iː tː y m i s k ɑ i̯ s t ɑ	0
liittymisreaktio	l iː tː y m i s r e ɑ k t i o	0
liittymä	l iː tː y m æ	112
liittyä	l iː tː y æˣ	655
liittäminen	l iː tː æ m i n e n	101
liittää	l iː tː æːˣ	833
liituinen	l iː t u i̯ n e n	0
liitujauhe	l iː t u j ɑ u̯ h eˣ	0
liitujauho	l iː t u j ɑ u̯ h o	0
liitupiippu	l iː t u p iː pː u	0
liitää	l iː t æːˣ	5
liivate	l iː ʋ ɑ t eˣ	10
liivatejauhe	l iː ʋ ɑ t eˣ j ɑ u̯ h eˣ	0
liivi	l iː ʋ i	17
liivihame	l iː ʋ i h ɑ m eˣ	0
lika	l i k ɑ	34
likaisesti	l i k ɑ i̯ s e s t iˣ	0
likapilkku	l i k ɑ p i l kː u	0
likavaatteet	l i k ɑ ʋ ɑː tː eː t	0
likavesi	l i k ɑ ʋ e s i	0
likeinen	l i k e i̯ n e n	1
likeisesti	l i k e i̯ s e s t iˣ	0
likekkäin	l i k e kː æ i̯ n	0
likelle	l i k e lː eˣ	3
likellä	l i k e lː æ	5
likeltä	l i k e l t æ	2
likemmäs	l i k e mː æ s	2
likempi	l i k e m p i	0
likempänä	l i k e m p æ n æ	0
likempää	l i k e m p æː	1
likennellä	l i k e nː e lː æˣ	0
likiarvo	l i k i ɑ r ʋ o	8
likikään	l i k i k æː n	3
likimailla	l i k i m ɑ i̯ lː ɑ	0
likimaille	l i k i m ɑ i̯ lː eˣ	0
likimailta	l i k i m ɑ i̯ l t ɑ	0
likimainkaan	l i k i m ɑ i̯ ŋ k ɑː n	1
likimmäksi	l i k i mː æ k s i	0
likimmäs	l i k i mː æ s	0
likimpänä	l i k i m p æ n æ	0
likimpää	l i k i m p æː	0
likimäärin	l i k i m æː r i n	5
likimääräismenetelmä	l i k i m æː r æ i̯ s m e n e t e l m æ	0
likinnä	l i k i nː æ	0
likinäköinen	l i k i n æ k ø i̯ n e n	4
likinäköisyys	l i k i n æ k ø i̯ s yː s	7
likistellä	l i k i s t e lː æˣ	0
likka	l i kː ɑ	13
likoon	l i k oː n	17
liksa	l i k s ɑ	6
likööri	l i k øː r i	3
lilja	l i l j ɑ	42
liljakukko	l i l j ɑ k u kː o	1
lilli	l i lː i	15
lillukka	l i lː u kː ɑ	1
lima	l i m ɑ	11
limakko	l i m ɑ kː o	0
limbo	l i m b o	2
limboilla	l i m b o i̯ lː ɑ	1
limboilla	l i m b o i̯ lː ɑˣ	1
lime	l i m e	2
limerikki	l i m e r i kː i	0
limetinvihreä	l i m e t i n ʋ i h r e æ	0
limetti	l i m e tː i	3
limi	l i m i	0
limiitti	l i m iː tː i	3
limikkäin	l i m i kː æ i̯ n	0
liminka	l i m i ŋ k ɑ	10
liminkalainen	l i m i ŋ k ɑ l ɑ i̯ n e n	1
limittäinen	l i m i tː æ i̯ n e n	2
limittäisyys	l i m i tː æ i̯ s yː s	1
limitysten	l i m i t y s t e n	1
limnologi	l i m n o l o ɡ i	3
limonadi	l i m o n ɑ d i	4
limonadi	l i m o n ɑː d i	4
limppisoppa	l i m pː i s o pː ɑ	0
limu	l i m u	1
linda	l i n d ɑ	37
lindaani	l i n d ɑː n i	0
lindströminpihvi	l i n d s t r ø m i n p i h ʋ i	0
lineaarihaku	l i n e ɑː r i h ɑ k u	0
lineaarimuunnos	l i n e ɑː r i m uː nː o s	0
lineaarioperaattori	l i n e ɑː r i o p e r ɑː tː o r i	0
lineaariyhdistelmä	l i n e ɑː r i y h d i s t e l m æ	0
lineaariyhdistely	l i n e ɑː r i y h d i s t e l y	0
lingota	l i ŋː o t ɑˣ	0
linguaalinen	l i ŋː u ɑː l i n e n	0
linja	l i n j ɑ	302
linjakkaasti	l i n j ɑ kː ɑː s t iˣ	0
linjalanka	l i n j ɑ l ɑ ŋ k ɑ	0
linjaliikenne	l i n j ɑ l iː k e nː eˣ	0
linjalähtö	l i n j ɑ l æ h t ø	0
linjapaperi	l i n j ɑ p ɑ p e r i	0
linjapihdit	l i n j ɑ p i h d i t	0
linjataso	l i n j ɑ t ɑ s o	0
linjatiheys	l i n j ɑ t i h e y s	2
linjatulo	l i n j ɑ t u l o	0
linjaulostulo	l i n j ɑ u l o s t u l o	1
linjoittaa	l i n j o i̯ tː ɑːˣ	0
linkittää	l i ŋ k i tː æːˣ	32
linkka	l i ŋ kː ɑ	0
linkkeri	l i ŋ kː e r i	0
linkki	l i ŋ kː i	311
linkkikerros	l i ŋ kː i k e rː o s	0
linko	l i ŋ k o	10
linkuttaa	l i ŋ k u tː ɑːˣ	0
linna	l i nː ɑ	114
linnakundi	l i nː ɑ k u n d i	1
linnamäki	l i nː ɑ m æ k i	3
linnanherra	l i nː ɑ n h e rː ɑ	0
linnanpaikka	l i nː ɑ n p ɑ i̯ kː ɑ	0
linnanrauniot	l i nː ɑ n r ɑ u̯ n i o t	0
linnanvouti	l i nː ɑ n ʋ o u̯ t i	1
linnarauha	l i nː ɑ r ɑ u̯ h ɑ	0
linnea	l i nː e ɑ	14
linnoitusjoukot	l i nː o i̯ t u s j o u̯ k o t	0
linnoituskaupunki	l i nː o i̯ t u s k ɑ u̯ p u ŋ k i	3
linnunmarja	l i nː u n m ɑ r j ɑ	0
linnunpesä	l i nː u n p e s æ	0
linnunrata	l i nː u n r ɑ t ɑ	12
linnustus	l i nː u s t u s	0
linoli	l i n o l i	0
linopiirros	l i n o p iː rː o s	0
linotyyppi	l i n o t yː pː i	0
linssi	l i n sː i	33
linssikantaruuvi	l i n sː i k ɑ n t ɑ r uː ʋ i	0
linssikeitto	l i n sː i k e i̯ tː o	0
linssinsuojus	l i n sː i n s u o̯ j u s	0
lintallaan	l i n t ɑ lː ɑː n	0
lintalleen	l i n t ɑ lː eː n	0
lintassa	l i n t ɑ sː ɑ	0
lintsari	l i n t s ɑ r i	2
lintsata	l i n t s ɑ t ɑˣ	1
linttaan	l i n tː ɑː n	2
lintu	l i n t u	119
lintuansa	l i n t u ɑ n s ɑ	0
lintuasema	l i n t u ɑ s e m ɑ	3
lintukka	l i n t u kː ɑ	0
lintukolera	l i n t u k o l e r ɑ	0
lintukotolainen	l i n t u k o t o l ɑ i̯ n e n	0
lintulava	l i n t u l ɑ ʋ ɑ	1
lintusakset	l i n t u s ɑ k s e t	0
lintuverkko	l i n t u ʋ e r kː o	0
lintuvuori	l i n t u ʋ u o̯ r i	8
liossa	l i o sː ɑ	0
liota	l i o t ɑˣ	13
liotella	l i o t e lː ɑˣ	0
liottaa	l i o tː ɑːˣ	8
liotusaine	l i o t u s ɑ i̯ n eˣ	0
lipakka	l i p ɑ kː ɑ	0
lipas	l i p ɑ s	21
liperi	l i p e r i	14
liperiläinen	l i p e r i l æ i̯ n e n	3
liperit	l i p e r i t	2
lipettiin	l i p e tː iː n	1
lipevä	l i p e ʋ æ	2
lipevästi	l i p e ʋ æ s t iˣ	0
lipeä	l i p e æ	3
lipeäkala	l i p e æ k ɑ l ɑ	1
lipeäsaippua	l i p e æ s ɑ i̯ pː u ɑ	0
lipittää	l i p i tː æːˣ	0
liplatus	l i p l ɑ t u s	1
lipodystrofia	l i p o d y s t r o f i ɑ	0
lipoidi	l i p o i̯ d i	0
lippa	l i pː ɑ	7
lippalakki	l i pː ɑ l ɑ kː i	8
lippauistin	l i pː ɑ u i̯ s t i n	0
lippi	l i pː i	0
lippu	l i pː u	130
lippulappunen	l i pː u l ɑ pː u n e n	0
lipsahdella	l i p s ɑ h d e lː ɑˣ	0
lipsahduttaa	l i p s ɑ h d u tː ɑːˣ	0
lipstikka	l i p s t i kː ɑ	0
lipsu	l i p s u	0
lipsuminen	l i p s u m i n e n	2
lipuke	l i p u k e	2
liputtaja	l i p u tː ɑ j ɑ	0
lirahdella	l i r ɑ h d e lː ɑˣ	0
lirahtaa	l i r ɑ h t ɑːˣ	0
lirautella	l i r ɑ u t e lː ɑˣ	0
lirauttaa	l i r ɑ u tː ɑːˣ	1
lirittää	l i r i tː æːˣ	0
lirkutella	l i r k u t e lː ɑˣ	0
lirkuttaa	l i r k u tː ɑːˣ	0
lirputtaa	l i r p u tː ɑːˣ	0
liruttaa	l i r u tː ɑːˣ	0
lisensiaatintyö	l i s e n s i ɑː t i n t y ø̯	3
lista	l i s t ɑ	305
listaaminen	l i s t ɑː m i n e n	2
listalleottoesite	l i s t ɑ lː eˣ o tː o e s i t eˣ	2
listamerkki	l i s t ɑ m e r kː i	0
listanaula	l i s t ɑ n ɑ u̯ l ɑ	0
listauttaa	l i s t ɑ u tː ɑːˣ	0
listavaali	l i s t ɑ ʋ ɑː l i	0
listoittaa	l i s t o i̯ tː ɑːˣ	1
lisä	l i s æ	92
lisäaine	l i s æ ɑ i̯ n eˣ	10
lisähaku	l i s æ h ɑ k u	1
lisähermo	l i s æ h e r m o	0
lisäillä	l i s æ i̯ lː æˣ	1
lisäjuna	l i s æ j u n ɑ	0
lisäjuuri	l i s æ j uː r i	0
lisäkilpirauhanen	l i s æ k i l p i r ɑ u̯ h ɑ n e n	0
lisäkives	l i s æ k i ʋ e s	0
lisäkivestulehdus	l i s æ k i ʋ e s t u l e h d u s	0
lisäkorvaus	l i s æ k o r ʋ ɑ u s	2
lisäksi	l i s æ k s i	19068
lisäkulut	l i s æ k u l u t	6
lisälaite	l i s æ l ɑ i̯ t eˣ	14
lisälehti	l i s æ l e h t i	1
lisämunuainen	l i s æ m u n u ɑ i̯ n e n	0
lisänäyttö	l i s æ n æ y̯ tː ø	1
lisäpainos	l i s æ p ɑ i̯ n o s	2
lisäri	l i s æ r i	0
lisäsuojatodistus	l i s æ s u o̯ j ɑ t o d i s t u s	0
lisätyö	l i s æ t y ø̯	7
lisätä	l i s æ t æˣ	1487
lisävaruste	l i s æ ʋ ɑ r u s t eˣ	19
lisävoima	l i s æ ʋ o i̯ m ɑ	1
lisävuosi	l i s æ ʋ u o̯ s i	1
lisäväri	l i s æ ʋ æ r i	2
lisää	l i s æː	4941
lisääminen	l i s æː m i n e n	483
lisäämiskysymys	l i s æː m i s k y s y m y s	0
lisääntymiselimistö	l i s æː n t y m i s e l i m i s t ø	0
lisääntymistapa	l i s æː n t y m i s t ɑ p ɑ	0
liti	l i t i	0
litistää	l i t i s t æːˣ	2
litoa	l i t o ɑˣ	0
litologia	l i t o l o ɡ i ɑ	0
litosfäärilaatta	l i t o s f æː r i l ɑː tː ɑ	0
litosomi	l i t o s o m i	0
litostratigrafia	l i t o s t r ɑ t i ɡ r ɑ f i ɑ	0
litostratigrafinen	l i t o s t r ɑ t i ɡ r ɑ f i n e n	0
litsahdella	l i t s ɑ h d e lː ɑˣ	0
litsi	l i t s i	0
litu	l i t u	0
liuhuparta	l i u̯ h u p ɑ r t ɑ	0
liukastella	l i u̯ k ɑ s t e lː ɑˣ	1
liukastusaine	l i u̯ k ɑ s t u s ɑ i̯ n eˣ	0
liukkaasti	l i u̯ kː ɑː s t iˣ	8
liukkaus	l i u̯ kː ɑ u s	8
liukoisuus	l i u̯ k o i̯ s uː s	2
liukoisuustulo	l i u̯ k o i̯ s uː s t u l o	0
liukua	l i u̯ k u ɑˣ	16
liukuhihnatyö	l i u̯ k u h i h n ɑ t y ø̯	0
liukulukuaritmetiikka	l i u̯ k u l u k u ɑ r i t m e t iː kː ɑ	0
liukulukuoperaatio	l i u̯ k u l u k u o p e r ɑː t i o	0
liukulukuyksikkö	l i u̯ k u l u k u y k s i kː ø	0
liukuminen	l i u̯ k u m i n e n	3
liukumäki	l i u̯ k u m æ k i	6
liukuportaikko	l i u̯ k u p o r t ɑ i̯ kː o	0
liukuri	l i u̯ k u r i	0
liukusäädin	l i u̯ k u s æː d i n	0
liukutaso	l i u̯ k u t ɑ s o	0
liukuteksti	l i u̯ k u t e k s t i	0
liukutyö	l i u̯ k u t y ø̯	0
liukuvalu	l i u̯ k u ʋ ɑ l u	1
liukuvasti	l i u̯ k u ʋ ɑ s t iˣ	2
liukuväri	l i u̯ k u ʋ æ r i	0
liuota	l i u̯ o t ɑˣ	3
liuotin	l i u̯ o t i n	4
liuotinohenteinen	l i u̯ o t i n o h e n t e i̯ n e n	2
liuottaa	l i u̯ o tː ɑːˣ	15
liuotusaine	l i u̯ o t u s ɑ i̯ n eˣ	0
liuskeinen	l i u̯ s k e i̯ n e n	0
liuskeöljy	l i u̯ s k eˣ ø l j y	0
liuskoittaa	l i u̯ s k o i̯ tː ɑːˣ	0
liuta	l i u̯ t ɑ	23
liu’unta	l i u̯ u n t ɑ	0
liu’utus	l i u̯ u t u s	0
livautella	l i ʋ ɑ u t e lː ɑˣ	0
livauttaa	l i ʋ ɑ u tː ɑːˣ	0
live	l i ʋ e	40
live	l i ʋ eˣ	40
livekala	l i ʋ eˣ k ɑ l ɑ	0
livenä	l i ʋ e n æ	60
liverrellä	l i ʋ e rː e lː æˣ	0
livertäjä	l i ʋ e r t æ j æ	0
livettää	l i ʋ e tː æːˣ	1
livistää	l i ʋ i s t æːˣ	2
livohkaan	l i ʋ o h k ɑː n	0
livojoki	l i ʋ o j o k i	0
loan	l o ɑ n	4
logaritmi	l o ɡ ɑ r i t m i	3
logaritmiasteikko	l o ɡ ɑ r i t m i ɑ s t e i̯ kː o	0
logaritmifunktio	l o ɡ ɑ r i t m i f u ŋ k t i o	0
logaritmikäyrä	l o ɡ ɑ r i t m i k æ y̯ r æ	0
loggia	l ɔ d ʒ j a	0
logiikkapohjainen	l o ɡ iː kː ɑ p o h j ɑ i̯ n e n	0
logisismi	l o ɡ i s i s m i	0
lognormaalinen	l o ɡ n o r m ɑː l i n e n	0
lohdutella	l o h d u t e lː ɑˣ	0
lohduttomasti	l o h d u tː o m ɑ s t iˣ	2
lohestus	l o h e s t u s	0
lohi	l o h i	91
lohikeitto	l o h i k e i̯ tː o	2
lohikäärme	l o h i k æː r m eˣ	20
lohilaatikko	l o h i l ɑː t i kː o	0
lohipato	l o h i p ɑ t o	1
lohisieni	l o h i s i e̯ n i	0
lohisiima	l o h i s iː m ɑ	0
lohja	l o h j ɑ	38
lohjalainen	l o h j ɑ l ɑ i̯ n e n	1
lohjeta	l o h j e t ɑˣ	2
lohkaiseminen	l o h k ɑ i̯ s e m i n e n	0
lohkaista	l o h k ɑ i̯ s t ɑˣ	5
lohkaresavi	l o h k ɑ r eˣ s ɑ ʋ i	0
lohkeama	l o h k e ɑ m ɑ	0
lohkeaminen	l o h k e ɑ m i n e n	2
lohkeilla	l o h k e i̯ lː ɑˣ	0
lohko	l o h k o	33
lohko	l o h k oˣ	33
lohkohedelmä	l o h k o h e d e l m æ	1
lohkoinen	l o h k o i̯ n e n	1
lohkomatriisi	l o h k o m ɑ t r iː s i	0
lohkoperuna	l o h k o p e r u n ɑ	0
lohkosalaaja	l o h k o s ɑ l ɑː j ɑ	0
lohkosalaus	l o h k o s ɑ l ɑ u s	0
lohkotiili	l o h k o t iː l i	0
lohkovuoristo	l o h k o ʋ u o̯ r i s t o	0
lohtu	l o h t u	5
lohturuoka	l o h t u r u o̯ k ɑ	0
lohtusyöminen	l o h t u s y ø̯ m i n e n	0
loi	l o i̯	174
loihtia	l o i̯ h t i ɑˣ	10
loikka	l o i̯ kː ɑ	3
loikko	l o i̯ kː o	0
loikoa	l o i̯ k o ɑˣ	0
loilottaa	l o i̯ l o tː ɑːˣ	0
loimaa	l o i̯ m ɑː	29
loimaalainen	l o i̯ m ɑː l ɑ i̯ n e n	0
loimahtaa	l o i̯ m ɑ h t ɑːˣ	0
loimi	l o i̯ m i	2
loimijoki	l o i̯ m i j o k i	1
loimottaa	l o i̯ m o tː ɑːˣ	0
loinen	l o i̯ n e n	8
loisi	l o i̯ s i	23
loisio	l o i̯ s i o	0
loiskahdella	l o i̯ s k ɑ h d e lː ɑˣ	0
loiskahtaa	l o i̯ s k ɑ h t ɑːˣ	1
loiskauttaa	l o i̯ s k ɑ u tː ɑːˣ	0
loiskutella	l o i̯ s k u t e lː ɑˣ	0
loisoppi	l o i̯ s o pː i	0
loissairaus	l o i̯ s s ɑ i̯ r ɑ u s	0
loiste	l o i̯ s t eˣ	2
loisteaine	l o i̯ s t eˣ ɑ i̯ n eˣ	0
loistediodi	l o i̯ s t eˣ d i o d i	0
loisteliaasti	l o i̯ s t e l i ɑː s t iˣ	5
loisteputki	l o i̯ s t eˣ p u t k i	1
loistoauto	l o i̯ s t o ɑ u t o	0
loistoesimerkki	l o i̯ s t o e s i m e r kː i	0
loistokausi	l o i̯ s t o k ɑ u̯ s i	2
loisvokaali	l o i̯ s ʋ o k ɑː l i	0
loito	l o i̯ t o	0
loitontaa	l o i̯ t o n t ɑː	2
loitontaa	l o i̯ t o n t ɑːˣ	2
loitsu	l o i̯ t s u	2
loitto	l o i̯ tː o	0
loiva	l o i̯ ʋ ɑ	11
loivasti	l o i̯ ʋ ɑ s t iˣ	23
lojaali	l o j ɑː l i	7
lojahtaa	l o j ɑ h t ɑːˣ	0
lojune	l o j u n eˣ	0
lokaalisesti	l o k ɑː l i s e s t iˣ	1
lokakampanja	l o k ɑ k ɑ m p ɑ n j ɑ	0
lokakuu	l o k ɑ k uː	55
lokari	l o k ɑ r i	2
lokeroperiaate	l o k e r o p e r i ɑː t eˣ	0
loki	l o k i	4
lokikirja	l o k i k i r j ɑ	1
lokimerkintä	l o k i m e r k i n t æ	0
lokirivi	l o k i r i ʋ i	0
lokitiedosto	l o k i t i e̯ d o s t o	1
lokitieto	l o k i t i e̯ t o	1
lokki	l o kː i	6
lokoisa	l o k o i̯ s ɑ	1
lokoisasti	l o k o i̯ s ɑ s t iˣ	0
lokrinen	l o k r i n e n	0
loksahdella	l o k s ɑ h d e lː ɑˣ	1
loksauttaa	l o k s ɑ u tː ɑːˣ	0
loksuttaa	l o k s u tː ɑːˣ	0
lokvatti	l o k ʋ ɑ tː i	0
loma	l o m ɑ	95
lomailla	l o m ɑ i̯ lː ɑˣ	11
lomakausi	l o m ɑ k ɑ u̯ s i	5
lomakkain	l o m ɑ kː ɑ i̯ n	0
lomakoti	l o m ɑ k o t i	8
lomakuukausi	l o m ɑ k uː k ɑ u̯ s i	4
lomalainen	l o m ɑ l ɑ i̯ n e n	0
lomanmääräytymiskuukausi	l o m ɑ n m æː r æ y t y m i s k uː k ɑ u̯ s i	1
lomanmääräytymisvuosi	l o m ɑ n m æː r æ y t y m i s ʋ u o̯ s i	4
lomaosake	l o m ɑ o s ɑ k eˣ	1
lomaosakeasunto	l o m ɑ o s ɑ k eˣ ɑ s u n t o	0
lomaraha	l o m ɑ r ɑ h ɑ	22
lomassa	l o m ɑ sː ɑ	118
lomasävel	l o m ɑ s æ ʋ e l	1
lomatusten	l o m ɑ t u s t e n	0
lomaviikko	l o m ɑ ʋ iː kː o	4
lomikkain	l o m i kː ɑ i̯ n	0
lomittaa	l o m i tː ɑːˣ	5
lomittainen	l o m i tː ɑ i̯ n e n	0
lomittaisuus	l o m i tː ɑ i̯ s uː s	0
lomittamaisillaan	l o m i tː ɑ m ɑ i̯ s i lː ɑː n	0
lomittaminen	l o m i tː ɑ m i n e n	0
lomittanut	l o m i tː ɑ n u t	0
lomitusten	l o m i t u s t e n	3
lommoilla	l o mː o i̯ lː ɑˣ	0
lompakko	l o m p ɑ kː o	14
lompolo	l o m p o l o	5
longerrella	l o ŋː e rː e lː ɑˣ	0
lonkankoukistaja	l o ŋ k ɑ n k o u̯ k i s t ɑ j ɑ	0
lonkero	l o ŋ k e r o	2
lonkka	l o ŋ kː ɑ	9
lonkkahermo	l o ŋ kː ɑ h e r m o	0
lonkkamalja	l o ŋ kː ɑ m ɑ l j ɑ	0
lonksahtaa	l o ŋ k s ɑ h t ɑːˣ	0
lonksuttaa	l o ŋ k s u tː ɑːˣ	0
lonkuttaa	l o ŋ k u tː ɑːˣ	0
lontoo	l o n t oː	13
lopahtaa	l o p ɑ h t ɑːˣ	4
lopen	l o p e n	45
lopetella	l o p e t e lː ɑˣ	0
lopettaa	l o p e tː ɑːˣ	330
lopettajaiset	l o p e tː ɑ j ɑ i̯ s e t	1
loppea	l o pː e ɑˣ	0
loppelainen	l o pː e l ɑ i̯ n e n	0
loppi	l o pː i	9
loppiainen	l o pː i ɑ i̯ n e n	11
loppilainen	l o pː i l ɑ i̯ n e n	0
loppu	l o pː u	240
loppua	l o pː u ɑˣ	324
loppuarviointi	l o pː u ɑ r ʋ i o i̯ n t i	4
loppuerä	l o pː u e r æ	4
loppuhenkonen	l o pː u h e ŋ k o n e n	0
loppuikä	l o pː u i k æ	0
loppukahdennus	l o pː u k ɑ h d e nː u s	0
loppukevennys	l o pː u k e ʋ e nː y s	1
loppukuu	l o pː u k uː	2
loppukuukausi	l o pː u k uː k ɑ u̯ s i	1
loppukädessä	l o pː u k æ d e sː æ	0
loppumattomasti	l o pː u m ɑ tː o m ɑ s t iˣ	1
loppupalkka	l o pː u p ɑ l kː ɑ	3
loppupiste	l o pː u p i s t eˣ	1
loppurepeämä	l o pː u r e p e æ m æ	0
loppurysäys	l o pː u r y s æ y s	0
loppusivu	l o pː u s i ʋ u	0
lopputarkoitus	l o pː u t ɑ r k o i̯ t u s	0
lopputeksti	l o pː u t e k s t i	0
lopputila	l o pː u t i l ɑ	2
lopputunnari	l o pː u t u nː ɑ r i	0
lopuillaan	l o p u i̯ lː ɑː n	20
lopullaan	l o p u lː ɑː n	0
loputtomiin	l o p u tː o m iː n	44
lorahtaa	l o r ɑ h t ɑːˣ	0
lordi	l oː r d i	4
lornjetti	l o r n j e tː i	0
lortto	l o r tː o	0
loru	l o r u	3
loruilla	l o r u i̯ lː ɑˣ	0
loruta	l o r u t ɑˣ	0
losottaa	l o s o tː ɑːˣ	0
lotkauttaa	l o t k ɑ u tː ɑːˣ	1
lotta	l o tː ɑ	38
lottamerkki	l o tː ɑ m e r kː i	0
lottapuku	l o tː ɑ p u k u	0
louhi	l o u̯ h i	19
louhikko	l o u̯ h i kː o	0
louhintapaikka	l o u̯ h i n t ɑ p ɑ i̯ kː ɑ	1
louhoskivi	l o u̯ h o s k i ʋ i	0
louisiana	l u i̯ s i ɑː n ɑ	3
loukata	l o u̯ k ɑ t ɑˣ	41
loukkaannuttaa	l o u̯ kː ɑː nː u tː ɑːˣ	0
loukkaantua	l o u̯ kː ɑː n t u ɑˣ	12
loukku	l o u̯ kː u	3
loukkupyydys	l o u̯ kː u p yː d y s	0
loukuttaa	l o u̯ k u tː ɑːˣ	0
louna	l o u̯ n ɑ	1
lounainen	l o u̯ n ɑ i̯ n e n	1
lounaismurteet	l o u̯ n ɑ i̯ s m u r t eː t	0
lounaismyrsky	l o u̯ n ɑ i̯ s m y r s k y	0
lounas	l o u̯ n ɑ s	167
lounasaika	l o u̯ n ɑ s ɑ i̯ k ɑ	2
lounaskortti	l o u̯ n ɑ s k o r tː i	0
lounaspöytä	l o u̯ n ɑ s p ø y̯ t æ	2
lounasseteli	l o u̯ n ɑ s s e t e l i	3
lounatuuli	l o u̯ n ɑ t uː l i	1
louskutella	l o u̯ s k u t e lː ɑˣ	0
louskuttaa	l o u̯ s k u tː ɑːˣ	0
lovecraftilainen	l ɑ ʋ k r æ f t i l ɑ i̯ n e n	0
lovecraftilainen	l ɑ ʋ k r ɑ f t i l ɑ i̯ n e n	0
lovi	l o ʋ i	3
loviisa	l o ʋ iː s ɑ	65
loviisalainen	l o ʋ iː s ɑ l ɑ i̯ n e n	2
lovittaa	l o ʋ i tː ɑːˣ	0
lude	l u d eˣ	2
ludvik	l u d ʋ i k	0
lue	l u eˣ	693
luento	l u e n t o	118
luentomuistiinpanot	l u e n t o m u i̯ s t iː n p ɑ n o t	5
luetella	l u e t e lː ɑˣ	24
luetelma	l u e t e l m ɑ	0
luettaa	l u e tː ɑːˣ	2
luetteleminen	l u e tː e l e m i n e n	0
luettelo	l u e tː e l o	493
luettelointijärjestelmä	l u e tː e l o i̯ n t i j æ r j e s t e l m æ	0
luettelointinumero	l u e tː e l o i̯ n t i n u m e r o	0
luettelointitieto	l u e tː e l o i̯ n t i t i e̯ t o	0
luettelomerkki	l u e tː e l o m e r kː i	0
luetteloruutu	l u e tː e l o r uː t u	1
luetuttaa	l u e t u tː ɑːˣ	1
luha	l u h ɑ	0
luhanka	l u h ɑ ŋ k ɑ	3
luhankalainen	l u h ɑ ŋ k ɑ l ɑ i̯ n e n	0
luhistaminen	l u h i s t ɑ m i n e n	2
luhistua	l u h i s t u ɑˣ	3
luhistuminen	l u h i s t u m i n e n	5
luhta	l u h t ɑ	8
luhtalitukka	l u h t ɑ l i t u kː ɑ	0
luhtasara	l u h t ɑ s ɑ r ɑ	0
luhtiaitta	l u h t i ɑ i̯ tː ɑ	2
luihusti	l u i̯ h u s t iˣ	0
luikahtaa	l u i̯ k ɑ h t ɑːˣ	1
luikauttaa	l u i̯ k ɑ u tː ɑːˣ	0
luikkia	l u i̯ kː i ɑˣ	1
luikku	l u i̯ kː u	0
luimistella	l u i̯ m i s t e lː ɑˣ	0
luimussa	l u i̯ m u sː ɑ	0
luimuun	l u i̯ m uː n	1
luiro	l u i̯ r o	0
luiskahdella	l u i̯ s k ɑ h d e lː ɑˣ	0
luiskauttaa	l u i̯ s k ɑ u tː ɑːˣ	0
luistaa	l u i̯ s t ɑːˣ	18
luistattaa	l u i̯ s t ɑ tː ɑːˣ	0
luistelija	l u i̯ s t e l i j ɑ	5
luistella	l u i̯ s t e lː ɑˣ	15
luistelu	l u i̯ s t e l u	24
luisti	l u i̯ s t i	12
luistiventtiili	l u i̯ s t i ʋ e n tː iː l i	0
luisua	l u i̯ s u ɑˣ	1
luisuttaa	l u i̯ s u tː ɑːˣ	0
luja	l u j ɑ	74
lujaan	l u j ɑː n	7
lujakätisesti	l u j ɑ k æ t i s e s t iˣ	0
lujalla	l u j ɑ lː ɑ	3
lujalle	l u j ɑ lː eˣ	1
lujassa	l u j ɑ sː ɑ	5
lujilla	l u j i lː ɑ	5
lujille	l u j i lː eˣ	12
lujitebetoni	l u j i t eˣ b e t o n i	0
lujitemuovi	l u j i t eˣ m u o̯ ʋ i	1
lujuusopillinen	l u j uː s o p i lː i n e n	0
lujuusoppi	l u j uː s o pː i	0
luka	l u k ɑ	2
lukea	l u k e ɑˣ	979
lukema	l u k e m ɑ	45
lukija	l u k i j ɑ	186
lukio	l u k i o	297
lukiokoulutus	l u k i o k o u̯ l u t u s	3
lukiopettaja	l u k i o p e tː ɑ j ɑ	0
lukitseminen	l u k i t s e m i n e n	5
lukitusnäppäin	l u k i t u s n æ pː æ i̯ n	0
lukitusrengas	l u k i t u s r e ŋː ɑ s	0
lukkari	l u kː ɑ r i	67
lukkiinnuttaa	l u kː iː nː u tː ɑːˣ	0
lukkiuttaa	l u kː i u tː ɑːˣ	1
lukko	l u kː o	97
lukkopesä	l u kː o p e s æ	0
lukkopihdit	l u kː o p i h d i t	0
lukkosaumakatto	l u kː o s ɑ u̯ m ɑ k ɑ tː o	0
lukkosula	l u kː o s u l ɑ	1
lukkotikkikone	l u kː o t i kː i k o n eˣ	0
luksus	l u k s u s	0
luksusauto	l u k s u s ɑ u t o	1
luksusjahti	l u k s u s j ɑ h t i	0
luku	l u k u	589
lukuarvo	l u k u ɑ r ʋ o	13
lukuarvoinen	l u k u ɑ r ʋ o i̯ n e n	0
lukuisasti	l u k u i̯ s ɑ s t iˣ	6
lukukinkerit	l u k u k i ŋ k e r i t	2
lukukone	l u k u k o n eˣ	0
lukukunta	l u k u k u n t ɑ	0
lukumuisti	l u k u m u i̯ s t i	2
lukumäärämitta	l u k u m æː r æ m i tː ɑ	0
lukupää	l u k u p æː	1
lukurauha	l u k u r ɑ u̯ h ɑ	0
lukusarja	l u k u s ɑ r j ɑ	1
lukuset	l u k u s e t	0
lukusuora	l u k u s u o̯ r ɑ	0
lukusuunta	l u k u s uː n t ɑ	0
lukutaidoton	l u k u t ɑ i̯ d o t o n	1
lukutapa	l u k u t ɑ p ɑ	5
lukuteksti	l u k u t e k s t i	0
lukuteoreettinen	l u k u t e o r eː tː i n e n	0
lukutikku	l u k u t i kː u	1
lukutoukka	l u k u t o u̯ kː ɑ	1
lukuvirhe	l u k u ʋ i r h eˣ	0
lukuvuosimaksu	l u k u ʋ u o̯ s i m ɑ k s u	4
lukuväli	l u k u ʋ æ l i	0
lukuyksikkö	l u k u y k s i kː ø	0
lulla	l u lː ɑ	1
lullukkaväki	l u lː u kː ɑ ʋ æ k i	0
lumbaalipunktio	l u m b ɑː l i p u ŋ k t i o	0
lumen	l u m e n	171
lumen	l uː m e n	171
lumettaa	l u m e tː ɑːˣ	1
lumi	l u m i	110
lumierä	l u m i e r æ	0
lumijokelainen	l u m i j o k e l ɑ i̯ n e n	0
lumijoki	l u m i j o k i	8
lumijokinen	l u m i j o k i n e n	0
lumikeli	l u m i k e l i	1
lumikiitäjä	l u m i k iː t æ j æ	0
lumikki	l u m i kː i	5
lumikurki	l u m i k u r k i	0
lumikuuro	l u m i k uː r o	0
lumilautailija	l u m i l ɑ u̯ t ɑ i̯ l i j ɑ	0
lumilautailu	l u m i l ɑ u̯ t ɑ i̯ l u	9
lumilautailukenkä	l u m i l ɑ u̯ t ɑ i̯ l u k e ŋ k æ	0
lumimittari	l u m i m i tː ɑ r i	0
lumipeite	l u m i p e i̯ t eˣ	20
lumipisara	l u m i p i s ɑ r ɑ	0
lumittaa	l u m i tː ɑːˣ	0
lumityö	l u m i t y ø̯	0
lumitähti	l u m i t æ h t i	0
lumivyöry	l u m i ʋ y ø̯ r y	4
lumo	l u m o	11
lumooja	l u m oː j ɑ	0
lumota	l u m o t ɑˣ	3
lumovoima	l u m o ʋ o i̯ m ɑ	1
lumparland	l u m p ɑ r l ɑ n d	1
lumppuri	l u m pː u r i	0
lumpsauttaa	l u m p s ɑ u tː ɑːˣ	0
lunaarinen	l u n ɑː r i n e n	0
lunastus	l u n ɑ s t u s	18
lunastushinta	l u n ɑ s t u s h i n t ɑ	18
lunastuspalkkio	l u n ɑ s t u s p ɑ l kː i o	1
lunastustyö	l u n ɑ s t u s t y ø̯	2
lunkisti	l u ŋ k i s t iˣ	1
lunnasraha	l u nː ɑ s r ɑ h ɑ	0
luo	l u o̯	1116
luo	l u o̯ˣ	1116
luoda	l u o̯ d ɑˣ	1212
luode	l u o̯ d eˣ	5
luodinreikä	l u o̯ d i n r e i̯ k æ	0
luoho	l u o̯ h o	0
luokanvalvoja	l u o̯ k ɑ n ʋ ɑ l ʋ o j ɑ	31
luokittaa	l u o̯ k i tː ɑːˣ	2
luokitteluasteikko	l u o̯ k i tː e l u ɑ s t e i̯ kː o	0
luokitteluasteikollinen	l u o̯ k i tː e l u ɑ s t e i̯ k o lː i n e n	0
luokka	l u o̯ kː ɑ	399
luokkaluku	l u o̯ kː ɑ l u k u	0
luokkaopetus	l u o̯ kː ɑ o p e t u s	3
luokkasormus	l u o̯ kː ɑ s o r m u s	0
luokkivaljaat	l u o̯ kː i ʋ ɑ l j ɑː t	0
luoko	l u o̯ k o	9
luokse	l u o̯ k s eˣ	135
luola	l u o̯ l ɑ	22
luolakoira	l u o̯ l ɑ k o i̯ r ɑ	0
luolalentely	l u o̯ l ɑ l e n t e l y	0
luolametsästys	l u o̯ l ɑ m e t s æ s t y s	0
luolatutkimus	l u o̯ l ɑ t u t k i m u s	0
luomapuut	l u o̯ m ɑ p uː t	0
luomi	l u o̯ m i	6
luomishalu	l u o̯ m i s h ɑ l u	0
luomisinto	l u o̯ m i s i n t o	0
luomiskausi	l u o̯ m i s k ɑ u̯ s i	1
luomiskertomus	l u o̯ m i s k e r t o m u s	4
luomistapahtuma	l u o̯ m i s t ɑ p ɑ h t u m ɑ	0
luomisteko	l u o̯ m i s t e k o	1
luomistuska	l u o̯ m i s t u s k ɑ	0
luomistyö	l u o̯ m i s t y ø̯	4
luomiväri	l u o̯ m i ʋ æ r i	0
luomu	l u o̯ m u	48
luomumaito	l u o̯ m u m ɑ i̯ t o	2
luomuviljely	l u o̯ m u ʋ i l j e l y	10
luona	l u o̯ n ɑ	414
luonne	l u o̯ nː e	281
luonnehtia	l u o̯ nː e h t i ɑˣ	77
luonnetyyppi	l u o̯ nː eˣ t yː pː i	0
luonnikkaasti	l u o̯ nː i kː ɑː s t iˣ	0
luonnollinen	l u o̯ nː o lː i n e n	222
luonnonaine	l u o̯ nː o n ɑ i̯ n eˣ	1
luonnonhoito	l u o̯ nː o n h o i̯ t o	3
luonnonkiviperustus	l u o̯ nː o n k i ʋ i p e r u s t u s	0
luonnonkukka	l u o̯ nː o n k u kː ɑ	0
luonnonkumi	l u o̯ nː o n k u m i	3
luonnonlääke	l u o̯ nː o n l æː k eˣ	0
luonnonmaisema	l u o̯ nː o n m ɑ i̯ s e m ɑ	4
luonnonmateriaali	l u o̯ nː o n m ɑ t e r i ɑː l i	2
luonnonmetsä	l u o̯ nː o n m e t s æ	1
luonnonmuistomerkki	l u o̯ nː o n m u i̯ s t o m e r kː i	0
luonnonniitty	l u o̯ nː o n n iː tː y	1
luonnonolot	l u o̯ nː o n o l o t	4
luonnonsatama	l u o̯ nː o n s ɑ t ɑ m ɑ	3
luonnonsuojelija	l u o̯ nː o n s u o̯ j e l i j ɑ	6
luonnonsuojelualue	l u o̯ nː o n s u o̯ j e l u ɑ l u eˣ	43
luonnonsuojelulaki	l u o̯ nː o n s u o̯ j e l u l ɑ k i	20
luonnonsuojeluliike	l u o̯ nː o n s u o̯ j e l u l iː k eˣ	0
luonnonsuojeluohjelma	l u o̯ nː o n s u o̯ j e l u o h j e l m ɑ	1
luonnonsuojelutyö	l u o̯ nː o n s u o̯ j e l u t y ø̯	1
luonnontieteellinen	l u o̯ nː o n t i e̯ t eː lː i n e n	27
luonnontieto	l u o̯ nː o n t i e̯ t o	6
luonnontilainen	l u o̯ nː o n t i l ɑ i̯ n e n	31
luonnonvakio	l u o̯ nː o n ʋ ɑ k i o	0
luonnonvalokuvaus	l u o̯ nː o n ʋ ɑ l o k u ʋ ɑ u s	1
luonnonvarainen	l u o̯ nː o n ʋ ɑ r ɑ i̯ n e n	13
luonnonväriaine	l u o̯ nː o n ʋ æ r i ɑ i̯ n eˣ	0
luonnonympäristö	l u o̯ nː o n y m p æ r i s t ø	10
luonnos	l u o̯ nː o s	134
luonnostaan	l u o̯ nː o s t ɑː n	117
luonnoton	l u o̯ nː o t o n	5
luonnottomuus	l u o̯ nː o tː o m uː s	1
luonnuttaa	l u o̯ nː u tː ɑːˣ	0
luontaisesti	l u o̯ n t ɑ i̯ s e s t iˣ	60
luontaistalous	l u o̯ n t ɑ i̯ s t ɑ l o u s	0
luonteenkuvaus	l u o̯ n t eː n k u ʋ ɑ u s	2
luonteenomaisesti	l u o̯ n t eː n o m ɑ i̯ s e s t iˣ	0
luonteisesti	l u o̯ n t e i̯ s e s t iˣ	2
luontevuus	l u o̯ n t e ʋ uː s	2
luonto	l u o̯ n t o	500
luontoistalous	l u o̯ n t o i̯ s t ɑ l o u s	0
luontojaan	l u o̯ n t o j ɑː n	1
luontokuva	l u o̯ n t o k u ʋ ɑ	5
luontokuvaaja	l u o̯ n t o k u ʋ ɑː j ɑ	9
luontopolku	l u o̯ n t o p o l k u	89
luontotyyppi	l u o̯ n t o t yː pː i	2
luopio	l u o̯ p i o	2
luopuminen	l u o̯ p u m i n e n	71
luostari	l u o̯ s t ɑ r i	27
luostarielämä	l u o̯ s t ɑ r i e l æ m æ	1
luostariholvi	l u o̯ s t ɑ r i h o l ʋ i	0
luostarikoulu	l u o̯ s t ɑ r i k o u̯ l u	0
luostarilaitos	l u o̯ s t ɑ r i l ɑ i̯ t o s	2
luostariveli	l u o̯ s t ɑ r i ʋ e l i	1
luota	l u o̯ t ɑ	89
luota	l u o̯ t ɑˣ	89
luotaaminen	l u o̯ t ɑː m i n e n	2
luotainraketti	l u o̯ t ɑ i̯ n r ɑ k e tː i	0
luote	l u o̯ t eˣ	0
luoteinen	l u o̯ t e i̯ n e n	1
luoteismyrsky	l u o̯ t e i̯ s m y r s k y	0
luotella	l u o̯ t e lː ɑˣ	1
luoti	l u o̯ t i	106
luotisuora	l u o̯ t i s u o̯ r ɑ	2
luoto	l u o̯ t o	44
luotolainen	l u o̯ t o l ɑ i̯ n e n	2
luotottaa	l u o̯ t o tː ɑːˣ	0
luotsailla	l u o̯ t s ɑ i̯ lː ɑˣ	0
luotsi	l u o̯ t s i	17
luotsialus	l u o̯ t s i ɑ l u s	0
luotsiasema	l u o̯ t s i ɑ s e m ɑ	3
luotsikutteri	l u o̯ t s i k u tː e r i	0
luotsineuvos	l u o̯ t s i n e u̯ ʋ o s	0
luottaa	l u o̯ tː ɑːˣ	346
luottaminen	l u o̯ tː ɑ m i n e n	9
luottamuksellisuus	l u o̯ tː ɑ m u k s e lː i s uː s	20
luottamusalue	l u o̯ tː ɑ m u s ɑ l u eˣ	0
luottamusasema	l u o̯ tː ɑ m u s ɑ s e m ɑ	0
luottamusmies	l u o̯ tː ɑ m u s m i e̯ s	46
luottamusoppilas	l u o̯ tː ɑ m u s o pː i l ɑ s	3
luottamuspalvelu	l u o̯ tː ɑ m u s p ɑ l ʋ e l u	0
luottamustaso	l u o̯ tː ɑ m u s t ɑ s o	0
luottamusväli	l u o̯ tː ɑ m u s ʋ æ l i	11
luotto	l u o̯ tː o	18
luottokorttilompakko	l u o̯ tː o k o r tː i l o m p ɑ kː o	0
luottokorttipetos	l u o̯ tː o k o r tː i p e t o s	0
luottokorttipuhelin	l u o̯ tː o k o r tː i p u h e l i n	0
luottoluokitus	l u o̯ tː o l u o̯ k i t u s	8
luottomarkkinat	l u o̯ tː o m ɑ r kː i n ɑ t	0
luottotietorekisteri	l u o̯ tː o t i e̯ t o r e k i s t e r i	2
luova	l u o̯ ʋ ɑ	128
luovuttaa	l u o̯ ʋ u tː ɑː	351
luovuttaa	l u o̯ ʋ u tː ɑːˣ	351
luovuttaminen	l u o̯ ʋ u tː ɑ m i n e n	48
luovutus	l u o̯ ʋ u t u s	55
luovutusmääräys	l u o̯ ʋ u t u s m æː r æ y s	0
luovuus	l u o̯ ʋ uː s	77
lupa	l u p ɑ	571
lupanumero	l u p ɑ n u m e r o	0
lupapäätös	l u p ɑ p æː t ø s	6
lupikka	l u p i kː ɑ	0
luppakorva	l u pː ɑ k o r ʋ ɑ	1
luppoinen	l u pː o i̯ n e n	0
lupsahdella	l u p s ɑ h d e lː ɑˣ	0
lupsahtaa	l u p s ɑ h t ɑːˣ	0
lupsakasti	l u p s ɑ k ɑ s t iˣ	1
lupsakkaasti	l u p s ɑ kː ɑː s t iˣ	0
lurahtaa	l u r ɑ h t ɑːˣ	0
lurauttaa	l u r ɑ u tː ɑːˣ	0
luritella	l u r i t e lː ɑˣ	0
lurittaa	l u r i tː ɑːˣ	0
lurjusmaisesti	l u r j u s m ɑ i̯ s e s t iˣ	0
lurjustella	l u r j u s t e lː ɑˣ	0
lurkata	l u r k ɑ t ɑˣ	0
lurkkaaja	l u r kː ɑː j ɑ	0
lurkkaus	l u r kː ɑ u s	0
lurpalla	l u r p ɑ lː ɑ	0
lurpallaan	l u r p ɑ lː ɑː n	1
lurpalle	l u r p ɑ lː eˣ	0
lurpalleen	l u r p ɑ lː eː n	0
lurpassa	l u r p ɑ sː ɑ	0
lurppaan	l u r pː ɑː n	0
lusa	l u s ɑ	3
lusikkahaukka	l u s i kː ɑ h ɑ u̯ kː ɑ	0
lustosavi	l u s t o s ɑ ʋ i	0
luteiini	l u t e i̯ː n i	2
lutka	l u t k ɑ	0
lutkuttaa	l u t k u tː ɑːˣ	0
luu	l uː	29
luuhauki	l uː h ɑ u̯ k i	0
luuhohka	l uː h o h k ɑ	0
luuhuone	l uː h u o̯ n eˣ	0
luujauho	l uː j ɑ u̯ h o	3
luukalvo	l uː k ɑ l ʋ o	0
luukampa	l uː k ɑ m p ɑ	0
luukas	l uː k ɑ s	19
luukasvain	l uː k ɑ s ʋ ɑ i̯ n	0
luukkuunkanto	l uː kː uː n k ɑ n t o	0
luukuolio	l uː k u o̯ l i o	0
luukuttaa	l uː k u tː ɑːˣ	0
luukyhmy	l uː k y h m y	2
luulaja	l uː l ɑ j ɑ	1
luuli	l uː l i	36
luulla	l uː lː ɑ	49
luulla	l uː lː ɑˣ	49
luullen	l uː lː e n	6
luulosairas	l uː l o s ɑ i̯ r ɑ s	1
luulotauti	l uː l o t ɑ u̯ t i	0
luulotella	l uː l o t e lː ɑˣ	0
luuluistin	l uː l u i̯ s t i n	0
luulöytö	l uː l ø y̯ t ø	0
luumarja	l uː m ɑ r j ɑ	0
luumu	l uː m u	9
luumukiisseli	l uː m u k iː sː e l i	0
luumukräämi	l uː m u k r æː m i	0
luumunkivi	l uː m u n k i ʋ i	0
luumäkeläinen	l uː m æ k e l æ i̯ n e n	2
luumäki	l uː m æ k i	2
luumätä	l uː m æ t æ	0
luunappi	l uː n ɑ pː i	0
luunaula	l uː n ɑ u̯ l ɑ	0
luunsiirto	l uː n s iː r t o	0
luunsiirtoleikkaus	l uː n s iː r t o l e i̯ kː ɑ u s	0
luunsiru	l uː n s i r u	0
luupiikki	l uː p iː kː i	0
luuposliini	l uː p o s l iː n i	0
luura	l uː r ɑ	0
luurakenne	l uː r ɑ k e nː eˣ	0
luuranen	l uː r ɑ n e n	0
luuranko	l uː r ɑ ŋ k o	10
luuri	l uː r i	13
luusarkooma	l uː s ɑ r k oː m ɑ	0
luusauma	l uː s ɑ u̯ m ɑ	0
luuska	l uː s k ɑ	0
luusolukko	l uː s o l u kː o	0
luusto	l uː s t o	26
luustolihas	l uː s t o l i h ɑ s	0
luusyöpä	l uː s y ø̯ p æ	0
luuta	l uː t ɑ	32
luutaa	l uː t ɑː	1
luutapallo	l uː t ɑ p ɑ lː o	0
luutisti	l uː t i s t i	0
luutnantti	l uː t n ɑ n tː i	40
luuton	l uː t o n	0
luuttu	l uː tː u	0
luutuhka	l uː t u h k ɑ	0
luutuma	l uː t u m ɑ	0
luutuneisuus	l uː t u n e i̯ s uː s	0
luutyö	l uː t y ø̯	0
luuvariihi	l uː ʋ ɑ r iː h i	0
luuydinontelo	l uː y d i n o n t e l o	0
luuytimensiirto	l uː y t i m e n s iː r t o	2
luvake	l u ʋ ɑ k eˣ	0
luvallisesti	l u ʋ ɑ lː i s e s t iˣ	7
luvanhaltija	l u ʋ ɑ n h ɑ l t i j ɑ	10
luvata	l u ʋ ɑ t ɑˣ	38
luvialainen	l u ʋ i ɑ l ɑ i̯ n e n	0
luvian	l u ʋ i ɑ n	95
luvo	l u ʋ o	0
luxemburg	l u k s e m b u r ɡ	19
lyaasi	l y ɑː s i	0
lyhde	l y h d eˣ	1
lyhennellä	l y h e nː e lː æˣ	1
lyhennemerkki	l y h e nː eˣ m e r kː i	0
lyhennyserä	l y h e nː y s e r æ	0
lyhentää	l y h e n t æːˣ	118
lyhty	l y h t y	5
lyhyelti	l y h y e l t iˣ	0
lyhykäinen	l y h y k æ i̯ n e n	8
lyhykäisesti	l y h y k æ i̯ s e s t iˣ	4
lyhyt	l y h y t	680
lyhytaaltoalue	l y h y t ɑː l t o ɑ l u eˣ	0
lyhytaaltoasema	l y h y t ɑː l t o ɑ s e m ɑ	0
lyhytaaltoinen	l y h y t ɑː l t o i̯ n e n	3
lyhytaaltopuhelin	l y h y t ɑː l t o p u h e l i n	0
lyhytaaltoradio	l y h y t ɑː l t o r ɑ d i o	1
lyhytaaltoradiopuhelin	l y h y t ɑː l t o r ɑ d i o p u h e l i n	0
lyhytfilmi	l y h y t f i l m i	2
lyhythiuksinen	l y h y t h i u̯ k s i n e n	0
lyhytjalkainen	l y h y t j ɑ l k ɑ i̯ n e n	0
lyhytjännitteinen	l y h y t j æ nː i tː e i̯ n e n	1
lyhytjännitteisesti	l y h y t j æ nː i tː e i̯ s e s t iˣ	1
lyhytjänteinen	l y h y t j æ n t e i̯ n e n	1
lyhytjänteisesti	l y h y t j æ n t e i̯ s e s t iˣ	1
lyhytkasvuinen	l y h y t k ɑ s ʋ u i̯ n e n	3
lyhytkestoinen	l y h y t k e s t o i̯ n e n	10
lyhytkiertoviljely	l y h y t k i e̯ r t o ʋ i l j e l y	0
lyhytkirurgia	l y h y t k i r u r ɡ i ɑ	0
lyhytnimi	l y h y t n i m i	0
lyhytnumero	l y h y t n u m e r o	0
lyhytnurkka	l y h y t n u r kː ɑ	0
lyhytohjelma	l y h y t o h j e l m ɑ	0
lyhytproosa	l y h y t p r oː s ɑ	0
lyhytraajainen	l y h y t r ɑː j ɑ i̯ n e n	0
lyhytsanaisesti	l y h y t s ɑ n ɑ i̯ s e s t iˣ	0
lyhytsiipinen	l y h y t s iː p i n e n	1
lyhytsulku	l y h y t s u l k u	0
lyhytsyöttöpeli	l y h y t s y ø̯ tː ø p e l i	0
lyhyttavara	l y h y t t ɑ ʋ ɑ r ɑ	0
lyhytterapia	l y h y t t e r ɑ p i ɑ	0
lyhyttukkainen	l y h y t t u kː ɑ i̯ n e n	1
lyhytvaikutteinen	l y h y t ʋ ɑ i̯ k u tː e i̯ n e n	0
lyhytvalintakoodi	l y h y t ʋ ɑ l i n t ɑ k oː d i	0
lyhytvartinen	l y h y t ʋ ɑ r t i n e n	1
lyhyys	l y h yː s	8
lyhyysmerkki	l y h yː s m e r kː i	0
lyijy	l y i̯ j y	19
lyijyhauli	l y i̯ j y h ɑ u̯ l i	1
lyijyinen	l y i̯ j y i̯ n e n	2
lyijylasi	l y i̯ j y l ɑ s i	0
lyijylasite	l y i̯ j y l ɑ s i t eˣ	0
lyijynraskas	l y i̯ j y n r ɑ s k ɑ s	0
lyijypaino	l y i̯ j y p ɑ i̯ n o	0
lyijyvasara	l y i̯ j y ʋ ɑ s ɑ r ɑ	0
lykätä	l y k æ t æˣ	35
lymfaattinen	l y ɱ f ɑː t̪ː i n e̞ n	0
lymfoblastinen	l y m f o b l ɑ s t i n e n	0
lynetti	l y n e tː i	0
lynkkysuoli	l y ŋ kː y s u o̯ l i	0
lypsin	l y p s i n	0
lypsyasema	l y p s y ɑ s e m ɑ	5
lypsykarjatila	l y p s y k ɑ r j ɑ t i l ɑ	1
lypsykausi	l y p s y k ɑ u̯ s i	1
lypsylämmin	l y p s y l æ mː i n	0
lypsättää	l y p s æ tː æːˣ	0
lypsää	l y p s æː	14
lysosomi	l y s o s o m i	0
lysteri	l y s t e r i	0
lystikkäästi	l y s t i kː æː s t iˣ	1
lysyssä	l y s y sː æ	1
lysyyli	l y s yː l i	0
lysyyn	l y s yː n	0
lysähtää	l y s æ h t æːˣ	2
lyydi	l yː d i	0
lyydia	l yː d i ɑ	1
lyydiläinen	l yː d i l æ i̯ n e n	0
lyydiläismurteet	l yː d i l æ i̯ s m u r t eː t	0
lyydinen	l yː d i n e n	0
lyykähtää	l yː k æ h t æːˣ	0
lyyli	l yː l i	40
lyypekki	l yː p e kː i	2
lyyra	l yː r ɑ	15
lyyrinen	l yː r i n e n	3
lyyrisesti	l yː r i s e s t iˣ	2
lyyti	l yː t i	2
lyö	l y ø̯	98
lyö	l y ø̯ˣ	98
lyödä	l y ø̯ d æˣ	65
lyöminen	l y ø̯ m i n e n	9
lyömäase	l y ø̯ m æ ɑ s eˣ	1
lyöntipallo	l y ø̯ n t i p ɑ lː o	0
lyöttäytyä	l y ø̯ tː æ y t y æˣ	3
lyötättää	l y ø̯ t æ tː æːˣ	0
lähde	l æ h d eˣ	509
lähdeaineisto	l æ h d eˣ ɑ i̯ n e i̯ s t o	8
lähdejännite	l æ h d eˣ j æ nː i t eˣ	0
lähdekerrostuma	l æ h d eˣ k e rː o s t u m ɑ	0
lähdekoodi	l æ h d eˣ k oː d i	17
lähdesara	l æ h d eˣ s ɑ r ɑ	1
lähdetieto	l æ h d eˣ t i e̯ t o	2
lähdetietokanta	l æ h d eˣ t i e̯ t o k ɑ n t ɑ	0
lähdevesi	l æ h d eˣ ʋ e s i	1
lähdeviite	l æ h d eˣ ʋ iː t eˣ	5
lähekkäinen	l æ h e kː æ i̯ n e n	0
lähekkäisyys	l æ h e kː æ i̯ s yː s	0
lähelle	l æ h e lː eˣ	451
lähellä	l æ h e lː æ	1539
läheltä	l æ h e l t æ	187
lähemmin	l æ h e mː i n	113
lähentyminen	l æ h e n t y m i n e n	10
lähentäjälihas	l æ h e n t æ j æ l i h ɑ s	1
lähentää	l æ h e n t æː	10
lähentää	l æ h e n t æːˣ	10
lähestulkoonkaan	l æ h e s t u l k oː ŋ k ɑː n	3
lähestymiskielto	l æ h e s t y m i s k i e̯ l t o	10
lähestymiskulma	l æ h e s t y m i s k u l m ɑ	1
lähestymislennonjohto	l æ h e s t y m i s l e nː o n j o h t o	0
lähestymisvalot	l æ h e s t y m i s ʋ ɑ l o t	0
lähestyä	l æ h e s t y æˣ	154
lähetinasema	l æ h e t i n ɑ s e m ɑ	0
lähetti	l æ h e tː i	222
lähettiläs	l æ h e tː i l æ s	15
lähettyville	l æ h e tː y ʋ i lː eˣ	4
lähettyviltä	l æ h e tː y ʋ i l t æ	11
lähettäminen	l æ h e tː æ m i n e n	105
lähettämö	l æ h e tː æ m ø	3
lähetysalue	l æ h e t y s ɑ l u eˣ	0
lähetysasema	l æ h e t y s ɑ s e m ɑ	2
lähetyskoulu	l æ h e t y s k o u̯ l u	0
lähetyskulut	l æ h e t y s k u l u t	21
lähetyslista	l æ h e t y s l i s t ɑ	2
lähetyspappi	l æ h e t y s p ɑ pː i	0
lähetyssaarnaaja	l æ h e t y s s ɑː r n ɑː j ɑ	10
lähetysten	l æ h e t y s t e n	25
lähetystöneuvos	l æ h e t y s t ø n e u̯ ʋ o s	1
lähetystösihteeri	l æ h e t y s t ø s i h t eː r i	0
lähikuukausi	l æ h i k uː k ɑ u̯ s i	0
lähilasit	l æ h i l ɑ s i t	2
lähilento	l æ h i l e n t o	0
lähimailla	l æ h i m ɑ i̯ lː ɑ	1
lähimaille	l æ h i m ɑ i̯ lː eˣ	0
lähimailta	l æ h i m ɑ i̯ l t ɑ	0
lähimain	l æ h i m ɑ i̯ n	0
lähimainkaan	l æ h i m ɑ i̯ ŋ k ɑː n	6
lähimaksu	l æ h i m ɑ k s u	0
lähimarkkinat	l æ h i m ɑ r kː i n ɑ t	0
lähimmin	l æ h i mː i n	0
lähin	l æ h i n	155
lähinnä	l æ h i nː æ	2614
lähiosoite	l æ h i o s o i̯ t eˣ	3
lähipoliisi	l æ h i p o l iː s i	7
lähisukukieli	l æ h i s u k u k i e̯ l i	0
lähitiede	l æ h i t i e̯ d eˣ	0
lähiö	l æ h i ø	13
lähiöasukas	l æ h i ø ɑ s u k ɑ s	0
lähteetön	l æ h t eː t ø n	0
lähteisyys	l æ h t e i̯ s yː s	0
lähtekö	l æ h t e k øˣ	3
lähtemäisillään	l æ h t e m æ i̯ s i lː æː n	1
lähtemättömästi	l æ h t e m æ tː ø m æ s t iˣ	13
lähteä	l æ h t e æˣ	864
lähtien	l æ h t i e n	2426
lähtiäiset	l æ h t i æ i̯ s e t	0
lähtöaine	l æ h t ø ɑ i̯ n eˣ	2
lähtöarvo	l æ h t ø ɑ r ʋ o	1
lähtöasema	l æ h t ø ɑ s e m ɑ	1
lähtöaste	l æ h t ø ɑ s t eˣ	0
lähtöjoukko	l æ h t ø j o u̯ kː o	0
lähtöpalkka	l æ h t ø p ɑ l kː ɑ	1
lähtöpassit	l æ h t ø p ɑ sː i t	1
lähtövalmistelut	l æ h t ø ʋ ɑ l m i s t e l u t	0
läikkyminen	l æ i̯ kː y m i n e n	0
läikähtää	l æ i̯ k æ h t æːˣ	0
läikäyttää	l æ i̯ k æ y tː æːˣ	0
läimähdellä	l æ i̯ m æ h d e lː æˣ	0
läimähtää	l æ i̯ m æ h t æːˣ	0
läimäytellä	l æ i̯ m æ y t e lː æˣ	0
läiskytellä	l æ i̯ s k y t e lː æˣ	0
läiskyttää	l æ i̯ s k y tː æːˣ	1
läiskähdellä	l æ i̯ s k æ h d e lː æˣ	1
läiskäytellä	l æ i̯ s k æ y t e lː æˣ	0
läiskäyttää	l æ i̯ s k æ y tː æːˣ	0
läjittää	l æ j i tː æːˣ	0
läjähdellä	l æ j æ h d e lː æˣ	0
läjäpäissä	l æ j æ p æ i̯ sː æ	0
läjäyttää	l æ j æ y tː æːˣ	0
läkkiseppä	l æ kː i s e pː æ	0
läkkityö	l æ kː i t y ø̯	0
läksiäiskahvit	l æ k s i æ i̯ s k ɑ h ʋ i t	0
läkähdyksiin	l æ k æ h d y k s iː n	0
läkähdyksissä	l æ k æ h d y k s i sː æ	0
läkähdyksissään	l æ k æ h d y k s i sː æː n	0
läkähdyttää	l æ k æ h d y tː æːˣ	0
läkähtyminen	l æ k æ h t y m i n e n	0
lälly	l æ lː y	0
lälläri	l æ lː æ r i	1
lämmin	l æ mː i n	326
lämminilmakuivaamo	l æ mː i n i l m ɑ k u i̯ ʋ ɑː m o	0
lämminilmakuivuri	l æ mː i n i l m ɑ k u i̯ ʋ u r i	1
lämminilmapuhallin	l æ mː i n i l m ɑ p u h ɑ lː i n	0
lämminruoka	l æ mː i n r u o̯ k ɑ	0
lämminsavustaa	l æ mː i n s ɑ ʋ u s t ɑːˣ	0
lämminvarasto	l æ mː i n ʋ ɑ r ɑ s t o	0
lämminvaunu	l æ mː i n ʋ ɑ u̯ n u	0
lämmittelykierros	l æ mː i tː e l y k i e̯ rː o s	1
lämmittää	l æ mː i tː æːˣ	76
lämmityselementti	l æ mː i t y s e l e m e n tː i	1
lämmitysjärjestelmä	l æ mː i t y s j æ r j e s t e l m æ	11
lämmityskausi	l æ mː i t y s k ɑ u̯ s i	1
lämmityskulut	l æ mː i t y s k u l u t	1
lämmityskustannukset	l æ mː i t y s k u s t ɑ nː u k s e t	6
lämmityslaite	l æ mː i t y s l ɑ i̯ t eˣ	2
lämmitystekniikka	l æ mː i t y s t e k n iː kː ɑ	1
lämmitysuuni	l æ mː i t y s uː n i	0
lämmöneristys	l æ mː ø n e r i s t y s	4
lämmönkesto	l æ mː ø n k e s t o	2
lämmönkulutus	l æ mː ø n k u l u t u s	2
lämmönsiirrin	l æ mː ø n s iː rː i n	1
lämmönvaihto	l æ mː ø n ʋ ɑ i̯ h t o	0
lämpeneminen	l æ m p e n e m i n e n	20
lämpimikseen	l æ m p i m i k s eː n	3
lämpimiltään	l æ m p i m i l t æː n	0
lämpimältään	l æ m p i m æ l t æː n	0
lämpö	l æ m p ø	163
lämpöarvo	l æ m p ø ɑ r ʋ o	8
lämpögradientti	l æ m p ø ɡ r ɑ d i e n tː i	0
lämpöhaude	l æ m p ø h ɑ u̯ d eˣ	0
lämpöinen	l æ m p ø i̯ n e n	2
lämpökaappi	l æ m p ø k ɑː pː i	0
lämpökamera	l æ m p ø k ɑ m e r ɑ	2
lämpökemia	l æ m p ø k e m i ɑ	0
lämpökeskus	l æ m p ø k e s k u s	19
lämpökilpi	l æ m p ø k i l p i	0
lämpökohina	l æ m p ø k o h i n ɑ	1
lämpökovettuva	l æ m p ø k o ʋ e tː u ʋ ɑ	0
lämpölaajeneminen	l æ m p ø l ɑː j e n e m i n e n	3
lämpöliike	l æ m p ø l iː k eˣ	0
lämpömäärä	l æ m p ø m æː r æ	1
lämpöpaperi	l æ m p ø p ɑ p e r i	0
lämpöpari	l æ m p ø p ɑ r i	0
lämpörele	l æ m p ø r e l eˣ	0
lämpösiirto	l æ m p ø s iː r t o	1
lämpösähköinen	l æ m p ø s æ h k ø i̯ n e n	0
lämpösäiliö	l æ m p ø s æ i̯ l i ø	0
lämpötalous	l æ m p ø t ɑ l o u s	0
lämpötasapaino	l æ m p ø t ɑ s ɑ p ɑ i̯ n o	0
lämpötila	l æ m p ø t i l ɑ	477
lämpötilakäyrä	l æ m p ø t i l ɑ k æ y̯ r æ	0
lämpötyyny	l æ m p ø t yː n y	0
lämpövoima	l æ m p ø ʋ o i̯ m ɑ	5
lämpövoimakone	l æ m p ø ʋ o i̯ m ɑ k o n eˣ	2
lämpövoimala	l æ m p ø ʋ o i̯ m ɑ l ɑ	2
länget	l æ ŋː e t	1
länketti	l æ ŋ k e tː i	0
länkivaljaat	l æ ŋ k i ʋ ɑ l j ɑː t	0
lännemmäs	l æ nː e mː æ s	1
lännempänä	l æ nː e m p æ n æ	4
lännempää	l æ nː e m p æː	1
lännensuhteet	l æ nː e n s u h t eː t	0
lännenvaivaishiiri	l æ nː e n ʋ ɑ i̯ ʋ ɑ i̯ s h iː r i	0
länsi	l æ n s i	36
länsiauto	l æ n s i ɑ u t o	13
länsiliittoutuneet	l æ n s i l iː tː o u t u n eː t	0
länsimaisesti	l æ n s i m ɑ i̯ s e s t iˣ	1
länsimurre	l æ n s i m u rː eˣ	0
länsimyrsky	l æ n s i m y r s k y	0
länsiranta	l æ n s i r ɑ n t ɑ	5
länsiryhmä	l æ n s i r y h m æ	0
länsisuhteet	l æ n s i s u h t eː t	0
läntti	l æ n tː i	0
länttään	l æ n tː æː n	0
läntälleen	l æ n t æ lː eː n	0
läntällään	l æ n t æ lː æː n	0
läntässä	l æ n t æ sː æ	0
läpi	l æ p i	2625
läpikulkumaa	l æ p i k u l k u m ɑː	0
läpikulkutie	l æ p i k u l k u t i e̯	0
läpikäynti	l æ p i k æ y̯ n t i	9
läpikäytävä	l æ p i k æ y̯ t æ ʋ æ	2
läpilasku	l æ p i l ɑ s k u	0
läpilyönti	l æ p i l y ø̯ n t i	9
läpilyöntijännite	l æ p i l y ø̯ n t i j æ nː i t eˣ	0
läpivalaisu	l æ p i ʋ ɑ l ɑ i̯ s u	1
läpivalaisuelektronimikroskooppi	l æ p i ʋ ɑ l ɑ i̯ s u e l e k t r o n i m i k r o s k oː pː i	0
läpivalaisukuva	l æ p i ʋ ɑ l ɑ i̯ s u k u ʋ ɑ	0
läpiveto	l æ p i ʋ e t o	0
läpivienti	l æ p i ʋ i e̯ n t i	24
läppä	l æ pː æ	21
läppäovi	l æ pː æ o ʋ i	0
läppäri	l æ pː æ r i	1
läppäventtiili	l æ pː æ ʋ e n tː iː l i	2
läpsyttää	l æ p s y tː æːˣ	0
läpsähdellä	l æ p s æ h d e lː æˣ	0
läpsähtää	l æ p s æ h t æːˣ	0
läpsäyttää	l æ p s æ y tː æːˣ	2
läpäisy	l æ p æ i̯ s y	7
läpäisyaihe	l æ p æ i̯ s y ɑ i̯ h eˣ	0
läpäisysuhde	l æ p æ i̯ s y s u h d eˣ	0
läpäisytodennäköisyys	l æ p æ i̯ s y t o d e n n æ k ø i̯ s yː s	0
läpättää	l æ p æ tː æːˣ	0
läpäyttää	l æ p æ y tː æːˣ	0
läskisoosi	l æ s k i s oː s i	0
lässy	l æ sː y	0
lässähtää	l æ sː æ h t æːˣ	1
lätkäyttää	l æ t k æ y tː æːˣ	0
lätsähtää	l æ t s æ h t æːˣ	0
lätti	l æ tː i	2
lätäkkö	l æ t æ kː ø	0
lävistyskone	l æ ʋ i s t y s k o n eˣ	0
lävistää	l æ ʋ i s t æːˣ	12
lävähtää	l æ ʋ æ h t æːˣ	1
läväyttää	l æ ʋ æ y tː æːˣ	0
lääke	l æː k eˣ	163
lääkeaaloe	l æː k eˣ ɑː l o e	0
lääkeaddikti	l æː k eˣ ɑ dː i k t i	0
lääkeaineihottuma	l æː k eˣ ɑ i̯ n eˣ i h o tː u m ɑ	0
lääkeainemyrkytys	l æː k eˣ ɑ i̯ n eˣ m y r k y t y s	0
lääkeaineoppi	l æː k eˣ ɑ i̯ n eˣ o pː i	0
lääkeannostelija	l æː k eˣ ɑ nː o s t e l i j ɑ	0
lääkeasetus	l æː k eˣ ɑ s e t u s	0
lääkehiili	l æː k eˣ h iː l i	1
lääkehoito	l æː k eˣ h o i̯ t o	62
lääkehumala	l æː k eˣ h u m ɑ l ɑ	0
lääkehuolto	l æː k eˣ h u o̯ l t o	1
lääkeinfo	l æː k eˣ i n fː o	0
lääkejakelu	l æː k eˣ j ɑ k e l u	0
lääkejako	l æː k eˣ j ɑ k o	0
lääkejäte	l æː k eˣ j æ t eˣ	0
lääkekemia	l æː k eˣ k e m i ɑ	1
lääkekulut	l æː k eˣ k u l u t	4
lääkekustannukset	l æː k eˣ k u s t ɑ nː u k s e t	3
lääkekuuri	l æː k eˣ k uː r i	2
lääkelaskenta	l æː k eˣ l ɑ s k e n t ɑ	0
lääkemuoto	l æː k eˣ m u o̯ t o	1
lääkemääräys	l æː k eˣ m æː r æ y s	2
lääkepakkaus	l æː k eˣ p ɑ kː ɑ u s	0
lääkerasia	l æː k eˣ r ɑ s i ɑ	0
lääkeresepti	l æː k eˣ r e s e p t i	0
lääkeriippuvuus	l æː k eˣ r iː pː u ʋ uː s	0
lääkerikos	l æː k eˣ r i k o s	0
lääkeruisku	l æː k eˣ r u i̯ s k u	0
lääkesaippua	l æː k eˣ s ɑ i̯ pː u ɑ	0
lääkesampoo	l æː k eˣ s ɑ m p oː	0
lääkeseos	l æː k eˣ s e o s	0
lääkesumutin	l æː k eˣ s u m u t i n	0
lääketabletti	l æː k eˣ t ɑ b l e tː i	0
lääketaksa	l æː k eˣ t ɑ k s ɑ	0
lääketaloustiede	l æː k eˣ t ɑ l o u s t i e̯ d eˣ	0
lääketarjotin	l æː k eˣ t ɑ r j o t i n	0
lääketehdas	l æː k eˣ t e h d ɑ s	7
lääketeknikko	l æː k eˣ t e k n i kː o	0
lääketeollisuus	l æː k eˣ t e o lː i s uː s	21
lääketiede	l æː k eˣ t i e̯ d eˣ	66
lääketoleranssi	l æː k eˣ t o l e r ɑ n sː i	0
lääketuotanto	l æː k eˣ t u o̯ t ɑ n t o	0
lääketurvallisuus	l æː k eˣ t u r ʋ ɑ lː i s uː s	1
lääketutkimus	l æː k eˣ t u t k i m u s	3
lääkevalmiste	l æː k eˣ ʋ ɑ l m i s t eˣ	7
lääkevalvonta	l æː k eˣ ʋ ɑ l ʋ o n t ɑ	1
lääkeviini	l æː k eˣ ʋ iː n i	0
lääkeyrtti	l æː k eˣ y r tː i	0
lääkintähelikopteri	l æː k i n t æ h e l i k o p t e r i	0
lääkintäjoukot	l æː k i n t æ j o u̯ k o t	0
lääkintöneuvos	l æː k i n t ø n e u̯ ʋ o s	3
lääkitä	l æː k i t æˣ	5
lääkäri	l æː k æ r i	587
lääkärikirja	l æː k æ r i k i r j ɑ	0
lääkärinammatti	l æː k æ r i n ɑ mː ɑ tː i	0
lääkärinlaukku	l æː k æ r i n l ɑ u̯ kː u	0
lääkärinlausunto	l æː k æ r i n l ɑ u̯ s u n t o	18
lääkärintarkastus	l æː k æ r i n t ɑ r k ɑ s t u s	7
lääkäripalsta	l æː k æ r i p ɑ l s t ɑ	1
lääkäripelko	l æː k æ r i p e l k o	0
lääneittäin	l æː n e i̯ tː æ i̯ n	9
lääni	l æː n i	31
lääninherra	l æː n i n h e rː ɑ	1
läänintaiteilija	l æː n i n t ɑ i̯ t e i̯ l i j ɑ	8
läänittää	l æː n i tː æːˣ	0
lääpälleen	l æː p æ lː eː n	0
lääpällään	l æː p æ lː æː n	0
läävä	l æː ʋ æ	1
löisi	l ø i̯ s i	5
löllingiitti	l ø lː i ŋː iː tː i	0
löperö	l ø p e r ø	0
löperösti	l ø p e r ø s t iˣ	0
löppönen	l ø pː ø n ɛ n	12
löpö	l ø p ø	2
lössi	l ø sː i	1
lössimaa	l ø sː i m ɑː	0
löyly	l ø y̯ l y	9
löylykauha	l ø y̯ l y k ɑ u̯ h ɑ	0
löystyminen	l ø y̯ s t y m i n e n	3
löytyminen	l ø y̯ t y m i n e n	54
löytymäisillään	l ø y̯ t y m æ i̯ s i lː æː n	1
löytyä	l ø y̯ t y æˣ	260
löytäminen	l ø y̯ t æ m i n e n	207
löytää	l ø y̯ t æːˣ	1406
löytö	l ø y̯ t ø	24
löytöilmoitus	l ø y̯ t ø i l m o i̯ t u s	0
löytökertomus	l ø y̯ t ø k e r t o m u s	0
löytöretkeily	l ø y̯ t ø r e t k e i̯ l y	1
löytövuosi	l ø y̯ t ø ʋ u o̯ s i	0
ma	m ɑ	380
maa	m ɑː	734
maadoittaa	m ɑː d o i̯ tː ɑːˣ	1
maadoittaminen	m ɑː d o i̯ tː ɑ m i n e n	1
maadoitus	m ɑː d o i̯ t u s	4
maaduttaa	m ɑː d u tː ɑːˣ	0
maaduttaminen	m ɑː d u tː ɑ m i n e n	0
maaefekti	m ɑː e f e k t i	0
maaekosysteemi	m ɑː e k o s y s t eː m i	0
maagi	m ɑː ɡ i	0
maagikko	m ɑː ɡ i kː o	0
maaginen	m ɑː ɡ i n e n	19
maahanlaskujoukot	m ɑː h ɑ n l ɑ s k u j o u̯ k o t	2
maahanmuuttokriittinen	m ɑː h ɑ n m uː tː o k r iː tː i n e n	0
maahanmuuttomyönteinen	m ɑː h ɑ n m uː tː o m y ø̯ n t e i̯ n e n	0
maahanmuuttovastainen	m ɑː h ɑ n m uː tː o ʋ ɑ s t ɑ i̯ n e n	0
maahanpaniaiset	m ɑː h ɑ n p ɑ n i ɑ i̯ s e t	0
maahansyöksy	m ɑː h ɑ n s y ø̯ k s y	0
maahantulopaikka	m ɑː h ɑ n t u l o p ɑ i̯ kː ɑ	0
maahockey	m ɑː h o kː e i̯	0
maailma	m ɑː i l m ɑ	748
maailmakokemus	m ɑː i l m ɑ k o k e m u s	0
maailman	m ɑː i l m ɑ n	2940
maailmancup	m ɑː i l m ɑ n k u p	4
maailmancup	m ɑː i l m ɑ n k ɑ p	4
maailmanennätys	m ɑː i l m ɑ n e nː æ t y s	6
maailmanhallitus	m ɑː i l m ɑ n h ɑ lː i t u s	2
maailmanhistoriallisesti	m ɑː i l m ɑ n h i s t o r i ɑ lː i s e s t iˣ	2
maailmanjärjestys	m ɑː i l m ɑ n j æ r j e s t y s	3
maailmankaikkeus	m ɑː i l m ɑ n k ɑ i̯ kː e u s	32
maailmankansalainen	m ɑː i l m ɑ n k ɑ n s ɑ l ɑ i̯ n e n	5
maailmankatsomuksellinen	m ɑː i l m ɑ n k ɑ t s o m u k s e lː i n e n	2
maailmankauppa	m ɑː i l m ɑ n k ɑ u̯ pː ɑ	3
maailmankieli	m ɑː i l m ɑ n k i e̯ l i	0
maailmankiertäjä	m ɑː i l m ɑ n k i e̯ r t æ j æ	0
maailmankokous	m ɑː i l m ɑ n k o k o u s	1
maailmankongressi	m ɑː i l m ɑ n k o ŋ r e sː i	6
maailmankuulu	m ɑː i l m ɑ n k uː l u	12
maailmankuuluisuus	m ɑː i l m ɑ n k uː l u i̯ s uː s	0
maailmankylä	m ɑː i l m ɑ n k y l æ	1
maailmankäsitys	m ɑː i l m ɑ n k æ s i t y s	1
maailmanmaine	m ɑː i l m ɑ n m ɑ i̯ n eˣ	0
maailmanmarkkinat	m ɑː i l m ɑ n m ɑ r kː i n ɑ t	3
maailmanmenestys	m ɑː i l m ɑ n m e n e s t y s	3
maailmanmestaruuskisa	m ɑː i l m ɑ n m e s t ɑ r uː s k i s ɑ	0
maailmanmielinen	m ɑː i l m ɑ n m i e̯ l i n e n	0
maailmanmies	m ɑː i l m ɑ n m i e̯ s	0
maailmanmusiikki	m ɑː i l m ɑ n m u s iː kː i	2
maailmannainen	m ɑː i l m ɑ n n ɑ i̯ n e n	1
maailmanpalo	m ɑː i l m ɑ n p ɑ l o	0
maailmanparantaja	m ɑː i l m ɑ n p ɑ r ɑ n t ɑ j ɑ	0
maailmanpatsas	m ɑː i l m ɑ n p ɑ t s ɑ s	0
maailmanperintö	m ɑː i l m ɑ n p e r i n t ø	1
maailmanpoliittinen	m ɑː i l m ɑ n p o l iː tː i n e n	2
maailmanpolitiikka	m ɑː i l m ɑ n p o l i t iː kː ɑ	2
maailmanranta	m ɑː i l m ɑ n r ɑ n t ɑ	0
maailmanselitys	m ɑː i l m ɑ n s e l i t y s	0
maailmansota	m ɑː i l m ɑ n s o t ɑ	32
maailmantapahtuma	m ɑː i l m ɑ n t ɑ p ɑ h t u m ɑ	0
maailmantilanne	m ɑː i l m ɑ n t i l ɑ nː eˣ	4
maailmantilasto	m ɑː i l m ɑ n t i l ɑ s t o	0
maailmantähti	m ɑː i l m ɑ n t æ h t i	1
maailmanvalloitus	m ɑː i l m ɑ n ʋ ɑ lː o i̯ t u s	3
maailmanympärimatka	m ɑː i l m ɑ n y m p æ r i m ɑ t k ɑ	0
maailmanympäripurjehdus	m ɑː i l m ɑ n y m p æ r i p u r j e h d u s	1
maajauhe	m ɑː j ɑ u̯ h eˣ	0
maajohdin	m ɑː j o h d i n	0
maajoukkuepaita	m ɑː j o u̯ kː u eˣ p ɑ i̯ t ɑ	1
maakaasulöytö	m ɑː k ɑː s u l ø y̯ t ø	0
maakauppa	m ɑː k ɑ u̯ pː ɑ	7
maakellari	m ɑː k e lː ɑ r i	1
maakerros	m ɑː k e rː o s	3
maakimalainen	m ɑː k i m ɑ l ɑ i̯ n e n	0
maakolloidit	m ɑː k o lː o i̯ d i t	0
maakotka	m ɑː k o t k ɑ	2
maakuljetus	m ɑː k u l j e t u s	0
maakuntakaava	m ɑː k u n t ɑ k ɑː ʋ ɑ	42
maakuntakivi	m ɑː k u n t ɑ k i ʋ i	0
maakuntakäräjät	m ɑː k u n t ɑ k æ r æ j æ t	0
maakuntaliitto	m ɑː k u n t ɑ l iː tː o	42
maakuntamuseo	m ɑː k u n t ɑ m u s e o	30
maakuntaneuvos	m ɑː k u n t ɑ n e u̯ ʋ o s	1
maakuntapäivät	m ɑː k u n t ɑ p æ i̯ ʋ æ t	1
maakuntaruoka	m ɑː k u n t ɑ r u o̯ k ɑ	0
maakuoppa	m ɑː k u o̯ pː ɑ	0
maakäräjät	m ɑː k æ r æ j æ t	0
maalahtelainen	m ɑː l ɑ h t e l ɑ i̯ n e n	0
maalahti	m ɑː l ɑ h t i	4
maalaiselämä	m ɑː l ɑ i̯ s e l æ m æ	0
maalaisesti	m ɑː l ɑ i̯ s e s t iˣ	1
maalaisittain	m ɑː l ɑ i̯ s i tː ɑ i̯ n	0
maalaismaisesti	m ɑː l ɑ i̯ s m ɑ i̯ s e s t iˣ	0
maalaisolot	m ɑː l ɑ i̯ s o l o t	0
maalari	m ɑː l ɑ r i	24
maalarinteippi	m ɑː l ɑ r i n t e i̯ pː i	1
maalata	m ɑː l ɑ t ɑˣ	76
maalattaessa	m ɑː l ɑ tː ɑ e sː ɑ	4
maalauksellisesti	m ɑː l ɑ u k s e lː i s e s t iˣ	0
maalaus	m ɑː l ɑ u s	97
maalauskoristelu	m ɑː l ɑ u s k o r i s t e l u	3
maalausruisku	m ɑː l ɑ u s r u i̯ s k u	0
maalaustaide	m ɑː l ɑ u s t ɑ i̯ d eˣ	4
maalaustekniikka	m ɑː l ɑ u s t e k n iː kː ɑ	0
maalaustela	m ɑː l ɑ u s t e l ɑ	0
maalausteline	m ɑː l ɑ u s t e l i n eˣ	2
maalaustyö	m ɑː l ɑ u s t y ø̯	2
maalausväline	m ɑː l ɑ u s ʋ æ l i n eˣ	0
maalauttaa	m ɑː l ɑ u tː ɑːˣ	0
maali	m ɑː l i	202
maaliaine	m ɑː l i ɑ i̯ n eˣ	0
maalijauhe	m ɑː l i j ɑ u̯ h eˣ	0
maalikamera	m ɑː l i k ɑ m e r ɑ	1
maalikooste	m ɑː l i k oː s t eˣ	0
maalikuningas	m ɑː l i k u n i ŋː ɑ s	2
maalinpoistoaine	m ɑː l i n p o i̯ s t o ɑ i̯ n eˣ	1
maalintekopaikka	m ɑː l i n t e k o p ɑ i̯ kː ɑ	10
maalipotku	m ɑː l i p o t k u	1
maaliruisku	m ɑː l i r u i̯ s k u	0
maaliskuu	m ɑː l i s k uː	44
maalisvaalit	m ɑː l i s ʋ ɑː l i t	0
maalisyöttö	m ɑː l i s y ø̯ tː ø	1
maalitela	m ɑː l i t e l ɑ	0
maaliviiva	m ɑː l i ʋ iː ʋ ɑ	2
maallikkonimi	m ɑː lː i kː o n i m i	0
maallikkoveli	m ɑː lː i kː o ʋ e l i	0
maallinen	m ɑː lː i n e n	27
maaltamuutto	m ɑː l t ɑ m uː tː o	1
maalämpö	m ɑː l æ m p ø	12
maalämpöpumppu	m ɑː l æ m p ø p u m pː u	3
maalöytö	m ɑː l ø y̯ t ø	0
maametalli	m ɑː m e t ɑ lː i	0
maamiesseura	m ɑː m i e̯ s s e u̯ r ɑ	12
maamuna	m ɑː m u n ɑ	0
maanantai	m ɑː n ɑ n t ɑ i̯	93
maanantaiaamupäivä	m ɑː n ɑ n t ɑ i̯ ɑː m u p æ i̯ ʋ æ	0
maanantaipäivä	m ɑː n ɑ n t ɑ i̯ p æ i̯ ʋ æ	0
maaneuvos	m ɑː n e u̯ ʋ o s	1
maanisäkäs	m ɑː n i s æ k æ s	0
maankaltainen	m ɑː n k ɑ l t ɑ i̯ n e n	0
maankaltaistaa	m ɑː n k ɑ l t ɑ i̯ s t ɑːˣ	0
maankaltaistaminen	m ɑː n k ɑ l t ɑ i̯ s e m i n e n	0
maankuulu	m ɑː n k uː l u	5
maankäyttöluokka	m ɑː n k æ y̯ tː ø l u o̯ kː ɑ	0
maanläheinen	m ɑː n l æ h e i̯ n e n	10
maanmittaaja	m ɑː n m i tː ɑː j ɑ	0
maanmittausinsinööri	m ɑː n m i tː ɑ u s i n s i n øː r i	10
maanmittausneuvos	m ɑː n m i tː ɑ u s n e u̯ ʋ o s	0
maanmuokkausväline	m ɑː n m u o̯ kː ɑ u s ʋ æ l i n eˣ	0
maannousu	m ɑː n n o u̯ s u	0
maanopeus	m ɑː n o p e u s	0
maanosa	m ɑː n o s ɑ	8
maanpaine	m ɑː n p ɑ i̯ n eˣ	0
maanparannus	m ɑː n p ɑ r ɑ nː u s	0
maanparannusaine	m ɑː n p ɑ r ɑ nː u s ɑ i̯ n eˣ	1
maanpetoksellinen	m ɑː n p e t o k s e lː i n e n	0
maanpetos	m ɑː n p e t o s	1
maanpiiri	m ɑː n p iː r i	1
maanpuolustus	m ɑː n p u o̯ l u s t u s	12
maanpuolustustyö	m ɑː n p u o̯ l u s t u s t y ø̯	0
maanpuolustusvelvollisuus	m ɑː n p u o̯ l u s t u s ʋ e l ʋ o lː i s uː s	0
maanselkä	m ɑː n s e l k æ	2
maansiirto	m ɑː n s iː r t o	3
maansiirtoauto	m ɑː n s iː r t o ɑ u t o	0
maansiirtotyö	m ɑː n s iː r t o t y ø̯	0
maansuru	m ɑː n s u r u	0
maantaa	m ɑː n t ɑː	0
maantaa	m ɑː n t ɑːˣ	0
maantie	m ɑː n t i e̯	51
maantiejuna	m ɑː n t i e̯ j u n ɑ	0
maantiekuljetus	m ɑː n t i e̯ k u l j e t u s	0
maantieliikenne	m ɑː n t i e̯ l iː k e nː eˣ	3
maantieto	m ɑː n t i e̯ t o	22
maantietunneli	m ɑː n t i e̯ t u nː e l i	0
maantieverkosto	m ɑː n t i e̯ ʋ e r k o s t o	0
maanviljelysfysiikka	m ɑː n ʋ i l j e l y s f y s iː kː ɑ	0
maanviljelyskone	m ɑː n ʋ i l j e l y s k o n eˣ	0
maanviljelysneuvos	m ɑː n ʋ i l j e l y s n e u̯ ʋ o s	1
maanviljelystalous	m ɑː n ʋ i l j e l y s t ɑ l o u s	0
maanviljelystyö	m ɑː n ʋ i l j e l y s t y ø̯	0
maanviljelytiede	m ɑː n ʋ i l j e l y t i e̯ d eˣ	0
maanäyte	m ɑː n æ y̯ t eˣ	1
maapallo	m ɑː p ɑ lː o	47
maapato	m ɑː p ɑ t o	3
maaperäfysiikka	m ɑː p e r æ f y s iː kː ɑ	0
maaperäkartta	m ɑː p e r æ k ɑ r tː ɑ	3
maaperäkemia	m ɑː p e r æ k e m i ɑ	1
maapohja	m ɑː p o h j ɑ	13
maapolitiikka	m ɑː p o l i t iː kː ɑ	7
maapähkinäöljy	m ɑː p æ h k i n æ ø l j y	0
maapäivävaalit	m ɑː p æ i̯ ʋ æ ʋ ɑː l i t	0
maarakenne	m ɑː r ɑ k e nː eˣ	0
maarakennuskone	m ɑː r ɑ k e nː u s k o n eˣ	0
maarakennustyö	m ɑː r ɑ k e nː u s t y ø̯	0
maarekisteri	m ɑː r e k i s t e r i	0
maaret	m ɑː r e t	12
maaria	m ɑː r i ɑ	13
maarianhamina	m ɑː r i ɑ n h ɑ m i n ɑ	10
maarianhaminalainen	m ɑː r i ɑ n h ɑ m i n ɑ l ɑ i̯ n e n	0
maarianheinä	m ɑː r i ɑ n h e i̯ n æ	0
maarit	m ɑː r i t	166
maartti	m ɑː r tː i	0
maasauna	m ɑː s ɑ u̯ n ɑ	1
maasdamjuusto	m ɑː s d ɑ m j uː s t o	0
maaseutu	m ɑː s e u̯ t u	95
maaseutukulttuuri	m ɑː s e u̯ t u k u l tː uː r i	0
maaseutupolitiikka	m ɑː s e u̯ t u p o l i t iː kː ɑ	22
maasika	m ɑː s i k ɑ	0
maastoajo	m ɑː s t o ɑ j o	1
maastoauto	m ɑː s t o ɑ u t o	4
maastoesteratsastus	m ɑː s t o e s t eˣ r ɑ t s ɑ s t u s	0
maastohiihto	m ɑː s t o h iː h t o	2
maastoitse	m ɑː s t o i̯ t s eˣ	0
maastopyörä	m ɑː s t o p y ø̯ r æ	3
maastotutkimus	m ɑː s t o t u t k i m u s	0
maastouttaa	m ɑː s t o u tː ɑːˣ	0
maata	m ɑː t ɑ	881
maata	m ɑː t ɑˣ	881
maataide	m ɑː t ɑ i̯ d eˣ	1
maataistelukone	m ɑː t ɑ i̯ s t e l u k o n eˣ	0
maatalous	m ɑː t ɑ l o u s	94
maatalousala	m ɑː t ɑ l o u s ɑ l ɑ	3
maatalousalue	m ɑː t ɑ l o u s ɑ l u eˣ	1
maatalouskirjanpito	m ɑː t ɑ l o u s k i r j ɑ n p i t o	0
maatalouskone	m ɑː t ɑ l o u s k o n eˣ	0
maatalousmaa	m ɑː t ɑ l o u s m ɑː	0
maatalousnäyttely	m ɑː t ɑ l o u s n æ y̯ tː e l y	2
maatalousrakennus	m ɑː t ɑ l o u s r ɑ k e nː u s	0
maataloustuote	m ɑː t ɑ l o u s t u o̯ t eˣ	0
maataloustuottaja	m ɑː t ɑ l o u s t u o̯ tː ɑ j ɑ	0
maataloustyö	m ɑː t ɑ l o u s t y ø̯	1
maatalousvaltainen	m ɑː t ɑ l o u s ʋ ɑ l t ɑ i̯ n e n	5
maatalousyhteiskunta	m ɑː t ɑ l o u s y h t e i̯ s k u n t ɑ	0
maatiaiskarja	m ɑː t i ɑ i̯ s k ɑ r j ɑ	0
maatilatalous	m ɑː t i l ɑ t ɑ l o u s	5
maattaa	m ɑː tː ɑːˣ	0
maattaminen	m ɑː tː ɑ m i n e n	0
maatua	m ɑː t u ɑˣ	1
maatuminen	m ɑː t u m i n e n	2
maatunnus	m ɑː t u nː u s	2
maatyö	m ɑː t y ø̯	1
maatyömies	m ɑː t y ø̯ m i e̯ s	1
maatähti	m ɑː t æ h t i	0
maatäyte	m ɑː t æ y̯ t eˣ	0
maavalli	m ɑː ʋ ɑ lː i	2
maavarsi	m ɑː ʋ ɑ r s i	1
maavesi	m ɑː ʋ e s i	1
maayhteys	m ɑː y h t e y s	2
macaron	m ɑ k ɑ r o̞ n	0
machomies	m ɑ k h o m i e̯ s	0
machomies	m ɑ t ʃ o m i e̯ s	0
madari	m ɑ d ɑ r i	0
made	m ɑ d eˣ	25
madekeitto	m ɑ d eˣ k e i̯ tː o	1
madeleine	m ɑ d e l ɑ i̯ n	9
madonhäätö	m ɑ d o n h æː t ø	0
madonluku	m ɑ d o n l u k u	0
mafinen	m ɑ f i n e n	1
magenta	m ɑ ɡ e n t ɑ	6
maglev	m ɑ ɡ l e ʋ i	0
magmakivilaji	m ɑ ɡ m ɑ k i ʋ i l ɑ j i	0
magneetiton	m ɑ ŋ n eː t i t o n	0
magneetiton	m ɑ ɡ n eː t i t o n	0
magneetittomuus	m ɑ ŋ n eː t i tː o m uː s	0
magneetittomuus	m ɑ ɡ n eː t i tː o m uː s	0
magneetti	m ɑ ŋ n eː tː i	8
magneetti	m ɑ ɡ n eː tː i	8
magneettiaisti	m ɑ ŋ n eː tː i ɑ i̯ s t i	0
magneettikenttä	m ɑ ŋ n eː tː i k e n tː æ	29
magneettikenttä	m ɑ ɡ n eː tː i k e n tː æ	29
magneettikortti	m ɑ ŋ n eː tː i k o r tː i	0
magneettikortti	m ɑ ɡ n eː tː i k o r tː i	0
magneettikuva	m ɑ ŋ n eː tː i k u ʋ ɑ	1
magneettikuva	m ɑ ɡ n eː tː i k u ʋ ɑ	1
magneettilevy	m ɑ ŋ n eː tː i l e ʋ y	0
magneettilevy	m ɑ ɡ n eː tː i l e ʋ y	0
magneettisekoittaja	m ɑ ŋ n eː tː i s e k o i̯ tː ɑ j ɑ	1
magneettisekoittaja	m ɑ ɡ n eː tː i s e k o i̯ tː ɑ j ɑ	1
magneettivahvistin	m ɑ ŋ n eː tː i ʋ ɑ h ʋ i s t i n	0
magneettivahvistin	m ɑ ɡ n eː tː i ʋ ɑ h ʋ i s t i n	0
magneettiventtiili	m ɑ ŋ n eː tː i ʋ e n tː iː l i	2
magneettiventtiili	m ɑ ɡ n eː tː i ʋ e n tː iː l i	2
magneettivoima	m ɑ ŋ n eː tː i ʋ o i̯ m ɑ	0
magneettivoima	m ɑ ɡ n eː tː i ʋ o i̯ m ɑ	0
magnetoituma	m ɑ ɡ n e t o i̯ t u m ɑ	0
magnetometria	m ɑ ɡ n e t o m e t r i ɑ	0
magnetopaussi	m ɑ ɡ n e t o p ɑ u sː i	0
magnetroni	m ɑ ɡ n e t r o n i	0
maha	m ɑ h ɑ	10
mahanalus	m ɑ h ɑ n ɑ l u s	1
mahanportti	m ɑ h ɑ n p o r tː i	0
mahapalkka	m ɑ h ɑ p ɑ l kː ɑ	0
maharadža	m ɑ h ɑ r ɑ d ʒ ɑ	0
mahavyö	m ɑ h ɑ ʋ y ø̯	0
mahdikkaasti	m ɑ h d i kː ɑː s t iˣ	0
mahdollinen	m ɑ h d o lː i n e n	1000
mahdollisesti	m ɑ h d o lː i s e s t iˣ	1533
mahduttaa	m ɑ h d u tː ɑːˣ	10
mahla	m ɑ h l ɑ	1
mahonkinen	m ɑ h o ŋ k i n e n	0
mahorkka	m ɑ h o r kː ɑ	0
mahtaa	m ɑ h t ɑːˣ	38
mahtailevasti	m ɑ h t ɑ i̯ l e ʋ ɑ s t iˣ	0
mahtavasti	m ɑ h t ɑ ʋ ɑ s t iˣ	6
mahti	m ɑ h t i	20
mahtiasema	m ɑ h t i ɑ s e m ɑ	0
mahtipontisesti	m ɑ h t i p o n t i s e s t iˣ	2
mahtua	m ɑ h t u ɑˣ	22
maihari	m ɑ i̯ h ɑ r i	0
maihinnousu	m ɑ i̯ h i n n o u̯ s u	20
maihinnousukortti	m ɑ i̯ h i n n o u̯ s u k o r tː i	0
maihinnousuportaat	m ɑ i̯ h i n n o u̯ s u p o r t ɑː t	0
maihinnousuportti	m ɑ i̯ h i n n o u̯ s u p o r tː i	0
maihinnoususilta	m ɑ i̯ h i n n o u̯ s u s i l t ɑ	0
maihinnousutakki	m ɑ i̯ h i n n o u̯ s u t ɑ kː i	0
maija	m ɑ i̯ j ɑ	429
maijala	m ɑ i̯ j ɑ l ɑ	19
maiju	m ɑ i̯ j u	34
maikka	m ɑ i̯ kː ɑ	1
maikki	m ɑ i̯ kː i	19
maila	m ɑ i̯ l ɑ	47
mailapeli	m ɑ i̯ l ɑ p e l i	3
mailis	m ɑ i̯ l i s	13
mainari	m ɑ i̯ n ɑ r i	0
maine	m e i̯ n	122
maine	m ɑ i̯ n e	122
maine	m ɑ i̯ n eˣ	122
maineikkaasti	m ɑ i̯ n e i̯ kː ɑː s t iˣ	0
maininta	m ɑ i̯ n i n t ɑ	164
mainita	m ɑ i̯ n i t ɑˣ	505
mainittako	m ɑ i̯ n i tː ɑ k oˣ	0
mainittakoon	m ɑ i̯ n i tː ɑ k oː n	244
mainittavasti	m ɑ i̯ n i tː ɑ ʋ ɑ s t iˣ	8
mainonnallisesti	m ɑ i̯ n o nː ɑ lː i s e s t iˣ	0
mainos	m ɑ i̯ n o s	71
mainosarvo	m ɑ i̯ n o s ɑ r ʋ o	2
mainosdokumentti	m ɑ i̯ n o s d o k u m e n tː i	0
mainosgrafiikka	m ɑ i̯ n o s ɡ r ɑ f iː kː ɑ	1
mainoskatko	m ɑ i̯ n o s k ɑ t k o	0
mainoskilpi	m ɑ i̯ n o s k i l p i	0
mainoskuva	m ɑ i̯ n o s k u ʋ ɑ	4
mainosohjelma	m ɑ i̯ n o s o h j e l m ɑ	0
mainosrumpu	m ɑ i̯ n o s r u m p u	0
mainossisältö	m ɑ i̯ n o s s i s æ l t ø	0
mainostaa	m ɑ i̯ n o s t ɑːˣ	67
mainostauko	m ɑ i̯ n o s t ɑ u̯ k o	0
maire	m ɑ i̯ r e	46
maireasti	m ɑ i̯ r e ɑ s t iˣ	1
mairitella	m ɑ i̯ r i t e lː ɑˣ	0
mairittelevasti	m ɑ i̯ r i tː e l e ʋ ɑ s t iˣ	1
maisema	m ɑ i̯ s e m ɑ	125
maisemaekologi	m ɑ i̯ s e m ɑ e k o l o ɡ i	0
maisemaikkuna	m ɑ i̯ s e m ɑ i kː u n ɑ	0
maisemallinen	m ɑ i̯ s e m ɑ lː i n e n	12
maisemanhoito	m ɑ i̯ s e m ɑ n h o i̯ t o	6
maiskahtaa	m ɑ i̯ s k ɑ h t ɑːˣ	0
maiskauttaa	m ɑ i̯ s k ɑ u tː ɑːˣ	0
maiskutella	m ɑ i̯ s k u t e lː ɑˣ	0
maiskuttaa	m ɑ i̯ s k u tː ɑːˣ	0
maissi	m ɑ i̯ sː i	15
maissikoira	m ɑ i̯ sː i k o i̯ r ɑ	0
maissipelto	m ɑ i̯ sː i p e l t o	0
maissipuuro	m ɑ i̯ sː i p uː r o	1
maistaa	m ɑ i̯ s t ɑːˣ	33
maistajaiset	m ɑ i̯ s t ɑ j ɑ i̯ s e t	2
maistaminen	m ɑ i̯ s t ɑ m i n e n	2
maisteri	m ɑ i̯ s t e r i	178
maisterinsormus	m ɑ i̯ s t e r i n s o r m u s	0
maisterintutkinto	m ɑ i̯ s t e r i n t u t k i n t o	4
maisteriohjelma	m ɑ i̯ s t e r i o h j e l m ɑ	11
maistraatti	m ɑ i̯ s t r ɑː tː i	43
maito	m ɑ i̯ t o	109
maitoastia	m ɑ i̯ t o ɑ s t i ɑ	0
maitoauto	m ɑ i̯ t o ɑ u t o	2
maitohappokäyminen	m ɑ i̯ t o h ɑ pː o k æ y̯ m i n e n	2
maitohome	m ɑ i̯ t o h o m eˣ	0
maitohuone	m ɑ i̯ t o h u o̯ n eˣ	0
maitojuna	m ɑ i̯ t o j u n ɑ	1
maitojuoma	m ɑ i̯ t o j u o̯ m ɑ	0
maitojuusto	m ɑ i̯ t o j uː s t o	0
maitojyvä	m ɑ i̯ t o j y ʋ æ	0
maitokalkki	m ɑ i̯ t o k ɑ l kː i	0
maitokamari	m ɑ i̯ t o k ɑ m ɑ r i	1
maitokammio	m ɑ i̯ t o k ɑ mː i o	0
maitokannu	m ɑ i̯ t o k ɑ nː u	0
maitokeitto	m ɑ i̯ t o k e i̯ tː o	0
maitokiintiö	m ɑ i̯ t o k iː n t i ø	1
maitokiisseli	m ɑ i̯ t o k iː sː e l i	0
maitokivi	m ɑ i̯ t o k i ʋ i	0
maitokuume	m ɑ i̯ t o k uː m eˣ	0
maitolaituri	m ɑ i̯ t o l ɑ i̯ t u r i	0
maitolava	m ɑ i̯ t o l ɑ ʋ ɑ	0
maitolitra	m ɑ i̯ t o l i t r ɑ	2
maitomylly	m ɑ i̯ t o m y lː y	0
maitopisara	m ɑ i̯ t o p i s ɑ r ɑ	0
maitoporsas	m ɑ i̯ t o p o r s ɑ s	0
maitoproteiini	m ɑ i̯ t o p r o t e i̯ː n i	0
maitopurkki	m ɑ i̯ t o p u r kː i	1
maitopuu	m ɑ i̯ t o p uː	0
maitopystö	m ɑ i̯ t o p y s t ø	0
maitorahka	m ɑ i̯ t o r ɑ h k ɑ	3
maitorakkula	m ɑ i̯ t o r ɑ kː u l ɑ	0
maitorauhastulehdus	m ɑ i̯ t o r ɑ u̯ h ɑ s t u l e h d u s	0
maitoravinto	m ɑ i̯ t o r ɑ ʋ i n t o	0
maitoruoka	m ɑ i̯ t o r u o̯ k ɑ	0
maitoruokinta	m ɑ i̯ t o r u o̯ k i n t ɑ	0
maitosieni	m ɑ i̯ t o s i e̯ n i	0
maitosokerihäiriö	m ɑ i̯ t o s o k e r i h æ i̯ r i ø	0
maitotalous	m ɑ i̯ t o t ɑ l o u s	0
maitotaloustuote	m ɑ i̯ t o t ɑ l o u s t u o̯ t eˣ	0
maitoteknologia	m ɑ i̯ t o t e k n o l o ɡ i ɑ	1
maitoteollisuus	m ɑ i̯ t o t e o lː i s uː s	0
maitotiehyt	m ɑ i̯ t o t i e̯ h y t	0
maitotiiviste	m ɑ i̯ t o t iː ʋ i s t eˣ	0
maitotili	m ɑ i̯ t o t i l i	0
maitotilkka	m ɑ i̯ t o t i l kː ɑ	1
maitotinki	m ɑ i̯ t o t i ŋ k i	0
maitotonkka	m ɑ i̯ t o t o ŋ kː ɑ	0
maitotuote	m ɑ i̯ t o t u o̯ t eˣ	0
maitotuotos	m ɑ i̯ t o t u o̯ t o s	8
maitovalmiste	m ɑ i̯ t o ʋ ɑ l m i s t eˣ	1
maitovelli	m ɑ i̯ t o ʋ e lː i	0
maitse	m ɑ i̯ t s eˣ	24
maittain	m ɑ i̯ tː ɑ i̯ n	33
maiva	m ɑ i̯ ʋ ɑ	0
maja	m ɑ j ɑ	37
majaa	m ɑ j ɑː	12
majakka	m ɑ j ɑ kː ɑ	66
majakkalyhty	m ɑ j ɑ kː ɑ l y h t y	0
majava	m ɑ j ɑ ʋ ɑ	10
majoittaminen	m ɑ j o i̯ tː ɑ m i n e n	3
majoitusalue	m ɑ j o i̯ t u s ɑ l u eˣ	3
majoitusliike	m ɑ j o i̯ t u s l iː k eˣ	3
majolika	m ɑ j o l i k ɑ	0
majoneesi	m ɑ j o n eː s i	1
majorantti	m ɑ j o r ɑ n tː i	0
majuri	m ɑ j u r i	54
makaaminen	m ɑ k ɑː m i n e n	2
makaroni	m ɑ k ɑ r o n i	0
makaronilaatikko	m ɑ k ɑ r o n i l ɑː t i kː o	1
makauttaa	m ɑ k ɑ u tː ɑːˣ	0
makea	m ɑ k e ɑ	41
makeamanteli	m ɑ k e ɑ m ɑ n t e l i	0
makeavesi	m ɑ k e ɑ ʋ e s i	0
makeilla	m ɑ k e i̯ lː ɑˣ	0
makeinen	m ɑ k e i̯ n e n	1
makeuttaminen	m ɑ k e u tː ɑ m i n e n	0
makeutusaine	m ɑ k e u t u s ɑ i̯ n eˣ	2
makkara	m ɑ kː ɑ r ɑ	15
makkarakeitto	m ɑ kː ɑ r ɑ k e i̯ tː o	0
makkarakioski	m ɑ kː ɑ r ɑ k i o s k i	0
makkaranvalmistus	m ɑ kː ɑ r ɑ n ʋ ɑ l m i s t u s	0
makkaranviipale	m ɑ kː ɑ r ɑ n ʋ iː p ɑ l eˣ	0
makkarapala	m ɑ kː ɑ r ɑ p ɑ l ɑ	0
makkarapata	m ɑ kː ɑ r ɑ p ɑ t ɑ	0
makkarapötkö	m ɑ kː ɑ r ɑ p ø t k ø	0
makkarasarvi	m ɑ kː ɑ r ɑ s ɑ r ʋ i	0
makkaratikku	m ɑ kː ɑ r ɑ t i kː u	0
makkaraviipale	m ɑ kː ɑ r ɑ ʋ iː p ɑ l eˣ	0
makkaravoileipä	m ɑ kː ɑ r ɑ ʋ o i̯ l e i̯ p æ	0
makkeli	m ɑ kː e l i	0
makki	m ɑ kː i	1
makkonen	m ɑ kː o n e n	57
mako	m ɑ k o	6
makoinen	m ɑ k o i̯ n e n	0
makrofossiilianalyysi	m ɑ k r o f o sː iː l i ɑ n ɑ l yː s i	0
makrorakenne	m ɑ k r o r ɑ k e nː eˣ	0
maksa	m ɑ k s ɑ	157
maksa	m ɑ k s ɑˣ	157
maksaa	m ɑ k s ɑː	2044
maksaa	m ɑ k s ɑːˣ	2044
maksalaatikko	m ɑ k s ɑ l ɑː t i kː o	2
maksaläikkä	m ɑ k s ɑ l æ i̯ kː æ	0
maksaläiskä	m ɑ k s ɑ l æ i̯ s k æ	0
maksamasta	m ɑ k s ɑ m ɑ s t ɑ	17
maksamato	m ɑ k s ɑ m ɑ t o	0
maksansiirto	m ɑ k s ɑ n s iː r t o	0
maksapatee	m ɑ k s ɑ p ɑ t eː	0
maksapihvi	m ɑ k s ɑ p i h ʋ i	0
maksaruoho	m ɑ k s ɑ r u o̯ h o	0
maksasairaus	m ɑ k s ɑ s ɑ i̯ r ɑ u s	5
maksasammal	m ɑ k s ɑ s ɑ mː ɑ l	0
maksattaa	m ɑ k s ɑ tː ɑːˣ	5
maksatäplä	m ɑ k s ɑ t æ p l æ	0
maksilla	m ɑ k s i lː ɑ	2
maksillaarinen	m ɑ k s i lː ɑː r i n e n	0
maksimiarvo	m ɑ k s i m i ɑ r ʋ o	1
maksimifunktio	m ɑ k s i m i f u ŋ k t i o	0
maksimikoko	m ɑ k s i m i k o k o	11
maksimikortti	m ɑ k s i m i k o r tː i	1
maksimimäärä	m ɑ k s i m i m æː r æ	12
maksimituntimäärä	m ɑ k s i m i t u n t i m æː r æ	0
maksuaikakortti	m ɑ k s u ɑ i̯ k ɑ k o r tː i	2
maksuhäiriö	m ɑ k s u h æ i̯ r i ø	3
maksuhäiriömerkintä	m ɑ k s u h æ i̯ r i ø m e r k i n t æ	4
maksukausi	m ɑ k s u k ɑ u̯ s i	3
maksukehotus	m ɑ k s u k e h o t u s	3
maksunsaaja	m ɑ k s u n s ɑː j ɑ	0
maksupalvelu	m ɑ k s u p ɑ l ʋ e l u	7
maksupalvelusopimus	m ɑ k s u p ɑ l ʋ e l u s o p i m u s	0
maksupääte	m ɑ k s u p æː t eˣ	2
maksusitoumus	m ɑ k s u s i t o u m u s	16
maksusuoritus	m ɑ k s u s u o̯ r i t u s	2
maksutapahtuma	m ɑ k s u t ɑ p ɑ h t u m ɑ	1
maksuttomasti	m ɑ k s u tː o m ɑ s t iˣ	15
maksuunpanna	m ɑ k s uː n p ɑ nː ɑˣ	0
maku	m ɑ k u	184
makuaine	m ɑ k u ɑ i̯ n eˣ	1
makuaisti	m ɑ k u ɑ i̯ s t i	2
makusiirappi	m ɑ k u s iː r ɑ pː i	0
makustella	m ɑ k u s t e lː ɑˣ	0
makuualusta	m ɑ k uː ɑ l u s t ɑ	3
makuulava	m ɑ k uː l ɑ ʋ ɑ	0
makuuttaa	m ɑ k uː tː ɑːˣ	1
malaattisyntaasi	m ɑ l ɑː tː i s y n t ɑː s i	0
malagaviini	m ɑ l ɑ ɡ ɑ ʋ iː n i	0
malakologia	m ɑ l ɑ k o l o ɡ i ɑ	0
malawi	m ɑ l ɑ w i	2
malediivit	m ɑ l e d iː ʋ i t	0
malinen	m ɑ l i n e n	50
malja	m ɑ l j ɑ	30
maljapuhe	m ɑ l j ɑ p u h eˣ	1
maljasieni	m ɑ l j ɑ s i e̯ n i	0
malka	m ɑ l k ɑ	1
malkakatto	m ɑ l k ɑ k ɑ tː o	0
malkamaanantai	m ɑ l k ɑ m ɑː n ɑ n t ɑ i̯	0
malla	m ɑ lː ɑ	11
mallas	m ɑ lː ɑ s	5
mallassauna	m ɑ lː ɑ s s ɑ u̯ n ɑ	0
malli	m ɑ lː i	820
mallikelpoisesti	m ɑ lː i k e l p o i̯ s e s t iˣ	7
mallikerta	m ɑ lː i k e r t ɑ	0
mallikirja	m ɑ lː i k i r j ɑ	0
malline	m ɑ lː i n eˣ	2
mallinrakennus	m ɑ lː i n r ɑ k e nː u s	2
mallintaa	m ɑ lː i n t ɑːˣ	36
mallioikeus	m ɑ lː i o i̯ k e u s	12
mallioppilas	m ɑ lː i o pː i l ɑ s	3
mallipiirustus	m ɑ lː i p iː r u s t u s	0
mallirekisteri	m ɑ lː i r e k i s t e r i	0
malliteoria	m ɑ lː i t e o r i ɑ	1
mallittaa	m ɑ lː i tː ɑːˣ	9
malmi	m ɑ l m i	29
malmialue	m ɑ l m i ɑ l u eˣ	0
malmiesiintymä	m ɑ l m i e s iː n t y m æ	0
malmigeologi	m ɑ l m i ɡ e o l o ɡ i	0
malmigeologia	m ɑ l m i ɡ e o l o ɡ i ɑ	1
malmijuoni	m ɑ l m i j u o̯ n i	0
malmikaivos	m ɑ l m i k ɑ i̯ ʋ o s	0
malmikenttä	m ɑ l m i k e n tː æ	0
malmikerros	m ɑ l m i k e rː o s	0
malmikerrostuma	m ɑ l m i k e rː o s t u m ɑ	0
malmikivi	m ɑ l m i k i ʋ i	1
malmikoira	m ɑ l m i k o i̯ r ɑ	0
malmilöydös	m ɑ l m i l ø y̯ d ø s	0
malmimineraali	m ɑ l m i m i n e r ɑː l i	0
malmimuodostuma	m ɑ l m i m u o̯ d o s t u m ɑ	0
malminetsintä	m ɑ l m i n e t s i n t æ	3
malminlouhinta	m ɑ l m i n l o u̯ h i n t ɑ	0
malminrikastamo	m ɑ l m i n r i k ɑ s t ɑ m o	0
malminrikastus	m ɑ l m i n r i k ɑ s t u s	0
malminäyte	m ɑ l m i n æ y̯ t eˣ	0
malmipitoinen	m ɑ l m i p i t o i̯ n e n	1
malmipitoisuus	m ɑ l m i p i t o i̯ s uː s	0
malmirikaste	m ɑ l m i r i k ɑ s t eˣ	1
malmisuoni	m ɑ l m i s u o̯ n i	0
malmivarat	m ɑ l m i ʋ ɑ r ɑ t	2
malonaatti	m ɑ l o n ɑː tː i	0
maloppi	m ɑ l o pː i	0
malspiikki	m ɑ l s p iː kː i	0
malta	m ɑ l t ɑ	36
maltalainen	m ɑ l t ɑ l ɑ i̯ n e n	0
maltanristi	m ɑ l t ɑ n r i s t i	0
maltillisuus	m ɑ l t i lː i s uː s	1
malto	m ɑ l t o	8
maltoosi	m ɑ l t oː s i	0
maltsa	m ɑ l t s ɑ	0
malttaa	m ɑ l tː ɑːˣ	17
maltti	m ɑ l tː i	16
malvikki	m ɑ l ʋ i kː i	0
malvio	m ɑ l ʋ i o	0
mamelukki	m ɑ m e l u kː i	1
mammanpoika	m ɑ mː ɑ n p o i̯ k ɑ	3
mammografia	m ɑ mː o ɡ r ɑ f i ɑ	2
mammona	m ɑ mː o n ɑ	5
mammuttipetäjä	m ɑ mː u tː i p e t æ j æ	0
mamsellimylly	m ɑ m s e lː i m y lː y	0
manageri	m ɑ n ɑ ɡ e r i	21
manala	m ɑ n ɑ l ɑ	3
manata	m ɑ n ɑ t ɑˣ	2
mandaattialue	m ɑ n d ɑː tː i ɑ l u eˣ	0
mandala	m ɑ n d ɑ l ɑ	0
mandariini	m ɑ n d ɑ r iː n i	2
mandibula	m ɑ n d i b u l ɑ	0
mandibulaarinen	m ɑ n d i b u l ɑː r i n e n	0
mandoliini	m ɑ n d o l iː n i	8
maneeri	m ɑ n eː r i	3
maneerimaisesti	m ɑ n eː r i m ɑ i̯ s e s t iˣ	0
mangaanirauta	m ɑ ŋː ɑː n i r ɑ u̯ t ɑ	0
manganiitti	m ɑ ŋː ɑ n iː tː i	0
mangolassi	m ɑ ŋː o l ɑ sː i	0
mangostani	m ɑ ŋː o s t ɑ n i	0
mangrove	m ɑ ŋ r o̞ ʋ e̞	1
mangrovemetsä	m ɑ ŋ r o ʋ e m e t s æ	1
manifestaatio	m ɑ n i f e s t ɑː t i o	1
manikyyri	m ɑ n i k yː r i	0
maniokki	m ɑ n i o kː i	0
manipuloida	m ɑ n i p u l o i̯ d ɑˣ	17
manitoba	m ɑ n i t o b ɑ	1
mankka	m ɑ ŋ kː ɑ	0
mannaani	m ɑ nː ɑː n i	0
mannasokeri	m ɑ nː ɑ s o k e r i	0
manne	m ɑ nː e	5
mannekiinikoulu	m ɑ nː e k iː n i k o u̯ l u	1
manner	m ɑ nː e r	34
mannerheim	m ɑ nː e r h e i̯ m	91
mannerlaatta	m ɑ nː e r l ɑː tː ɑ	0
mannermaisesti	m ɑ nː e r m ɑ i̯ s e s t iˣ	0
manninen	m ɑ nː i n e n	108
mannoosi	m ɑ nː oː s i	0
manometri	m ɑ n o m e t r i	1
manse	m ɑ n s e	0
mansikankukka	m ɑ n s i k ɑ n k u kː ɑ	0
mansikka	m ɑ n s i kː ɑ	27
mansikkahillo	m ɑ n s i kː ɑ h i lː o	1
mansikkainen	m ɑ n s i kː ɑ i̯ n e n	1
mansikkakakku	m ɑ n s i kː ɑ k ɑ kː u	2
mansikkakeitto	m ɑ n s i kː ɑ k e i̯ tː o	0
mansikkamaa	m ɑ n s i kː ɑ m ɑː	3
mansikkamaito	m ɑ n s i kː ɑ m ɑ i̯ t o	0
mansikkamehu	m ɑ n s i kː ɑ m e h u	1
mansikkapaikka	m ɑ n s i kː ɑ p ɑ i̯ kː ɑ	1
mansikkapelto	m ɑ n s i kː ɑ p e l t o	0
mansikkapenkki	m ɑ n s i kː ɑ p e ŋ kː i	0
mansikkapiirakka	m ɑ n s i kː ɑ p iː r ɑ kː ɑ	0
mansikkaviljelys	m ɑ n s i kː ɑ ʋ i l j e l y s	0
manteli	m ɑ n t e l i	4
mantelikivi	m ɑ n t e l i k i ʋ i	0
mantelilastu	m ɑ n t e l i l ɑ s t u	0
mantelimaito	m ɑ n t e l i m ɑ i̯ t o	0
mantelivoi	m ɑ n t e l i ʋ o i̯	0
manteliöljy	m ɑ n t e l i ø l j y	1
mantere	m ɑ n t e r eˣ	13
manto	m ɑ n t o	1
mantsa	m ɑ n t s ɑ	0
mantu	m ɑ n t u	12
manu	m ɑ n u	36
manumissio	m ɑ n u m i sː i o	0
manööveri	m ɑ n øː ʋ e r i	3
mara	m ɑ r ɑ	13
marasmi	m ɑ r ɑ s m i	0
marathi	m ɑ r ɑ t h i	0
maratti	m ɑ r ɑ tː i	0
marenki	m ɑ r e ŋ k i	0
mareografi	m ɑ r e o ɡ r ɑ f i	2
margareeta	m ɑ r ɡ ɑ r eː t ɑ	4
margareetta	m ɑ r ɡ ɑ r eː tː ɑ	1
marhaminta	m ɑ r h ɑ m i n t ɑ	0
mari	m ɑ r i	171
maria	m ɑ r i ɑ	477
marianna	m ɑ r i ɑ nː ɑ	10
marianne	m ɑ r i ɑ nː e	56
marianpäivä	m ɑ r i ɑ n p æ i̯ ʋ æ	0
mariia	m ɑ r iː ɑ	1
mariitta	m ɑ r iː tː ɑ	1
marika	m ɑ r i k ɑ	59
marina	m ɑ r i n ɑ	40
marinadi	m ɑ r i n ɑ d i	4
marita	m ɑ r i t ɑ	74
maritta	m ɑ r i tː ɑ	59
marja	m ɑ r j ɑ	445
marjaana	m ɑ r j ɑː n ɑ	47
marjamehu	m ɑ r j ɑ m e h u	0
marjamämmi	m ɑ r j ɑ m æ mː i	0
marjanpuhdistin	m ɑ r j ɑ n p u h d i s t i n	0
marjapensas	m ɑ r j ɑ p e n s ɑ s	0
marjapiirakka	m ɑ r j ɑ p iː r ɑ kː ɑ	0
marjapussi	m ɑ r j ɑ p u sː i	0
marjapuuro	m ɑ r j ɑ p uː r o	0
marjatta	m ɑ r j ɑ tː ɑ	220
marjavuosi	m ɑ r j ɑ ʋ u o̯ s i	0
marjo	m ɑ r j o	132
marjoa	m ɑ r j o ɑˣ	1
marjukka	m ɑ r j u kː ɑ	36
marjut	m ɑ r j u t	58
markasiitti	m ɑ r k ɑ s iː tː i	0
marketta	m ɑ r k e tː ɑ	43
marketti	m ɑ r k e tː i	1
markiisi	m ɑ r k iː s i	6
markiisitar	m ɑ r k iː s i t ɑ r	1
markka	m ɑ r kː ɑ	72
markkeerata	m ɑ r kː eː r ɑ t ɑˣ	0
markkinahäiriö	m ɑ r kː i n ɑ h æ i̯ r i ø	1
markkinakauppias	m ɑ r kː i n ɑ k ɑ u̯ pː i ɑ s	0
markkinakausi	m ɑ r kː i n ɑ k ɑ u̯ s i	0
markkinakorko	m ɑ r kː i n ɑ k o r k o	0
markkinaraha	m ɑ r kː i n ɑ r ɑ h ɑ	1
markkinariski	m ɑ r kː i n ɑ r i s k i	3
markkinavoimat	m ɑ r kː i n ɑ ʋ o i̯ m ɑ t	20
markkinoida	m ɑ r kː i n o i̯ d ɑˣ	86
markku	m ɑ r kː u	1103
markkula	m ɑ r kː u l ɑ	19
marko	m ɑ r k o	495
marksilainen	m ɑ r k s i l ɑ i̯ n e n	0
markus	m ɑ r k u s	386
marleena	m ɑ r l eː n ɑ	3
marmelaadi	m ɑ r m e l ɑː d i	0
marmelaati	m ɑ r m e l ɑː t i	0
marmeladi	m ɑ r m e l ɑː d i	2
marmori	m ɑ r m o r i	9
marmorikivi	m ɑ r m o r i k i ʋ i	0
marmorointi	m ɑ r m o r o i̯ n t i	1
marokkolainen	m ɑ r o kː o l ɑ i̯ n e n	4
marosi	m ɑ r o s i	0
marras	m ɑ rː ɑ s	1
marraskesi	m ɑ rː ɑ s k e s i	0
marraskuu	m ɑ rː ɑ s k uː	31
mars	m ɑ r s	28
marsalkka	m ɑ r s ɑ l kː ɑ	27
marshrutka	m ɑ r sˑ r u t̪ˑ k ɑ	0
marsilainen	m ɑ r s i l ɑ i̯ n e n	0
marsipaani	m ɑ r s i p ɑː n i	1
marski	m ɑ r s k i	6
marssi	m ɑ r sː i	35
marssi	m ɑ r sː iˣ	35
marssia	m ɑ r sː i ɑˣ	12
marssittaa	m ɑ r sː i tː ɑːˣ	3
marsupium	m ɑ r s u p i u m	0
martinpäivä	m ɑ r t i n p æ i̯ ʋ æ	0
martta	m ɑ r tː ɑ	42
martti	m ɑ r tː i	632
marttila	m ɑ r tː i l ɑ	37
marttilalainen	m ɑ r tː i l ɑ l ɑ i̯ n e n	1
marttinen	m ɑ r tː i n e n	32
maruna	m ɑ r u n ɑ	0
maryjane	m eː r i d ʒ e i̯ n	0
maryjane	m ɑ r y j ɑ n e	0
maryland	m eː r i l æ n d	4
masa	m ɑ s ɑ	29
mascarpone	m ɑ s k ɑ r p oː n e	0
masennus	m ɑ s e nː u s	78
masennuskausi	m ɑ s e nː u s k ɑ u̯ s i	1
masennuslääke	m ɑ s e nː u s l æː k eˣ	5
masentaa	m ɑ s e n t ɑːˣ	20
masentuneesti	m ɑ s e n t u n eː s t iˣ	0
maser	m ɑː s e r	0
masiina	m ɑ s iː n ɑ	2
masinointi	m ɑ s i n o i̯ n t i	0
maskara	m ɑ s k ɑ r ɑ	0
maskeerata	m ɑ s k eː r ɑ t ɑˣ	0
maski	m ɑ s k i	26
maskifilmi	m ɑ s k i f i l m i	0
maskotti	m ɑ s k o tː i	4
masku	m ɑ s k u	4
maskulainen	m ɑ s k u l ɑ i̯ n e n	2
maskuliini	m ɑ s k u l iː n i	0
masmalo	m ɑ s m ɑ l o	1
masokismi	m ɑ s o k i s m i	0
masokisti	m ɑ s o k i s t i	3
masokistinen	m ɑ s o k i s t i n e n	1
masokistisesti	m ɑ s o k i s t i s e s t iˣ	1
massachusetts	m æ s æ t ʃ uː s e t s	3
massachusetts	m æ s æ t ʃ yː s e t s	3
massachusetts	m ɑ s ɑ t ʃ uː s e t s	3
massadata	m ɑ sː ɑ d ɑ t ɑ	0
massalaji	m ɑ sː ɑ l ɑ j i	0
massaluku	m ɑ sː ɑ l u k u	1
massamuutto	m ɑ sː ɑ m uː tː o	0
massaprosentti	m ɑ sː ɑ p r o s e n tː i	0
massaprosenttinen	m ɑ sː ɑ p r o s e n tː i n e n	0
massasuhde	m ɑ sː ɑ s u h d eˣ	0
massatuotanto	m ɑ sː ɑ t u o̯ t ɑ n t o	3
massiivi	m ɑ sː iː ʋ i	0
massiivinen	m ɑ sː iː ʋ i n e n	53
massoitella	m ɑ sː o i̯ t e lː ɑˣ	0
masteroida	m ɑ s t e r o i̯ d ɑˣ	1
mastiffi	m ɑ s t i fː i	1
mastiitti	m ɑ s t iː tː i	0
masto	m ɑ s t o	16
mastodontti	m ɑ s t o d o n tː i	1
masturbaatio	m ɑ s t u r b ɑː t i o	1
masu	m ɑ s u	10
masuuni	m ɑ s uː n i	6
masuunikaasu	m ɑ s uː n i k ɑː s u	1
mataa	m ɑ t ɑːˣ	2
matadori	m ɑ t ɑ d o r i	0
matala	m ɑ t ɑ l ɑ	223
matalaenergiatalo	m ɑ t ɑ l ɑ e n e r ɡ i ɑ t ɑ l o	0
matalalla	m ɑ t ɑ l ɑ lː ɑ	66
matalalle	m ɑ t ɑ l ɑ lː eˣ	12
matalalta	m ɑ t ɑ l ɑ l t ɑ	8
matalameri	m ɑ t ɑ l ɑ m e r i	0
matalamielisesti	m ɑ t ɑ l ɑ m i e̯ l i s e s t iˣ	0
matalapaineturbiini	m ɑ t ɑ l ɑ p ɑ i̯ n eˣ t u r b iː n i	0
mataleena	m ɑ t ɑ l eː n ɑ	1
mataloittaa	m ɑ t ɑ l o i̯ tː ɑːˣ	0
mataluus	m ɑ t ɑ l uː s	8
matara	m ɑ t ɑ r ɑ	1
matelevasti	m ɑ t e l e ʋ ɑ s t iˣ	0
matelija	m ɑ t e l i j ɑ	6
matematiikanopettaja	m ɑ t e m ɑ t iː k ɑ n o p e tː ɑ j ɑ	1
matematiikka	m ɑ t e m ɑ t iː kː ɑ	183
matematiikkakone	m ɑ t e m ɑ t iː kː ɑ k o n eˣ	0
matematiikkasuoritin	m ɑ t e m ɑ t iː kː ɑ s u o̯ r i t i n	0
materiaalietu	m ɑ t e r i ɑː l i e t u	0
materiaalitiede	m ɑ t e r i ɑː l i t i e̯ d eˣ	1
materiaalitoiminnot	m ɑ t e r i ɑː l i t o i̯ m i nː o t	2
materialisti	m ɑ t e r i ɑ l i s t i	0
materialistinen	m ɑ t e r i ɑ l i s t i n e n	3
matias	m ɑ t i ɑ s	48
matikka	m ɑ t i kː ɑ	13
matilda	m ɑ t i l d ɑ	17
matjessilli	m ɑ t j e s s i lː i	0
matka	m ɑ t k ɑ	901
matkailija	m ɑ t k ɑ i̯ l i j ɑ	26
matkailu	m ɑ t k ɑ i̯ l u	167
matkailuelinkeino	m ɑ t k ɑ i̯ l u e l i n k e i̯ n o	2
matkailullisesti	m ɑ t k ɑ i̯ l u lː i s e s t iˣ	11
matkailuneuvos	m ɑ t k ɑ i̯ l u n e u̯ ʋ o s	0
matkailutie	m ɑ t k ɑ i̯ l u t i e̯	4
matkailutulot	m ɑ t k ɑ i̯ l u t u l o t	2
matkakortti	m ɑ t k ɑ k o r tː i	13
matkakorvaus	m ɑ t k ɑ k o r ʋ ɑ u s	4
matkakuva	m ɑ t k ɑ k u ʋ ɑ	0
matkakuvaus	m ɑ t k ɑ k u ʋ ɑ u s	0
matkalaukkuelämä	m ɑ t k ɑ l ɑ u̯ kː u e l æ m æ	0
matkalaukkulapsi	m ɑ t k ɑ l ɑ u̯ kː u l ɑ p s i	0
matkapassi	m ɑ t k ɑ p ɑ sː i	2
matkapuhelin	m ɑ t k ɑ p u h e l i n	45
matkapäivä	m ɑ t k ɑ p æ i̯ ʋ æ	4
matkaradio	m ɑ t k ɑ r ɑ d i o	0
matkaraha	m ɑ t k ɑ r ɑ h ɑ	0
matkasilitysrauta	m ɑ t k ɑ s i l i t y s r ɑ u̯ t ɑ	0
matkasänky	m ɑ t k ɑ s æ ŋ k y	4
matkata	m ɑ t k ɑ t ɑˣ	11
matkateltta	m ɑ t k ɑ t e l tː ɑ	0
matkatuoli	m ɑ t k ɑ t u o̯ l i	0
matkavalmis	m ɑ t k ɑ ʋ ɑ l m i s	0
matkavalokuvaus	m ɑ t k ɑ ʋ ɑ l o k u ʋ ɑ u s	0
matkavene	m ɑ t k ɑ ʋ e n eˣ	0
matkiminen	m ɑ t k i m i n e n	3
matkimistaito	m ɑ t k i m i s t ɑ i̯ t o	0
matkustajalautta	m ɑ t k u s t ɑ j ɑ l ɑ u̯ tː ɑ	0
matkustajasilta	m ɑ t k u s t ɑ j ɑ s i l t ɑ	0
matkustajaterminaali	m ɑ t k u s t ɑ j ɑ t e r m i n ɑː l i	1
matkustella	m ɑ t k u s t e lː ɑˣ	11
matleena	m ɑ t l eː n ɑ	11
mato	m ɑ t o	32
matoastia	m ɑ t o ɑ s t i ɑ	0
matokomposti	m ɑ t o k o m p o s t i	2
matokompostori	m ɑ t o k o m p o s t o r i	0
matokuuri	m ɑ t o k uː r i	2
matokäärme	m ɑ t o k æː r m eˣ	0
matosyötti	m ɑ t o s y ø̯ tː i	0
matriisi	m ɑ t r iː s i	20
matriisialgebra	m ɑ t r iː s i ɑ l ɡ e b r ɑ	1
matriisielementti	m ɑ t r iː s i e l e m e n tː i	0
matriisinormi	m ɑ t r iː s i n o r m i	0
matriisitulo	m ɑ t r iː s i t u l o	0
matriisiyhtälö	m ɑ t r iː s i y h t æ l ø	0
matrikkelitieto	m ɑ t r i kː e l i t i e̯ t o	0
matsi	m ɑ t s i	20
mattalakka	m ɑ tː ɑ l ɑ kː ɑ	0
mattapaperi	m ɑ tː ɑ p ɑ p e r i	0
matteus	m ɑ tː e u s	12
matti	m ɑ tː i	1831
mattias	m ɑ tː i ɑ s	7
mattiasema	m ɑ tː i ɑ s e m ɑ	0
mattila	m ɑ tː i l ɑ	180
mattoharja	m ɑ tː o h ɑ r j ɑ	0
mattopiiska	m ɑ tː o p iː s k ɑ	0
mattoteline	m ɑ tː o t e l i n eˣ	0
maturiteetti	m ɑ t u r i t eː tː i	0
maukas	m ɑ u̯ k ɑ s	29
mauno	m ɑ u̯ n o	103
maunu	m ɑ u̯ n u	56
mauri	m ɑ u̯ r i	211
maustaa	m ɑ u̯ s t ɑːˣ	13
mauste	m ɑ u̯ s t eˣ	10
mausteastia	m ɑ u̯ s t eˣ ɑ s t i ɑ	0
maustehylly	m ɑ u̯ s t eˣ h y lː y	1
maustekastike	m ɑ u̯ s t eˣ k ɑ s t i k eˣ	0
maustekasvi	m ɑ u̯ s t eˣ k ɑ s ʋ i	1
mausteneilikka	m ɑ u̯ s t eˣ n e i̯ l i kː ɑ	1
maustepippuri	m ɑ u̯ s t eˣ p i pː u r i	1
mausteteline	m ɑ u̯ s t eˣ t e l i n eˣ	0
mauton	m ɑ u̯ t o n	8
me	m e	3053
meanderinauha	m e ɑ n d e r i n ɑ u̯ h ɑ	0
mebitavu	m e b i t ɑ ʋ u	0
mediakeskus	m e d i ɑ k e s k u s	23
mediataiteilija	m e d i ɑ t ɑ i̯ t e i̯ l i j ɑ	2
medievalismi	m e d i e ʋ ɑ l i s m i	0
medikaani	m e d i k ɑː n i	0
meeri	m eː r i	12
meetvursti	m eː t ʋ u r s t i	0
mega	m e ɡ ɑ	8
megabitti	m e ɡ ɑ b i tː i	2
megajoule	m e ɡ ɑ j o u̯ l e	0
megaloblasti	m e ɡ ɑ l o b l ɑ s t i	0
megapikseli	m e ɡ ɑ p i k s e l i	0
mehevästi	m e h e ʋ æ s t iˣ	2
mehevöittää	m e h e ʋ ø i̯ tː æːˣ	1
mehikasvi	m e h i k ɑ s ʋ i	0
mehilehti	m e h i l e h t i	0
mehilehtinen	m e h i l e h t i n e n	0
mehiläinen	m e h i l æ i̯ n e n	13
mehiläisleipä	m e h i l æ i̯ s l e i̯ p æ	0
mehiläispako	m e h i l æ i̯ s p ɑ k o	0
mehiläisvaha	m e h i l æ i̯ s ʋ ɑ h ɑ	1
mehiruusuke	m e h i r uː s u k eˣ	0
mehu	m e h u	37
mehujää	m e h u j æː	0
mehukas	m e h u k ɑ s	3
mehukeitto	m e h u k e i̯ tː o	0
mehukkaasti	m e h u kː ɑː s t iˣ	1
mehulinko	m e h u l i ŋ k o	0
mehumaija	m e h u m ɑ i̯ j ɑ	0
mehupuristin	m e h u p u r i s t i n	0
mehustella	m e h u s t e lː ɑˣ	0
meidän	m e i̯ d æ n	2682
meidänlaisemme	m e i̯ d æ n l ɑ i̯ s e mː e	0
meihin	m e i̯ h i n	242
meijeritalous	m e i̯ j e r i t ɑ l o u s	0
meikinpoistoaine	m e i̯ k i n p o i̯ s t o ɑ i̯ n eˣ	0
meikkaaja	m e i̯ kː ɑː j ɑ	0
meikki	m e i̯ kː i	3
meikkilasit	m e i̯ kː i l ɑ s i t	0
meikkilaukku	m e i̯ kː i l ɑ u̯ kː u	0
meikkivoide	m e i̯ kː i ʋ o i̯ d eˣ	0
meiksi	m e i̯ k s i	0
meikäläisittäin	m e i̯ k æ l æ i̯ s i tː æ i̯ n	2
meille	m e i̯ lː eˣ	2176
meiltä	m e i̯ l t æ	613
meinata	m e i̯ n ɑ t ɑˣ	1
meinä	m e i̯ n æ	0
meirami	m e i̯ r ɑ m i	3
meislata	m e i̯ s l ɑ t ɑˣ	0
meissä	m e i̯ sː æ	123
meisto	m e i̯ s t o	0
meistä	m e i̯ s t æ	485
meitsi	m e i̯ t s i	5
meittä	m e i̯ tː æ	0
meitä	m e i̯ t æ	1126
mekaniikka	m e k ɑ n iː kː ɑ	22
mekatroninen	m e k ɑ t r o n i n e n	0
meksiko	m e k s i k o	14
meksikolainen	m e k s i k o l ɑ i̯ n e n	5
meksikonlokki	m e k s i k o n l o kː i	0
mela	m e l ɑ	36
melanoidi	m e l ɑ n o i̯ d i	0
melanosomi	m e l ɑ n o s o m i	0
melassisokeri	m e l ɑ sː i s o k e r i	0
meleerata	m e l eː r ɑ t ɑˣ	0
melkoinen	m e l k o i̯ n e n	177
mellakkapoliisi	m e lː ɑ kː ɑ p o l iː s i	1
mellakoija	m e lː ɑ k o i̯ j ɑ	0
mellastus	m e lː ɑ s t u s	0
mellottua	m e lː o tː u ɑˣ	0
mellotusuuni	m e lː o t u s uː n i	0
meloa	m e l o ɑˣ	12
melodia	m e l o d i ɑ	24
melodinen	m e l o d i n e n	14
meloja	m e l o j ɑ	10
melominen	m e l o m i n e n	2
meloni	m e l o n i	1
meluaita	m e l u ɑ i̯ t ɑ	2
menehdyksiin	m e n e h d y k s iː n	0
menehdyksissä	m e n e h d y k s i sː æ	0
menehdyksissään	m e n e h d y k s i sː æː n	0
menehtyminen	m e n e h t y m i n e n	2
meneillä	m e n e i̯ lː æ	3
menekin	m e n e k i n	18
menekin	m e n e kː i n	18
menekkivaikeudet	m e n e kː i ʋ ɑ i̯ k e u d e t	0
meneminen	m e n e m i n e n	20
menestyä	m e n e s t y æˣ	81
menetellä	m e n e t e lː æˣ	67
menetelmätiede	m e n e t e l m æ t i e̯ d eˣ	2
menettäminen	m e n e tː æ m i n e n	27
menettää	m e n e tː æ ʔ	250
meningeaalinen	m e n i ŋː e ɑː l i n e n	0
meningeooma	m e n i ŋː e oː m ɑ	0
meningoenkefaliitti	m e n i ŋː o e ŋ k e f ɑ l iː tː i	0
meniski	m e n i s k i	0
menkat	m e ŋ k ɑ t	1
mennessä	m e nː e sː æ	4167
menninkäinen	m e nː i ŋ k æ i̯ n e n	6
mennä	m e nː æˣ	883
menoerä	m e n o e r æ	18
menopaluu	m e n o p ɑ l uː	6
menopaluumatka	m e n o p ɑ l uː m ɑ t k ɑ	0
menot	m e n o t	302
mentolisavuke	m e n t o l i s ɑ ʋ u k eˣ	0
menu	m e n u	22
menu	m e n yː	22
menyy	m e n yː	0
merasin	m e r ɑ s i n	0
mereinen	m e r e i̯ n e n	1
merenkulkuala	m e r e n k u l k u ɑ l ɑ	1
merenkulkulaitos	m e r e n k u l k u l ɑ i̯ t o s	28
merenkulkuneuvos	m e r e n k u l k u n e u̯ ʋ o s	5
merenkulkusäännöt	m e r e n k u l k u s æː nː ø t	0
merenkulkutaito	m e r e n k u l k u t ɑ i̯ t o	0
merenmittaus	m e r e n m i tː ɑ u s	0
merenmittausalus	m e r e n m i tː ɑ u s ɑ l u s	0
merenneito	m e r e n n e i̯ t o	3
merenpinta	m e r e n p i n t ɑ	5
merensaari	m e r e n s ɑː r i	0
merensuojelu	m e r e n s u o̯ j e l u	0
merentuoksu	m e r e n t u o̯ k s u	0
merentutkimusalus	m e r e n t u t k i m u s ɑ l u s	1
merenulappa	m e r e n u l ɑ pː ɑ	0
merenvihreä	m e r e n ʋ i h r e æ	0
meri	m e r i	128
merialue	m e r i ɑ l u eˣ	6
merialus	m e r i ɑ l u s	0
meriarkeologi	m e r i ɑ r k e o l o ɡ i	1
meribiologi	m e r i b i o l o ɡ i	1
meribiologia	m e r i b i o l o ɡ i ɑ	0
meriekologi	m e r i e k o l o ɡ i	0
merielämä	m e r i e l æ m æ	0
meriensuojelu	m e r i e n s u o̯ j e l u	1
merijärveläinen	m e r i j æ r ʋ e l æ i̯ n e n	0
merijärvi	m e r i j æ r ʋ i	2
merijärvinen	m e r i j æ r ʋ i n e n	1
merikaapeli	m e r i k ɑː p e l i	0
merikalastus	m e r i k ɑ l ɑ s t u s	3
merikapteeni	m e r i k ɑ p t eː n i	10
merikarvia	m e r i k ɑ r ʋ i ɑ	7
merikarvialainen	m e r i k ɑ r ʋ i ɑ l ɑ i̯ n e n	0
merikuljetus	m e r i k u l j e t u s	0
merilappalainen	m e r i l ɑ pː ɑ l ɑ i̯ n e n	0
merilevä	m e r i l e ʋ æ	1
meriliikenne	m e r i l iː k e nː eˣ	3
merilinnoitus	m e r i l i nː o i̯ t u s	5
merilukki	m e r i l u kː i	0
merimieslakki	m e r i m i e̯ s l ɑ kː i	0
merimiespuku	m e r i m i e̯ s p u k u	0
merimiestapa	m e r i m i e̯ s t ɑ p ɑ	0
merimiestyö	m e r i m i e̯ s t y ø̯	0
merioikeus	m e r i o i̯ k e u s	0
merionnettomuus	m e r i o nː e tː o m uː s	0
meripelastus	m e r i p e l ɑ s t u s	1
meripelastusalus	m e r i p e l ɑ s t u s ɑ l u s	0
meripelastushelikopteri	m e r i p e l ɑ s t u s h e l i k o p t e r i	0
meripeninkulma	m e r i p e n i n k u l m ɑ	0
merisara	m e r i s ɑ r ɑ	0
merisaunio	m e r i s ɑ u̯ n i o	0
merisavu	m e r i s ɑ ʋ u	0
meriselitys	m e r i s e l i t y s	0
meriskorpioni	m e r i s k o r p i o n i	0
meriskorpioni	m e r i s k o r pː i oː n i	0
meristeemi	m e r i s t eː m i	0
merisää	m e r i s æː	1
meritapahtuma	m e r i t ɑ p ɑ h t u m ɑ	0
meritekniikka	m e r i t e k n iː kː ɑ	0
meritiede	m e r i t i e̯ d eˣ	0
meritoitua	m e r i t o i̯ t u ɑˣ	0
merivahingonlaskija	m e r i ʋ ɑ h i ŋː o n l ɑ s k i j ɑ	0
merivahinko	m e r i ʋ ɑ h i ŋ k o	0
merivakuutus	m e r i ʋ ɑ k uː t u s	0
merivakuutusyhtiö	m e r i ʋ ɑ k uː t u s y h t i ø	0
merivartioalus	m e r i ʋ ɑ r t i o ɑ l u s	0
merivartioasema	m e r i ʋ ɑ r t i o ɑ s e m ɑ	2
merivesi	m e r i ʋ e s i	14
merivoitto	m e r i ʋ o i̯ tː o	0
meriväki	m e r i ʋ æ k i	0
merja	m e r j ɑ	290
merkantiilinen	m e r k ɑ n t iː l i n e n	0
merkantti	m e r k ɑ n tː i	7
merkeli	m e r k e l i	0
merkelikivi	m e r k e l i k i ʋ i	0
merkillisesti	m e r k i lː i s e s t iˣ	0
merkinantolaite	m e r k i n ɑ n t o l ɑ i̯ t eˣ	0
merkintunnistus	m e r k i n t u nː i s t u s	0
merkintähinta	m e r k i n t æ h i n t ɑ	17
merkintäpalkkio	m e r k i n t æ p ɑ l kː i o	3
merkintätapa	m e r k i n t æ t ɑ p ɑ	9
merkitsevästi	m e r k i t s e ʋ æ s t iˣ	44
merkittää	m e r k i tː æːˣ	0
merkityksetön	m e r k i t y k s e t ø n	21
merkitysero	m e r k i t y s e r o	1
merkitysopillinen	m e r k i t y s o p i lː i n e n	0
merkitysopillisesti	m e r k i t y s o p i lː i s e s t iˣ	0
merkityttää	m e r k i t y tː æːˣ	0
merkitä	m e r k i t æˣ	519
merkkausliina	m e r kː ɑ u s l iː n ɑ	0
merkki	m e r kː i	456
merkkiaine	m e r kː i ɑ i̯ n eˣ	6
merkkifarkut	m e r kː i f ɑ r k u t	0
merkkijono	m e r kː i j o n o	19
merkkikivi	m e r kː i k i ʋ i	0
merkkiluku	m e r kː i l u k u	0
merkkiryhmä	m e r kː i r y h m æ	0
merkkisääntö	m e r kː i s æː n t ø	0
merkkitesti	m e r kː i t e s t i	0
merkkivaate	m e r kː i ʋ ɑː t eˣ	0
merkkivalo	m e r kː i ʋ ɑ l o	15
merkkivuosi	m e r kː i ʋ u o̯ s i	3
merkkiväli	m e r kː i ʋ æ l i	0
merkkivälistys	m e r kː i ʋ æ l i s t y s	0
meromorfifunktio	m e r o m o r f i f u ŋ k t i o	0
merta	m e r t ɑ	54
mervi	m e r ʋ i	108
mesenaatti	m e s e n ɑː tː i	2
mesi	m e s i	3
mesiaalinen	m e s i ɑː l i n e n	0
mesiheinä	m e s i h e i̯ n æ	0
mesikaste	m e s i k ɑ s t eˣ	1
mesimäyrä	m e s i m æ y̯ r æ	0
mesmerismi	m e s m e r i s m i	1
mesofylli	m e s o f y lː i	0
mesokurtinen	m e s o k u r t i n e n	0
mesoskaala	m e s o s k ɑː l ɑ	0
mesota	m e s o t ɑˣ	0
mesoteliooma	m e s o t e l i oː m ɑ	0
messevä	m e sː e ʋ æ	0
messi	m e sː i	0
messianismi	m e sː i ɑ n i s m i	1
messiin	m e sː iː n	8
messingöinti	m e sː i ŋː ø i̯ n t i	0
messinkijuote	m e sː i ŋ k i j u o̯ t eˣ	0
messinkilevy	m e sː i ŋ k i l e ʋ y	0
messinkiruuvi	m e sː i ŋ k i r uː ʋ i	0
messinkityö	m e sː i ŋ k i t y ø̯	0
messissä	m e sː i sː æ	8
messukirja	m e sː u k i r j ɑ	1
mesta	m e s t ɑ	7
mestari	m e s t ɑ r i	159
mestarillisesti	m e s t ɑ r i lː i s e s t iˣ	3
mestaruuskisa	m e s t ɑ r uː s k i s ɑ	1
mestauspaikka	m e s t ɑ u s p ɑ i̯ kː ɑ	2
mestauttaa	m e s t ɑ u tː ɑːˣ	0
mesu	m e s u	0
met	m e t	17
metaani	m e t ɑː n i	6
metabasaltti	m e t ɑ b ɑ s ɑ l tː i	0
metabolismi	m e t ɑ b o l i s m i	1
metadata	m e t ɑ d ɑ t ɑ	9
metadoni	m e t ɑ d o n i	2
metakromaattinen	m e t ɑ k r o m ɑː tː i n e n	0
metakrylaatti	m e t ɑ k r y l ɑː tː i	0
metakryylihappo	m e t ɑ k r yː l i h ɑ pː o	2
metalli	m e t ɑ lː i	105
metalliala	m e t ɑ lː i ɑ l ɑ	11
metallijauhe	m e t ɑ lː i j ɑ u̯ h eˣ	0
metallikello	m e t ɑ lː i k e lː o	0
metallikiilto	m e t ɑ lː i k iː l t o	0
metallikirves	m e t ɑ lː i k i r ʋ e s	0
metalliladonta	m e t ɑ lː i l ɑ d o n t ɑ	0
metallilastu	m e t ɑ lː i l ɑ s t u	0
metallilevy	m e t ɑ lː i l e ʋ y	6
metallinkova	m e t ɑ lː i n k o ʋ ɑ	0
metallinvalu	m e t ɑ lː i n ʋ ɑ l u	1
metallipora	m e t ɑ lː i p o r ɑ	0
metallipöly	m e t ɑ lː i p ø l y	0
metalliraha	m e t ɑ lː i r ɑ h ɑ	0
metallirikas	m e t ɑ lː i r i k ɑ s	0
metallisaha	m e t ɑ lː i s ɑ h ɑ	0
metalliseppä	m e t ɑ lː i s e pː æ	1
metallisidos	m e t ɑ lː i s i d o s	0
metallisuola	m e t ɑ lː i s u o̯ l ɑ	0
metallitaide	m e t ɑ lː i t ɑ i̯ d eˣ	0
metallityö	m e t ɑ lː i t y ø̯	0
metallurginen	m e t ɑ lː u r ɡ i n e n	2
metamagnetismi	m e t ɑ m ɑ ɡ n e t i s m i	0
metamateriaali	m e t ɑ m ɑ t e r i ɑː l i	0
metameeri	m e t ɑ m eː r i	0
metapeliitti	m e t ɑ p e l iː tː i	0
metasomatoosi	m e t ɑ s o m ɑ t oː s i	0
metastabiili	m e t ɑ s t ɑ b iː l i	1
metelöidä	m e t e l ø i̯ d æˣ	1
metelöinti	m e t e l ø i̯ n t i	1
meteori	m e t e o r i	5
meteoriitti	m e t e o r iː tː i	8
meteoroidi	m e t e o r o i̯ d i	0
metioniinisyntaasi	m e t i o n iː n i s y n t ɑː s i	0
metionyyli	m e t i o n yː l i	0
metkasti	m e t k ɑ s t iˣ	0
metkuilla	m e t k u i̯ lː ɑˣ	0
metodisesti	m e t o d i s e s t iˣ	8
metodismi	m e t o d i s m i	0
metrijärjestelmä	m e t r i j æ r j e s t e l m æ	2
metris	m e t r i s	0
metristys	m e t r i s t y s	0
metristyvä	m e t r i s t y ʋ æ	0
metro	m e t r o	31
metroasema	m e t r o ɑ s e m ɑ	12
metroliikenne	m e t r o l iː k e nː eˣ	0
metrolinja	m e t r o l i n j ɑ	4
metrologi	m e t r o l o ɡ i	0
metrolta	m e t r o l t ɑ	0
metrorata	m e t r o r ɑ t ɑ	1
metrotunneli	m e t r o t u nː e l i	0
metrovaunu	m e t r o ʋ ɑ u̯ n u	0
metsikkökuvio	m e t s i kː ø k u ʋ i o	0
metsittäminen	m e t s i tː æ m i n e n	3
metso	m e t s o	88
metsokukko	m e t s o k u kː o	1
metsä	m e t s æ	234
metsäala	m e t s æ ɑ l ɑ	10
metsäalue	m e t s æ ɑ l u eˣ	15
metsäaukio	m e t s æ ɑ u k i o	0
metsäautotie	m e t s æ ɑ u t o t i e̯	5
metsäenergia	m e t s æ e n e r ɡ i ɑ	0
metsähiiri	m e t s æ h iː r i	3
metsäkaarti	m e t s æ k ɑː r t i	1
metsäkaartilainen	m e t s æ k ɑː r t i l ɑ i̯ n e n	0
metsäkato	m e t s æ k ɑ t o	0
metsäkirvinen	m e t s æ k i r ʋ i n e n	0
metsäkorte	m e t s æ k o r t eˣ	0
metsäkurjenpolvi	m e t s æ k u r j e n p o l ʋ i	0
metsäkämppä	m e t s æ k æ m pː æ	2
metsälainsäädäntö	m e t s æ l ɑ i̯ n s æː d æ n t ø	3
metsälaki	m e t s æ l ɑ k i	7
metsälappalainen	m e t s æ l ɑ pː ɑ l ɑ i̯ n e n	0
metsämaa	m e t s æ m ɑː	4
metsämänty	m e t s æ m æ n t y	0
metsäneuvos	m e t s æ n e u̯ ʋ o s	2
metsänhoidollisesti	m e t s æ n h o i̯ d o lː i s e s t iˣ	1
metsänhoitotiede	m e t s æ n h o i̯ t o t i e̯ d eˣ	2
metsänhoitotyö	m e t s æ n h o i̯ t o t y ø̯	0
metsänkaato	m e t s æ n k ɑː t o	0
metsäntutkimus	m e t s æ n t u t k i m u s	4
metsänviljely	m e t s æ n ʋ i l j e l y	1
metsäpalsta	m e t s æ p ɑ l s t ɑ	2
metsäpolku	m e t s æ p o l k u	7
metsärikas	m e t s æ r i k ɑ s	0
metsäsertifiointi	m e t s æ s e r t i f i o i̯ n t i	5
metsäsopuli	m e t s æ s o p u l i	2
metsästellä	m e t s æ s t e lː æˣ	0
metsästyshaukka	m e t s æ s t y s h ɑ u̯ kː ɑ	0
metsästyskortti	m e t s æ s t y s k o r tː i	2
metsästyslupa	m e t s æ s t y s l u p ɑ	0
metsästysseura	m e t s æ s t y s s e u̯ r ɑ	11
metsästäjänpihvi	m e t s æ s t æ j æ n p i h ʋ i	0
metsäsuunnittelu	m e t s æ s uː nː i tː e l u	5
metsätalousinsinööri	m e t s æ t ɑ l o u s i n s i n øː r i	12
metsätalousneuvos	m e t s æ t ɑ l o u s n e u̯ ʋ o s	0
metsätaloustiede	m e t s æ t ɑ l o u s t i e̯ d eˣ	0
metsätie	m e t s æ t i e̯	4
metsätila	m e t s æ t i l ɑ	3
metsätilanomistaja	m e t s æ t i l ɑ n o m i s t ɑ j ɑ	0
metsätulot	m e t s æ t u l o t	0
metsätyö	m e t s æ t y ø̯	9
metsätyöväline	m e t s æ t y ø̯ ʋ æ l i n eˣ	0
metsätähti	m e t s æ t æ h t i	8
metsävarat	m e t s æ ʋ ɑ r ɑ t	9
metsäympäristö	m e t s æ y m p æ r i s t ø	1
mette	m e tː e	2
metvursti	m eː t ʋ u r s t i	0
metyyliesteri	m e t yː l i e s t e r i	0
mezzoforte	m e t s o f o r tː e	0
mezzopiano	m e t s o p i ɑ n o	0
meänkieli	m e æ ŋ k i e l i	1
meänkielinen	m e æ ŋ k i e l i n e n	0
mi	m i	22
miami	m ɑ i̯ ɑ m i	3
miau	m i ɑ u	3
michigan	m i ʃ i ɡ ɑ n	6
mie	m i e̯	57
miedontaa	m i e̯ d o n t ɑː	1
miedontaa	m i e̯ d o n t ɑːˣ	1
miedontua	m i e̯ d o n t u ɑˣ	0
miedosti	m i e̯ d o s t iˣ	4
miehelä	m i e̯ h e l æ	0
miehennimi	m i e̯ h e n n i m i	0
miehevästi	m i e̯ h e ʋ æ s t iˣ	0
mieheys	m i e̯ h e y s	1
miehikkälä	m i e̯ h i kː æ l æ	2
miehikkäläinen	m i e̯ h i kː æ l æ i̯ n e n	0
miehikkäläläinen	m i e̯ h i kː æ l æ l æ i̯ n e n	0
miehistö	m i e̯ h i s t ø	53
miehistönkuljetusalus	m i e̯ h i s t ø n k u l j e t u s ɑ l u s	0
miehittyä	m i e̯ h i tː y æˣ	0
miehittäjä	m i e̯ h i tː æ j æ	3
miehittämätön	m i e̯ h i tː æ m æ t ø n	5
miehittää	m i e̯ h i tː æː	3
miehittää	m i e̯ h i tː æːˣ	3
miehitys	m i e̯ h i t y s	12
miehuullinen	m i e̯ h uː lː i n e n	0
miehuullisesti	m i e̯ h uː lː i s e s t iˣ	0
miehyys	m i e̯ h yː s	0
miekanhiontakivi	m i e̯ k ɑ n h i o n t ɑ k i ʋ i	0
miekka	m i e̯ kː ɑ	28
miekkailla	m i e̯ kː ɑ i̯ lː ɑˣ	0
miekkalilja	m i e̯ kː ɑ l i l j ɑ	0
miekkonen	m i e̯ kː o n e n	2
mieleen	m i e̯ l eː n	665
mielekäs	m i e̯ l e k æ s	51
mielellään	m i e̯ l e lː æː n	596
mieleltään	m i e̯ l e l t æː n	13
mielenfilosofia	m i e̯ l e n f i l o s o f i ɑ	2
mielenhäiriö	m i e̯ l e n h æ i̯ r i ø	1
mielenilmaisu	m i e̯ l e n i l m ɑ i̯ s u	1
mielenilmaus	m i e̯ l e n i l m ɑ u s	2
mielenkiinto	m i e̯ l e n k iː n t o	88
mielenlaatu	m i e̯ l e n l ɑː t u	7
mielenliikutus	m i e̯ l e n l iː k u t u s	2
mielenosoituksellisesti	m i e̯ l e n o s o i̯ t u k s e lː i s e s t iˣ	0
mielensäpahoittaja	m i e̯ l e n s æ p ɑ h o i̯ tː ɑ j ɑ	0
mielensäpahoittaja	m i e̯ l e n s æˣ p ɑ h o i̯ tː ɑ j ɑ	0
mielenterveydellinen	m i e̯ l e n t e r ʋ e y d e lː i n e n	0
mielenterveydellisesti	m i e̯ l e n t e r ʋ e y d e lː i s e s t iˣ	1
mielenterveys	m i e̯ l e n t e r ʋ e y s	41
mielenterveystoimisto	m i e̯ l e n t e r ʋ e y s t o i̯ m i s t o	7
mielenterveystyö	m i e̯ l e n t e r ʋ e y s t y ø̯	16
mielentilatutkimus	m i e̯ l e n t i l ɑ t u t k i m u s	1
mielestä	m i e̯ l e s t æ	2403
mielettä	m i e̯ l e tː æ	0
mieletön	m i e̯ l e t ø n	21
mielevä	m i e̯ l e ʋ æ	0
mielevästi	m i e̯ l e ʋ æ s t iˣ	0
mieli	m i e̯ l i	321
mielihyvin	m i e̯ l i h y ʋ i n	16
mieliin	m i e̯ l iː n	51
mielijohde	m i e̯ l i j o h d eˣ	1
mielikki	m i e̯ l i kː i	0
mielikseen	m i e̯ l i k s eː n	2
mielikuvakartta	m i e̯ l i k u ʋ ɑ k ɑ r tː ɑ	0
mielikuvamaailma	m i e̯ l i k u ʋ ɑ m ɑː i l m ɑ	0
mielikuvituksekkaasti	m i e̯ l i k u ʋ i t u k s e kː ɑː s t iˣ	0
mielikuvitukseton	m i e̯ l i k u ʋ i t u k s e t o n	1
mielikuvitus	m i e̯ l i k u ʋ i t u s	59
mielikuvitusleikki	m i e̯ l i k u ʋ i t u s l e i̯ kː i	0
mielikuvitusystävä	m i e̯ l i k u ʋ i t u s y s t æ ʋ æ	2
mielinkielin	m i e̯ l i ŋ k i e l i n	0
mielipideilmasto	m i e̯ l i p i d eˣ i l m ɑ s t o	0
mielipidekirjoitus	m i e̯ l i p i d eˣ k i r j o i̯ t u s	7
mielipidesivu	m i e̯ l i p i d eˣ s i ʋ u	0
mielipidetutkimus	m i e̯ l i p i d eˣ t u t k i m u s	5
mieliruoka	m i e̯ l i r u o̯ k ɑ	1
mielisairaalahoito	m i e̯ l i s ɑ i̯ r ɑː l ɑ h o i̯ t o	0
mielissään	m i e̯ l i sː æː n	14
mielistely	m i e̯ l i s t e l y	1
mielistyä	m i e̯ l i s t y æˣ	0
mielitellä	m i e̯ l i t e lː æˣ	0
mielitty	m i e̯ l i tː y	0
mielityö	m i e̯ l i t y ø̯	1
mielle	m i e̯ lː eˣ	4
miellekartta	m i e̯ lː eˣ k ɑ r tː ɑ	1
miellyttäminen	m i e̯ lː y tː æ m i n e n	0
miellyttävästi	m i e̯ lː y tː æ ʋ æ s t iˣ	15
mieltyminen	m i e̯ l t y m i n e n	0
mieltyä	m i e̯ l t y æˣ	1
mieltää	m i e̯ l t æː	40
mieltää	m i e̯ l t æːˣ	40
mieluinen	m i e̯ l u i̯ n e n	22
mieluisasti	m i e̯ l u i̯ s ɑ s t iˣ	2
mieluisesti	m i e̯ l u i̯ s e s t iˣ	0
mies	m i e̯ s	1668
mieshenkilö	m i e̯ s h e ŋ k i l ø	17
mieskohtaisesti	m i e̯ s k o h t ɑ i̯ s e s t iˣ	0
mieskunto	m i e̯ s k u n t o	0
mieskuoro	m i e̯ s k u o̯ r o	17
miesleski	m i e̯ s l e s k i	0
mieslukuisesti	m i e̯ s l u k u i̯ s e s t iˣ	0
miesmurha	m i e̯ s m u r h ɑ	0
miesmäisesti	m i e̯ s m æ i̯ s e s t iˣ	1
miesopettaja	m i e̯ s o p e tː ɑ j ɑ	0
miespiha	m i e̯ s p i h ɑ	0
miespuolinen	m i e̯ s p u o̯ l i n e n	5
miessukupuoli	m i e̯ s s u k u p u o̯ l i	1
miestappo	m i e̯ s t ɑ pː o	0
miestyöpäivä	m i e̯ s t y ø̯ p æ i̯ ʋ æ	0
miestyövoima	m i e̯ s t y ø̯ ʋ o i̯ m ɑ	1
miesvoima	m i e̯ s ʋ o i̯ m ɑ	0
miesväki	m i e̯ s ʋ æ k i	1
miesystävä	m i e̯ s y s t æ ʋ æ	1
miesääni	m i e̯ s æː n i	0
mietityttää	m i e̯ t i t y tː æːˣ	14
mieto	m i e̯ t o	31
mietous	m i e̯ t o u s	1
mietteliäästi	m i e̯ tː e l i æː s t iˣ	1
miettiminen	m i e̯ tː i m i n e n	13
miettinen	m i e̯ tː i n e n	133
miettiväisesti	m i e̯ tː i ʋ æ i̯ s e s t iˣ	0
miettiä	m i e̯ tː i æˣ	444
migreeni	m i ɡ r eː n i	36
migreenikohtaus	m i ɡ r eː n i k o h t ɑ u s	5
mihinkin	m i h i ŋ k i n	25
miia	m iː ɑ	76
miika	m iː k ɑ	90
miikka	m iː kː ɑ	45
miilu	m iː l u	0
miilunpoltto	m iː l u n p o l tː o	1
miimisesti	m iː m i s e s t iˣ	0
miina	m iː n ɑ	35
miinaharava	m iː n ɑ h ɑ r ɑ ʋ ɑ	0
miinanraivaus	m iː n ɑ n r ɑ i̯ ʋ ɑ u s	3
miinata	m iː n ɑ t ɑˣ	0
miinavene	m iː n ɑ ʋ e n eˣ	0
miinuslasit	m iː n u s l ɑ s i t	1
miinusmerkki	m iː n u s m e r kː i	3
miisa	m iː s ɑ	2
miitinki	m iː t i ŋ k i	0
miitti	m iː tː i	1
mika	m i k ɑ	843
mikael	m i k ɑ e l	155
mikaela	m i k ɑ e l ɑ	8
mikin	m i k i n	26
mikkeli	m i kː e l i	89
mikkeliläinen	m i kː e l i l æ i̯ n e n	5
mikkelinpäivä	m i kː e l i n p æ i̯ ʋ æ	1
mikko	m i kː o	1180
mikkola	m i kː o l ɑ	121
mikkonen	m i kː o n e n	84
miko	m i k o	2
mikro	m i k r o	40
mikroaalto	m i k r o ɑː l t o	1
mikroaaltouuni	m i k r o ɑː l t o uː n i	20
mikroateria	m i k r o ɑ t e r i ɑ	0
mikrobiekologi	m i k r o b i e k o l o ɡ i	0
mikrobiekologia	m i k r o b i e k o l o ɡ i ɑ	1
mikrobilääke	m i k r o b i l æː k eˣ	0
mikrobiomi	m i k r o b i o m i	0
mikrofilamentti	m i k r o f i l ɑ m e n tː i	1
mikrofluidistiikka	m i k r o f l u i̯ d i s t iː kː ɑ	0
mikrokoodi	m i k r o k oː d i	0
mikrokortti	m i k r o k o r tː i	0
mikrokäsky	m i k r o k æ s k y	0
mikrosekunti	m i k r o s e k u n tː i	1
mikroskooppi	m i k r o s k oː pː i	7
mikrosortsit	m i k r o s o r t s i t	0
mikroteknologia	m i k r o t e k n o l o ɡ i ɑ	0
mikrotietokone	m i k r o t i e̯ t o k o n eˣ	22
mikrotukihenkilö	m i k r o t u k i h e ŋ k i l ø	7
mikrouuni	m i k r o uː n i	0
mikrovalmistus	m i k r o ʋ ɑ l m i s t u s	0
miksata	m i k s ɑ t ɑˣ	2
miksaus	m i k s ɑ u s	4
miksolyydinen	m i k s o l yː d i n e n	0
miksotrofia	m i k s o t r o f i ɑ	0
mikä	m i k æ	7144
mikäkin	m i k æ k i n	19
mikään	m i k æː n	1055
mila	m i l ɑ	7
miliaarinen	m i l i ɑː r i n e n	0
militaarinen	m i l i t ɑː r i n e n	0
militarisoida	m i l i t ɑ r i s o i̯ d ɑˣ	0
militarisoitua	m i l i t ɑ r i s o i̯ t u ɑˣ	0
militääri	m i l i t æː r i	0
milja	m i l j ɑ	17
miljoonainen	m i l j oː n ɑ i̯ n e n	0
miljoonakala	m i l j oː n ɑ k ɑ l ɑ	1
miljoonakaupunki	m i l j oː n ɑ k ɑ u̯ p u ŋ k i	2
miljoonakutoja	m i l j oː n ɑ k u t o j ɑ	0
miljoonalaatikko	m i l j oː n ɑ l ɑː t i kː o	0
miljoonapalo	m i l j oː n ɑ p ɑ l o	0
miljoonasosa	m i l j oː n ɑ s o s ɑ	1
miljoonikko	m i l j oː n i kː o	0
miljöö	m i l j øː	32
miljöökuvaus	m i l j øː k u ʋ ɑ u s	2
milka	m i l k ɑ	12
milla	m i lː ɑ	59
millainen	m i lː ɑ i̯ n e n	454
milletinpäästäinen	m i lː e t i n p æː s t æ i̯ n e n	0
milliampeeri	m i lː i ɑ m p eː r i	0
milliampeeri	m i lː i ɑ m pː eː r i	0
millikaarisekunti	m i lː i k ɑː r i s e k u n t i	0
millikaarisekunti	m i lː i k ɑː r i s e k u n tː i	0
millisekunti	m i lː i s e k u n tː i	2
milloinka	m i lː o i̯ ŋ k ɑ	6
milloinkin	m i lː o i̯ ŋ k i n	53
millänsäkään	m i lː æ n s æ k æː n	4
milläänkään	m i lː æː ŋ k æː n	0
mimmi	m i mː i	13
mimmoinen	m i mː o i̯ n e n	0
mimoosamainen	m i m oː s ɑ m ɑ i̯ n e n	0
mimosa	m i m o s ɑ	1
mina	m i n ɑ	3
minariini	m i n ɑ r iː n i	0
mindanaonrotta	m i n d ɑ n ɑ o n r o tː ɑ	0
mindanaonrottasiili	m i n d ɑ n ɑ o n r o tː ɑ s iː l i	0
minea	m i n e ɑ	1
mineraali	m i n e r ɑː l i	14
mineraaliesiintymä	m i n e r ɑː l i e s iː n t y m æ	0
mineraalikuitu	m i n e r ɑː l i k u i̯ t u	0
mineraalinen	m i n e r ɑː l i n e n	0
mineraalipitoinen	m i n e r ɑː l i p i t o i̯ n e n	0
mineraalisuola	m i n e r ɑː l i s u o̯ l ɑ	0
mineraalivilla	m i n e r ɑː l i ʋ i lː ɑ	3
mineralisaatio	m i n e r ɑ l i s ɑː t i o	0
mineralogi	m i n e r ɑ l o ɡ i	0
minestronekeitto	m i n e s t r o n e k e i̯ tː o	0
mingreli	m i ŋ r e l i	0
miniatyyrikoko	m i n i ɑ t yː r i k o k o	0
miniatyyrikokoinen	m i n i ɑ t yː r i k o k o i̯ n e n	0
minimaalisesti	m i n i m ɑː l i s e s t iˣ	3
minimiarvo	m i n i m i ɑ r ʋ o	0
minimikoko	m i n i m i k o k o	11
minimimäärä	m i n i m i m æː r æ	8
minimipari	m i n i m i p ɑ r i	0
minimipolynomi	m i n i m i p o l y n o m i	1
minimisoiminen	m i n i m i s o i̯ m i n e n	0
minimivarianssi	m i n i m i ʋ ɑ r i ɑ n sː i	0
minipilleri	m i n i p i lː e r i	1
ministeri	m i n i s t e r i	207
ministerikausi	m i n i s t e r i k ɑ u̯ s i	0
ministeriö	m i n i s t e r i ø	128
minitietokone	m i n i t i e̯ t o k o n eˣ	0
minitopologia	m i n i t o p o l o ɡ i ɑ	0
miniä	m i n i æ	8
minja	m i n j ɑ	2
minkki	m i ŋ kː i	8
minkäkokoinen	m i ŋ k æ k o k o i̯ n e n	0
minkälainen	m i ŋ k æ l ɑ i̯ n e n	90
minkäluonteinen	m i ŋ k æ l u o̯ n t e i̯ n e n	0
minkämaalainen	m i ŋ k æ m ɑː l ɑ i̯ n e n	0
minkämakuinen	m i ŋ k æ m ɑ k u i̯ n e n	0
minkäniminen	m i ŋ k æ n i m i n e n	0
minkänäköinen	m i ŋ k æ n æ k ø i̯ n e n	0
minkävärinen	m i ŋ k æ ʋ æ r i n e n	1
minna	m i nː ɑ	483
minnekin	m i nː eˣ k i n	8
minnekä	m i nː eˣ k æ	0
minnesota	m i nː e s o t ɑ	5
minolainen	m i n o l ɑ i̯ n e n	0
minori	m i n o r i	0
minttu	m i n tː u	25
minttujäätelö	m i n tː u j æː t e l ø	0
minttukastike	m i n tː u k ɑ s t i k eˣ	0
minttusuklaa	m i n tː u s u k l ɑː	0
minttutee	m i n tː u t eː	0
mintunvihreä	m i n t u n ʋ i h r e æ	0
minua	m i n u ɑ	966
minuksi	m i n u k s i	0
minulla	m i n u lː ɑ	946
minulle	m i n u lː eˣ	1190
minulta	m i n u l t ɑ	124
minuna	m i n u n ɑ	0
minunlaiseni	m i n u n l ɑ i̯ s e n i	1
minussa	m i n u sː ɑ	94
minusta	m i n u s t ɑ	490
minut	m i n u t	500
minutta	m i n u tː ɑ	0
minuun	m i n uː n	162
minuuteittain	m i n uː t e i̯ tː ɑ i̯ n	0
minuutilleen	m i n uː t i lː eː n	0
minuutti	m i n uː tː i	67
minä	m i n æ	2827
minäkäsitys	m i n æ k æ s i t y s	5
minämuoto	m i n æ m u o̯ t o	0
mira	m i r ɑ	33
miraakkeli	m i r ɑː kː e l i	0
mirakuliini	m i r ɑ k u l iː n i	0
miratiivi	m i r ɑ t iː ʋ i	0
mirhami	m i r h ɑ m i	0
mirja	m i r j ɑ	140
mirjam	m i r j ɑ m	27
mirjami	m i r j ɑ m i	23
mirka	m i r k ɑ	15
mirri	m i rː i	3
mirva	m i r ʋ ɑ	16
misandria	m i s ɑ n d r i ɑ	0
miselli	m i s e lː i	0
miska	m i s k ɑ	21
misogyyninen	m i s o ɡ yː n i n e n	0
mispeli	m i s p e l i	0
missi	m i sː i	2
missiologi	m i sː i o l o ɡ i	0
mississippi	m i s i s i p i	0
mississippi	m i s i s i pː i	0
mississippi	m i sː i s i p i	0
mississippi	m i sː i s i pː i	0
mississippi	m i sː i sː i pː i	0
missivuosi	m i sː i ʋ u o̯ s i	0
missouri	m i sː uː r i	0
missä	m i sː æ	3208
mistäkin	m i s t æ k i n	25
misu	m i s u	1
mitalijuhla	m i t ɑ l i j u h l ɑ	0
mitalitaide	m i t ɑ l i t ɑ i̯ d eˣ	0
mitallisuus	m i t ɑ lː i s uː s	1
mitata	m i t ɑ t ɑˣ	323
mitenkin	m i t e ŋ k i n	3
mitoittaminen	m i t o i̯ tː ɑ m i n e n	10
mitoitus	m i t o i̯ t u s	85
mitoottinen	m i t oː tː i n e n	0
mitoottisesti	m i t oː tː i s e s t iˣ	0
mitta	m i tː ɑ	58
mittaaja	m i tː ɑː j ɑ	5
mittaamaton	m i tː ɑː m ɑ t o n	5
mittaaminen	m i tː ɑː m i n e n	102
mittainen	m i tː ɑ i̯ n e n	266
mittakello	m i tː ɑ k e lː o	0
mittakenttä	m i tː ɑ k e n tː æ	0
mittakeppi	m i tː ɑ k e pː i	0
mittalaite	m i tː ɑ l ɑ i̯ t eˣ	14
mittalasi	m i tː ɑ l ɑ s i	2
mittaliuos	m i tː ɑ l i u̯ o s	0
mittaluku	m i tː ɑ l u k u	3
mittalusikka	m i tː ɑ l u s i kː ɑ	1
mittapiirustus	m i tː ɑ p iː r u s t u s	0
mittari	m i tː ɑ r i	139
mittariauto	m i tː ɑ r i ɑ u t o	0
mittarilento	m i tː ɑ r i l e n t o	0
mittaristo	m i tː ɑ r i s t o	11
mittasakset	m i tː ɑ s ɑ k s e t	0
mittatilaustyö	m i tː ɑ t i l ɑ u s t y ø̯	1
mittatoleranssi	m i tː ɑ t o l e r ɑ n sː i	1
mittatyö	m i tː ɑ t y ø̯	0
mittauslaite	m i tː ɑ u s l ɑ i̯ t eˣ	7
mittausoppi	m i tː ɑ u s o pː i	1
mittaustekniikka	m i tː ɑ u s t e k n iː kː ɑ	8
mittausväline	m i tː ɑ u s ʋ æ l i n eˣ	0
mittauttaa	m i tː ɑ u tː ɑːˣ	6
mittaväline	m i tː ɑ ʋ æ l i n eˣ	0
mittelö	m i tː e l ø	2
mitättömyys	m i t æ tː ø m yː s	4
mitätöidä	m i t æ t ø i̯ d æˣ	8
mitätöinti	m i t æ t ø i̯ n t i	5
mitätöntyä	m i t æ t ø n t y æˣ	0
moa	m o ɑ	3
moaree	m o ɑ r eː	0
moat	m o ɑ t	0
moat	m oː ɑ t	0
mobiiliverkko	m o b iː l i ʋ e r kː o	0
mobilisoida	m o b i l i s o i̯ d ɑˣ	4
modaalilogiikka	m o d ɑː l i l o ɡ iː kː ɑ	1
modaalirakenne	m o d ɑː l i r ɑ k e nː eˣ	0
modalismi	m o d ɑ l i s m i	3
modeemi	m o d eː m i	72
modernisoida	m o d e r n i s o i̯ d ɑˣ	4
modernisoitua	m o d e r n i s o i̯ t u ɑˣ	2
modulaariaritmetiikka	m o d u l ɑː r i ɑ r i t m e t iː kː ɑ	0
modulimuoto	m o d u l i m u o̯ t o	0
moduloida	m o d u l o i̯ d ɑˣ	3
moduuli	m o d uː l i	41
mohikaani	m o h i k ɑː n i	0
moi	m o i̯	23
moikata	m o i̯ k ɑ t ɑˣ	0
moikkaaminen	m o i̯ kː ɑː m i n e n	0
moikua	m o i̯ k u ɑˣ	0
moilanen	m o i̯ l ɑ n e n	86
moinen	m o i̯ n e n	47
moiré	m o ɑ r eː	1
moiskahtaa	m o i̯ s k ɑ h t ɑːˣ	0
moiskauttaa	m o i̯ s k ɑ u tː ɑːˣ	0
moitiskella	m o i̯ t i s k e lː ɑˣ	1
moitittava	m o i̯ t i tː ɑ ʋ ɑ	2
moitittavasti	m o i̯ t i tː ɑ ʋ ɑ s t iˣ	1
moitteeton	m o i̯ tː eː t o n	24
moitteettomasti	m o i̯ tː eː tː o m ɑ s t iˣ	53
moittia	m o i̯ tː i ɑˣ	30
moittiminen	m o i̯ tː i m i n e n	2
moittiva	m o i̯ tː i ʋ ɑ	1
moittivasti	m o i̯ tː i ʋ ɑ s t iˣ	0
mojahtaa	m o j ɑ h t ɑːˣ	0
mokaaminen	m o k ɑː m i n e n	0
mokka	m o kː ɑ	1
mokkaharja	m o kː ɑ h ɑ r j ɑ	0
mokkatakki	m o kː ɑ t ɑ kː i	1
mokoma	m o k o m ɑ	13
moksahtaa	m o k s ɑ h t ɑːˣ	0
moksauttaa	m o k s ɑ u tː ɑːˣ	0
moksibustio	m o k s i b u s t i o	0
moksiskaan	m o k s i s k ɑː n	5
moku	m o k u	0
mokšamordvalainen	m o k ʃ ɑ m o r d ʋ ɑ l ɑ i̯ n e n	0
molaalisuus	m o l ɑː l i s uː s	0
molaari	m o l ɑː r i	0
molaarinen	m o l ɑː r i n e n	0
molassi	m o l ɑ sː i	0
molekulaarisuus	m o l e k u l ɑː r i s uː s	0
molekyyli	m o l e k yː l i	5
molekyylibiologi	m o l e k yː l i b i o l o ɡ i	0
molekyylidynamiikka	m o l e k yː l i d y n ɑ m iː kː ɑ	0
molekyyligeometria	m o l e k yː l i ɡ e o m e t r i ɑ	0
molekyylikaava	m o l e k yː l i k ɑː ʋ ɑ	0
molekyyliorbitaali	m o l e k yː l i o r b i t ɑː l i	0
molekyylisuihku	m o l e k yː l i s u i̯ h k u	0
molekyylivoima	m o l e k yː l i ʋ o i̯ m ɑ	0
molempi	m o l e m p i	0
molli	m o lː i	3
mollisointu	m o lː i s o i̯ n t u	0
mollottaa	m o lː o tː ɑːˣ	0
molotov	m o l o t o ʋ	2
molskahdella	m o l s k ɑ h d e lː ɑˣ	0
molskauttaa	m o l s k ɑ u tː ɑːˣ	0
molskia	m o l s k i ɑˣ	0
momentti	m o m e n tː i	88
momenttiemäfunktio	m o m e n tː i e m æ f u ŋ k t i o	0
mones	m o n e s	6
monesko	m o n e s k o	5
monetaristi	m o n e t ɑ r i s t i	0
mongolia	m o ŋː o l i ɑ	1
mongolianlokki	m o ŋː o l i ɑ n l o kː i	0
moni	m o n i	1037
moniaalla	m o n i ɑː lː ɑ	0
moniaalle	m o n i ɑː lː eˣ	0
moniaalta	m o n i ɑː l t ɑ	0
monialaistua	m o n i ɑ l ɑ i̯ s t u ɑˣ	0
moniarvoinen	m o n i ɑ r ʋ o i̯ n e n	0
monihuippuinen	m o n i h u i̯ pː u i̯ n e n	0
monikäyttöauto	m o n i k æ y̯ tː ø ɑ u t o	2
monilukuinen	m o n i l u k u i̯ n e n	0
monilukuisesti	m o n i l u k u i̯ s e s t iˣ	0
monimielinen	m o n i m i e̯ l i n e n	1
monimielisesti	m o n i m i e̯ l i s e s t iˣ	2
monimuuttujaregressioanalyysi	m o n i m uː tː u j ɑ r e ɡ r e sː i o ɑ n ɑ l yː s i	0
moninaiskäyttö	m o n i n ɑ i̯ s k æ y̯ tː ø	2
moninkertaisesti	m o n i n k e r t ɑ i̯ s e s t iˣ	36
moninkertaistaa	m o n i n k e r t ɑ i̯ s t ɑːˣ	8
moninkertaistua	m o n i n k e r t ɑ i̯ s t u ɑˣ	1
monipuolinen	m o n i p u o̯ l i n e n	763
monisanainen	m o n i s ɑ n ɑ i̯ n e n	0
monisanaisesti	m o n i s ɑ n ɑ i̯ s e s t iˣ	3
monisatakertainen	m o n i s ɑ t ɑ k e r t ɑ i̯ n e n	0
monisatakertaisesti	m o n i s ɑ t ɑ k e r t ɑ i̯ s e s t iˣ	0
monistaa	m o n i s t ɑːˣ	20
moniste	m o n i s t eˣ	41
monistua	m o n i s t u ɑˣ	1
monistuttaa	m o n i s t u tː ɑːˣ	2
monitasomarkkinointi	m o n i t ɑ s o m ɑ r kː i n o i̯ n t i	0
monitavuinen	m o n i t ɑ ʋ u i̯ n e n	0
monitoimikone	m o n i t o i̯ m i k o n eˣ	5
monitoimilaite	m o n i t o i̯ m i l ɑ i̯ t eˣ	4
monitoimitalo	m o n i t o i̯ m i t ɑ l o	16
monitori	m o n i t o r i	14
monituhatkertainen	m o n i t u h ɑ t k e r t ɑ i̯ n e n	1
monituhatkertaisesti	m o n i t u h ɑ t k e r t ɑ i̯ s e s t iˣ	0
monituinen	m o n i t u i̯ n e n	0
monivaimoisuus	m o n i ʋ ɑ i̯ m o i̯ s uː s	0
monkua	m o ŋ k u ɑˣ	0
mono	m o n o	6
monodia	m o n o d i ɑ	0
monodraama	m o n o d r ɑː m ɑ	0
monokliininen	m o n o k l iː n i n e n	0
monokordi	m o n o k o r d i	0
monokromaattori	m o n o k r o m ɑː tː o r i	1
monomeeri	m o n o m eː r i	0
monomorfismi	m o n o m o r f i s m i	0
mononukleaarinen	m o n o n u k l e ɑː r i n e n	1
monopoli	m o n o p o l i	12
monopoliasema	m o n o p o l i ɑ s e m ɑ	3
monopolisoida	m o n o p o l i s o i̯ d ɑˣ	1
monostabiili	m o n o s t ɑ b iː l i	0
monottaa	m o n o tː ɑːˣ	0
monovalentti	m o n o ʋ ɑ l e n tː i	0
montaa	m o n t ɑː	60
montana	m o n t ɑ n ɑ	5
montanismi	m o n t ɑ n i s m i	1
montmorilloniitti	m o n t m o r i lː o n iː tː i	0
montteerata	m o n tː eː r ɑ t ɑˣ	0
moodilukitus	m oː d i l u k i t u s	0
moolinen	m oː l i n e n	0
mooliosuus	m oː l i o s uː s	0
moolitilavuus	m oː l i t i l ɑ ʋ uː s	0
moon	m oː n	22
moona	m oː n ɑ	8
mooses	m oː s e s	63
moottori	m oː tː o r i	181
moottorijuna	m oː tː o r i j u n ɑ	0
moottoripolttoaine	m oː tː o r i p o l tː o ɑ i̯ n eˣ	0
moottoripyörä	m oː tː o r i p y ø̯ r æ	21
moottoripyöräkerho	m oː tː o r i p y ø̯ r æ k e r h o	2
moottoripyöräpoliisi	m oː tː o r i p y ø̯ r æ p o l iː s i	2
moottoritieverkko	m oː tː o r i t i e̯ ʋ e r kː o	0
moottoritieverkosto	m oː tː o r i t i e̯ ʋ e r k o s t o	0
moottoritorpedovene	m oː tː o r i t o r p eː d o ʋ e n eˣ	0
moottoritykkivene	m oː tː o r i t y kː i ʋ e n eˣ	0
moottorivaunu	m oː tː o r i ʋ ɑ u̯ n u	0
moottoriventtiili	m oː tː o r i ʋ e n tː iː l i	1
moottorivoima	m oː tː o r i ʋ o i̯ m ɑ	0
mopoauto	m o p o ɑ u t o	1
moppi	m o pː i	21
mopsi	m o p s i	5
mora	m o r ɑ	0
moraali	m o r ɑː l i	58
moraalisaarna	m o r ɑː l i s ɑː r n ɑ	0
moralisoida	m o r ɑ l i s o i̯ d ɑˣ	3
mordentti	m o r d e n tː i	0
moreenimaa	m o r eː n i m ɑː	0
moreeniselänne	m o r eː n i s e l æ nː eˣ	0
morfismi	m o r f i s m i	0
morfofonologia	m o r f o f o n o l o ɡ i ɑ	0
morfologi	m o r f o l o ɡ i	0
morfoosi	m o r f oː s i	0
morkata	m o r k ɑ t ɑˣ	0
morselamppu	m o r s e l ɑ m pː u	0
morsettaa	m o r s e tː ɑːˣ	0
morsian	m o r s i ɑ n	18
morsio	m o r s i o	0
morsiushuntu	m o r s i u s h u n t u	0
morsiuskatos	m o r s i u s k ɑ t o s	0
morsiuskimppu	m o r s i u s k i m pː u	1
morsiuskruunu	m o r s i u s k r uː n u	0
morsiuslahja	m o r s i u s l ɑ h j ɑ	0
mosaiikkityö	m o s ɑ i̯ː kː i t y ø̯	2
mosaikismi	m o s ɑ i̯ k i s m i	0
moselviini	m o s e l ʋ iː n i	0
moskova	m o s k o ʋ ɑ	19
motata	m o t ɑ t ɑˣ	0
motetti	m o t e tː i	2
moti	m o t i	9
motiivi	m o t iː ʋ i	42
motittaa	m o t i tː ɑːˣ	0
motivoida	m o t i ʋ o i̯ d ɑˣ	38
motivoitua	m o t i ʋ o i̯ t u ɑˣ	12
motoneuroni	m o t o n e u̯ r o n i	0
motoristi	m o t o r i s t i	7
motti	m o tː i	5
moukari	m o u̯ k ɑ r i	11
moukkamaisesti	m o u̯ kː ɑ m ɑ i̯ s e s t iˣ	0
mousse	m o u̯ sː e	1
mousse	m u s e	1
mousse	m u s eː	1
movettaa	m o ʋ e tː ɑːˣ	0
muffinsi	m u fː i n s i	0
muffinssi	m u fː i n sː i	0
muhentua	m u h e n t u ɑˣ	0
muheva	m u h e ʋ ɑ	1
muhkura	m u xʷ k u r ɑ	0
muhokselainen	m u h o k s e l ɑ i̯ n e n	0
muhos	m u h o s	17
muhoslainen	m u h o s l ɑ i̯ n e n	0
muiden	m u i̯ d e n	5041
muija	m u i̯ j ɑ	10
muikea	m u i̯ k e ɑ	1
muikeasti	m u i̯ k e ɑ s t iˣ	0
muikistella	m u i̯ k i s t e lː ɑˣ	0
muikku	m u i̯ kː u	17
muikkukeitto	m u i̯ kː u k e i̯ tː o	0
muiluttaa	m u i̯ l u tː ɑːˣ	0
muinainen	m u i̯ n ɑ i̯ n e n	15
muinaisesine	m u i̯ n ɑ i̯ s e s i n eˣ	0
muinaishauta	m u i̯ n ɑ i̯ s h ɑ u̯ t ɑ	0
muinaisjäännös	m u i̯ n ɑ i̯ s j æː nː ø s	9
muinaisjäännösinventointi	m u i̯ n ɑ i̯ s j æː nː ø s i n ʋ e n t o i̯ n t i	2
muinaisjäännösrekisteri	m u i̯ n ɑ i̯ s j æː nː ø s r e k i s t e r i	0
muinaiskansa	m u i̯ n ɑ i̯ s k ɑ n s ɑ	0
muinaiskasvi	m u i̯ n ɑ i̯ s k ɑ s ʋ i	0
muinaiskaupunki	m u i̯ n ɑ i̯ s k ɑ u̯ p u ŋ k i	0
muinaiskieli	m u i̯ n ɑ i̯ s k i e̯ l i	0
muinaismuistoalue	m u i̯ n ɑ i̯ s m u i̯ s t o ɑ l u eˣ	3
muinaismuistohallinto	m u i̯ n ɑ i̯ s m u i̯ s t o h ɑ lː i n t o	0
muinaismuistolaki	m u i̯ n ɑ i̯ s m u i̯ s t o l ɑ k i	4
muinaispelto	m u i̯ n ɑ i̯ s p e l t o	1
muinaispuku	m u i̯ n ɑ i̯ s p u k u	1
muinaisranta	m u i̯ n ɑ i̯ s r ɑ n t ɑ	0
muinoinen	m u i̯ n o i̯ n e n	0
muistaa	m u i̯ s t ɑː	718
muistaa	m u i̯ s t ɑːˣ	718
muistaakseni	m u i̯ s t ɑː k s e n i	59
muistialue	m u i̯ s t i ɑ l u eˣ	0
muistiaukko	m u i̯ s t i ɑ u kː o	0
muistiinpanna	m u i̯ s t iː n p ɑ nː ɑˣ	0
muistikaava	m u i̯ s t i k ɑː ʋ ɑ	0
muistikortinlukija	m u i̯ s t i k o r t i n l u k i j ɑ	1
muistimoduuli	m u i̯ s t i m o d uː l i	0
muistinhallinta	m u i̯ s t i n h ɑ lː i n t ɑ	0
muistinhallintayksikkö	m u i̯ s t i n h ɑ lː i n t ɑ y k s i kː ø	0
muistipeli	m u i̯ s t i p e l i	1
muistipiiri	m u i̯ s t i p iː r i	0
muistitieto	m u i̯ s t i t i e̯ t o	4
muistivuoto	m u i̯ s t i ʋ u o̯ t o	0
muistoalbumi	m u i̯ s t o ɑ l b u m i	0
muistoisa	m u i̯ s t o i̯ s ɑ	0
muistokirja	m u i̯ s t o k i r j ɑ	3
muistokivi	m u i̯ s t o k i ʋ i	20
muistolaatta	m u i̯ s t o l ɑː tː ɑ	13
muistolause	m u i̯ s t o l ɑ u̯ s eˣ	0
muistolehto	m u i̯ s t o l e h t o	1
muistomitali	m u i̯ s t o m i t ɑ l i	0
muistopaasi	m u i̯ s t o p ɑː s i	0
muistopaikka	m u i̯ s t o p ɑ i̯ kː ɑ	0
muistopäivä	m u i̯ s t o p æ i̯ ʋ æ	8
muistoraha	m u i̯ s t o r ɑ h ɑ	2
muistorikas	m u i̯ s t o r i k ɑ s	1
muistoristi	m u i̯ s t o r i s t i	2
muistosanat	m u i̯ s t o s ɑ n ɑ t	3
muistosormus	m u i̯ s t o s o r m u s	0
muistua	m u i̯ s t u ɑˣ	0
muistuttaa	m u i̯ s t u tː ɑːˣ	742
muistuttaminen	m u i̯ s t u tː ɑ m i n e n	0
muita	m u i̯ t ɑ	4558
muka	m u k ɑ	117
mukaa	m u k ɑː	142
mukaan	m u k ɑː n	23994
mukaanotto	m u k ɑː n o tː o	4
mukaansatempaavasti	m u k ɑː n s ɑ t e m p ɑː ʋ ɑ s t iˣ	3
mukaantua	m u k ɑː n t u ɑˣ	0
mukaelma	m u k ɑ e l m ɑ	2
mukainen	m u k ɑ i̯ n e n	1378
mukauttaa	m u k ɑ u tː ɑːˣ	15
mukautua	m u k ɑ u t u ɑˣ	18
mukautumiskyky	m u k ɑ u t u m i s k y k y	2
mukava	m u k ɑ ʋ ɑ	485
mukavoittaa	m u k ɑ ʋ o i̯ tː ɑːˣ	0
mukavoitua	m u k ɑ ʋ o i̯ t u ɑˣ	0
mukavuuslippu	m u k ɑ ʋ uː s l i pː u	0
mukavuuslippulaiva	m u k ɑ ʋ uː s l i pː u l ɑ i̯ ʋ ɑ	0
muki	m u k i	3
mukiinmenevästi	m u k iː n m e n e ʋ æ s t iˣ	1
muksahtaa	m u k s ɑ h t ɑːˣ	0
muksauttaa	m u k s ɑ u tː ɑːˣ	0
mukula	m u k u l ɑ	2
mukulajuuri	m u k u l ɑ j uː r i	0
mukulakasvi	m u k u l ɑ k ɑ s ʋ i	0
mukulakivikatu	m u k u l ɑ k i ʋ i k ɑ t u	0
mulahtaa	m u l ɑ h t ɑːˣ	0
muljahdella	m u l j ɑ h d e lː ɑˣ	0
muljahtaa	m u l j ɑ h t ɑːˣ	1
muljautella	m u l j ɑ u t e lː ɑˣ	0
muljauttaa	m u l j ɑ u tː ɑːˣ	0
mulkoilla	m u l k o i̯ lː ɑˣ	0
mullas	m u lː ɑ s	0
mullata	m u lː ɑ t ɑˣ	3
mulli	m u lː i	0
mulliitti	m u lː iː tː i	0
mullistava	m u lː i s t ɑ ʋ ɑ	14
mullistavasti	m u lː i s t ɑ ʋ ɑ s t iˣ	1
mullistua	m u lː i s t u ɑˣ	1
mullittaa	m u lː i tː ɑːˣ	0
mullos	m u lː o s	0
mulperipuu	m u l p e r i p uː	1
mulskahtaa	m u l s k ɑ h t ɑːˣ	0
multa	m u l t ɑ	48
multaaminen	m u l t ɑː m i n e n	1
multakerros	m u l t ɑ k e rː o s	1
multakokkare	m u l t ɑ k o kː ɑ r eˣ	0
multamaa	m u l t ɑ m ɑː	2
multapaakku	m u l t ɑ p ɑː kː u	0
multapitoinen	m u l t ɑ p i t o i̯ n e n	0
multaseos	m u l t ɑ s e o s	0
multasieni	m u l t ɑ s i e̯ n i	0
multava	m u l t ɑ ʋ ɑ	5
multia	m u l t i ɑ	9
multiainen	m u l t i ɑ i̯ n e n	0
multialainen	m u l t i ɑ l ɑ i̯ n e n	2
multifokaalinen	m u l t i f o k ɑː l i n e n	0
multikollineaarinen	m u l t i k o lː i n e ɑː r i n e n	0
multimedia	m u l t i m e d i ɑ	103
multimediatekniikka	m u l t i m e d i ɑ t e k n iː kː ɑ	1
multimodaalinen	m u l t i m o d ɑː l i n e n	1
multinomijakauma	m u l t i n o m i j ɑ k ɑ u m ɑ	0
multiplekseri	m u l t i p l e k s e r i	0
multiplikatiivi	m u l t i p l i k ɑ t iː ʋ i	0
multiplisiteetti	m u l t i p l i s i t eː tː i	0
multipoli	m u l t i p o l i	0
multippeli	m u l t i pː e l i	4
multivibraattori	m u l t i ʋ i b r ɑː tː o r i	0
mummo	m u mː o	41
muna	m u n ɑ	28
munajuusto	m u n ɑ j uː s t o	0
munakas	m u n ɑ k ɑ s	3
munakello	m u n ɑ k e lː o	0
munakotelo	m u n ɑ k o t e l o	0
munanivel	m u n ɑ n i ʋ e l	0
munarauhanen	m u n ɑ r ɑ u̯ h ɑ n e n	0
munasarjasyöpä	m u n ɑ s ɑ r j ɑ s y ø̯ p æ	0
munavaahto	m u n ɑ ʋ ɑː h t o	0
munavoi	m u n ɑ ʋ o i̯	0
munia	m u n i ɑ	57
munia	m u n i ɑˣ	57
munienkeruu	m u n i e n k e r uː	0
munii	m u n iː	16
munittaa	m u n i tː ɑːˣ	0
munitus	m u n i t u s	0
munkki	m u ŋ kː i	21
munkkius	m u ŋ kː i u s	0
munuainen	m u n u ɑ i̯ n e n	6
munuaisallas	m u n u ɑ i̯ s ɑ lː ɑ s	0
munuaisensiirto	m u n u ɑ i̯ s e n s iː r t o	1
munuaissiirto	m u n u ɑ i̯ s s iː r t o	0
munuaistauti	m u n u ɑ i̯ s t ɑ u̯ t i	2
muodosteilla	m u o̯ d o s t e i̯ lː ɑ	0
muodostella	m u o̯ d o s t e lː ɑˣ	0
muodostin	m u o̯ d o s t i n	1
muodostuminen	m u o̯ d o s t u m i n e n	57
muodostumisentalpia	m u o̯ d o s t u m i s e n t ɑ l p i ɑ	0
muodostumislämpö	m u o̯ d o s t u m i s l æ m p ø	0
muodostumistapa	m u o̯ d o s t u m i s t ɑ p ɑ	0
muodota	m u o̯ d o t ɑˣ	0
muokata	m u o̯ k ɑ t ɑˣ	231
muokkaaminen	m u o̯ kː ɑː m i n e n	43
muokkaantua	m u o̯ kː ɑː n t u ɑˣ	0
muokkauskausi	m u o̯ kː ɑ u s k ɑ u̯ s i	0
muokkaustyö	m u o̯ kː ɑ u s t y ø̯	2
muonavarat	m u o̯ n ɑ ʋ ɑ r ɑ t	1
muonio	m u o̯ n i o	5
muoniolainen	m u o̯ n i o l ɑ i̯ n e n	0
muonionjoki	m u o̯ n i o n j o k i	0
muonittaa	m u o̯ n i tː ɑːˣ	0
muonitus	m u o̯ n i t u s	3
muoti	m u o̯ t i	18
muotiala	m u o̯ t i ɑ l ɑ	4
muotikuva	m u o̯ t i k u ʋ ɑ	0
muotipiirustus	m u o̯ t i p iː r u s t u s	0
muotitaiteilija	m u o̯ t i t ɑ i̯ t e i̯ l i j ɑ	0
muoto	m u o̯ t o	458
muotohistoria	m u o̯ t o h i s t o r i ɑ	0
muotoilija	m u o̯ t o i̯ l i j ɑ	20
muotoilla	m u o̯ t o i̯ lː ɑˣ	52
muotoilu	m u o̯ t o i̯ l u	150
muotoinen	m u o̯ t o i̯ n e n	59
muotokuvamaalari	m u o̯ t o k u ʋ ɑ m ɑː l ɑ r i	0
muotorikas	m u o̯ t o r i k ɑ s	0
muototiili	m u o̯ t o t iː l i	0
muotti	m u o̯ tː i	7
muottilevy	m u o̯ tː i l e ʋ y	0
muovaantua	m u o̯ ʋ ɑː n t u ɑˣ	0
muovailla	m u o̯ ʋ ɑ i̯ lː ɑˣ	1
muovailusavi	m u o̯ ʋ ɑ i̯ l u s ɑ ʋ i	0
muovautua	m u o̯ ʋ ɑ u t u ɑˣ	3
muovi	m u o̯ ʋ i	61
muovijäte	m u o̯ ʋ i j æ t eˣ	1
muovikulho	m u o̯ ʋ i k u l h o	0
muovilelu	m u o̯ ʋ i l e l u	0
muovilevy	m u o̯ ʋ i l e ʋ y	6
muovimatto	m u o̯ ʋ i m ɑ tː o	14
muovipakkaus	m u o̯ ʋ i p ɑ kː ɑ u s	2
muovipullo	m u o̯ ʋ i p u lː o	4
muoviraha	m u o̯ ʋ i r ɑ h ɑ	1
muoviruuvi	m u o̯ ʋ i r uː ʋ i	0
muoviteippi	m u o̯ ʋ i t e i̯ pː i	0
muovittaa	m u o̯ ʋ i tː ɑːˣ	0
muovitus	m u o̯ ʋ i t u s	1
murahdella	m u r ɑ h d e lː ɑˣ	1
murea	m u r e ɑ	1
mureena	m u r eː n ɑ	0
murehduttaa	m u r e h d u tː ɑːˣ	2
mureke	m u r e k eˣ	3
murekekyljys	m u r e k eˣ k y l j y s	0
murekepihvi	m u r e k eˣ p i h ʋ i	0
murha	m u r h ɑ	29
murhaaja	m u r h ɑː j ɑ	18
murhajuttu	m u r h ɑ j u tː u	0
murhanhimo	m u r h ɑ n h i m o	1
murhapaikka	m u r h ɑ p ɑ i̯ kː ɑ	0
murhapolttaja	m u r h ɑ p o l tː ɑ j ɑ	0
murhapoltto	m u r h ɑ p o l tː o	0
murharyhmä	m u r h ɑ r y h m æ	0
murhata	m u r h ɑ t ɑˣ	6
murhatutkimus	m u r h ɑ t u t k i m u s	0
murhatutkinta	m u r h ɑ t u t k i n t ɑ	0
murhauttaa	m u r h ɑ u tː ɑːˣ	0
murhe	m u r h eˣ	19
murheellisesti	m u r h eː lː i s e s t iˣ	2
murheenkryyni	m u r h eː n k r yː n i	2
murheissaan	m u r h e i̯ sː ɑː n	4
murhemielelle	m u r h eˣ m i e̯ l e lː eˣ	0
murhemielellä	m u r h eˣ m i e̯ l e lː æ	0
murhemielin	m u r h eˣ m i e̯ l i n	1
murjoa	m u r j o ɑˣ	0
murjoutua	m u r j o u t u ɑˣ	0
murju	m u r j u	0
murkina	m u r k i n ɑ	0
murkku	m u r kː u	0
murokakku	m u r o k ɑ kː u	0
muromalainen	m u r o m ɑ l ɑ i̯ n e n	0
murot	m u r o t	1
murreaineisto	m u rː eˣ ɑ i̯ n e i̯ s t o	0
murreaines	m u rː eˣ ɑ i̯ n e s	0
murrealue	m u rː eˣ ɑ l u eˣ	0
murreasu	m u rː eˣ ɑ s u	0
murrehavainto	m u rː eˣ h ɑ ʋ ɑ i̯ n t o	0
murreilmaus	m u rː eˣ i l m ɑ u s	0
murrekirjallisuus	m u rː eˣ k i r j ɑ lː i s uː s	0
murremaantiede	m u rː eˣ m ɑː n t i e̯ d eˣ	0
murrepakina	m u rː eˣ p ɑ k i n ɑ	0
murreryhmä	m u rː eˣ r y h m æ	0
murretutkimus	m u rː eˣ t u t k i m u s	0
murrosikäinen	m u rː o s i k æ i̯ n e n	4
murroskausi	m u rː o s k ɑ u̯ s i	3
murrospinta	m u rː o s p i n t ɑ	0
murska	m u r s k ɑ	0
murskaaja	m u r s k ɑː j ɑ	0
murskaantua	m u r s k ɑː n t u ɑˣ	0
murskaavasti	m u r s k ɑː ʋ ɑ s t iˣ	1
murskaksi	m u r s k ɑ k s i	3
murskana	m u r s k ɑ n ɑ	0
murskauskone	m u r s k ɑ u s k o n eˣ	0
murskavoitto	m u r s k ɑ ʋ o i̯ tː o	1
mursunluu	m u r s u n l uː	0
murtaa	m u r t ɑːˣ	57
murtaminen	m u r t ɑ m i n e n	11
murteittain	m u r t e i̯ tː ɑ i̯ n	0
murtohälytin	m u r t o h æ l y t i n	5
murtolauseke	m u r t o l ɑ u̯ s e k eˣ	0
murtolujuus	m u r t o l u j uː s	3
murtoyritys	m u r t o y r i t y s	1
murtumalinja	m u r t u m ɑ l i n j ɑ	1
murtuminen	m u r t u m i n e n	4
muru	m u r u	2
murustua	m u r u s t u ɑˣ	0
murut	m u r u t	0
musa	m u s ɑ	21
museaalinen	m u s e ɑː l i n e n	1
museoala	m u s e o ɑ l ɑ	0
museoarkkitehtuuri	m u s e o ɑ r kː i t e h t uː r i	0
museoarvo	m u s e o ɑ r ʋ o	0
museoauto	m u s e o ɑ u t o	0
museoesine	m u s e o e s i n eˣ	0
museoharjoittelu	m u s e o h ɑ r j o i̯ tː e l u	0
museojulkaisu	m u s e o j u l k ɑ i̯ s u	0
museojuna	m u s e o j u n ɑ	1
museojärjestö	m u s e o j æ r j e s t ø	0
museokahvila	m u s e o k ɑ h ʋ i l ɑ	3
museokokoelma	m u s e o k o k o e l m ɑ	4
museolaiva	m u s e o l ɑ i̯ ʋ ɑ	1
museologi	m u s e o l o ɡ i	1
museologia	m u s e o l o ɡ i ɑ	0
museomyymälä	m u s e o m yː m æ l æ	2
museoneuvos	m u s e o n e u̯ ʋ o s	0
museopedagogiikka	m u s e o p e d ɑ ɡ o ɡ iː kː ɑ	1
museopäivä	m u s e o p æ i̯ ʋ æ	2
museorakennus	m u s e o r ɑ k e nː u s	12
museorata	m u s e o r ɑ t ɑ	0
museotie	m u s e o t i e̯	9
museovene	m u s e o ʋ e n eˣ	0
musertava	m u s e r t ɑ ʋ ɑ	5
musiikillisesti	m u s iː k i lː i s e s t iˣ	42
musiikinopettaja	m u s iː k i n o p e tː ɑ j ɑ	13
musiikki	m u s iː kː i	565
musiikkiarvostelu	m u s iː kː i ɑ r ʋ o s t e l u	0
musiikkielämä	m u s iː kː i e l æ m æ	2
musiikkikappale	m u s iː kː i k ɑ pː ɑ l eˣ	0
musiikkikilpailu	m u s iː kː i k i l p ɑ i̯ l u	0
musiikkikorkeakoulu	m u s iː kː i k o r k e ɑ k o u̯ l u	2
musiikkikorva	m u s iː kː i k o r ʋ ɑ	0
musiikkileikki	m u s iː kː i l e i̯ kː i	1
musiikkineuvos	m u s iː kː i n e u̯ ʋ o s	3
musiikkiopinnot	m u s iː kː i o p i nː o t	2
muskatelliviini	m u s k ɑ t e lː i ʋ iː n i	0
muskattiviini	m u s k ɑ tː i ʋ iː n i	0
musketti	m u s k e tː i	1
muskettimies	m u s k e tː i m i e̯ s	0
muskotti	m u s k o tː i	1
must	m u s t	27
must	m ɑ s t	27
musta	m u s t ɑ	448
mustaherukka	m u s t ɑ h e r u kː ɑ	5
mustaherukkaviini	m u s t ɑ h e r u kː ɑ ʋ iː n i	0
mustalainen	m u s t ɑ l ɑ i̯ n e n	4
mustalaiselämä	m u s t ɑ l ɑ i̯ s e l æ m æ	0
mustalaispuku	m u s t ɑ l ɑ i̯ s p u k u	0
mustaleipä	m u s t ɑ l e i̯ p æ	0
mustaliuske	m u s t ɑ l i u̯ s k eˣ	0
mustamaalaaminen	m u s t ɑ m ɑː l ɑː m i n e n	0
mustamakkara	m u s t ɑ m ɑ kː ɑ r ɑ	1
mustamulta	m u s t ɑ m u l t ɑ	0
mustamuurahainen	m u s t ɑ m uː r ɑ h ɑ i̯ n e n	0
mustanmerenlokki	m u s t ɑ n m e r e n l o kː i	0
mustapaita	m u s t ɑ p ɑ i̯ t ɑ	0
mustapapu	m u s t ɑ p ɑ p u	0
mustapippuri	m u s t ɑ p i pː u r i	4
mustapäälokki	m u s t ɑ p æː l o kː i	0
mustasaarelainen	m u s t ɑ s ɑː r e l ɑ i̯ n e n	1
mustasaari	m u s t ɑ s ɑː r i	14
mustasara	m u s t ɑ s ɑ r ɑ	0
mustasinappi	m u s t ɑ s i n ɑ pː i	0
mustatokko	m u s t ɑ t o kː o	1
mustavalkofilmi	m u s t ɑ ʋ ɑ l k o f i l m i	0
mustavalkokamera	m u s t ɑ ʋ ɑ l k o k ɑ m e r ɑ	0
mustavalkokuva	m u s t ɑ ʋ ɑ l k o k u ʋ ɑ	1
mustavalkokuvaus	m u s t ɑ ʋ ɑ l k o k u ʋ ɑ u s	0
mustavalkonegatiivi	m u s t ɑ ʋ ɑ l k o n e ɡ ɑ t iː ʋ i	0
mustaviinimarja	m u s t ɑ ʋ iː n i m ɑ r j ɑ	2
muste	m u s t eˣ	12
mustekynä	m u s t eˣ k y n æ	1
musteleimasin	m u s t eˣ l e i̯ m ɑ s i n	0
mustepatruuna	m u s t eˣ p ɑ t r uː n ɑ	1
mustesieni	m u s t eˣ s i e̯ n i	0
mustesuihku	m u s t eˣ s u i̯ h k u	1
mustetäytekynä	m u s t eˣ t æ y̯ t eˣ k y n æ	0
mustikkahillo	m u s t i kː ɑ h i lː o	0
mustikkakukko	m u s t i kː ɑ k u kː o	0
mustikkamaito	m u s t i kː ɑ m ɑ i̯ t o	0
mustikkapiirakka	m u s t i kː ɑ p iː r ɑ kː ɑ	0
mustikkapöperö	m u s t i kː ɑ p ø p e r ø	0
mustonen	m u s t o n e n	92
mustuttaa	m u s t u tː ɑːˣ	0
muta	m u t ɑ	13
mutaasi	m u t ɑː s i	0
mutageeni	m u t ɑ ɡ eː n i	0
mutageeninen	m u t ɑ ɡ eː n i n e n	0
mutka	m u t k ɑ	19
mutkistuttaa	m u t k i s t u tː ɑːˣ	0
mutristella	m u t r i s t e lː ɑˣ	0
mutruilla	m u t r u i̯ lː ɑˣ	0
mutrulla	m u t r u lː ɑ	0
mutrullaan	m u t r u lː ɑː n	0
mutrulle	m u t r u lː eˣ	0
mutrulleen	m u t r u lː eː n	0
mutrussa	m u t r u sː ɑ	0
mutruun	m u t r uː n	0
mutsi	m u t s i	6
mutterinväännin	m u tː e r i n ʋ æː nː i n	0
mutti	m u tː i	0
mutu	m u t u	11
mutualismi	m u t u ɑ l i s m i	0
muu	m uː	1777
muuanne	m uː ɑ nː eˣ	1
muukalaisittain	m uː k ɑ l ɑ i̯ s i tː ɑ i̯ n	0
muukalaispelko	m uː k ɑ l ɑ i̯ s p e l k o	1
muukalaistua	m uː k ɑ l ɑ i̯ s t u ɑˣ	0
muuli	m uː l i	2
muulla	m uː lː ɑ	393
muumimuki	m uː m i m u k i	0
muumio	m uː m i o	1
muumioituminen	m uː m i o i̯ t u m i n e n	0
muunlainen	m uː n l ɑ i̯ n e n	11
muunnella	m uː nː e lː ɑˣ	27
muunnesointu	m uː nː eˣ s o i̯ n t u	0
muunnesävel	m uː nː eˣ s æ ʋ e l	0
muunnos	m uː nː o s	61
muuntajaöljy	m uː n t ɑ j ɑ ø l j y	0
muuntaminen	m uː n t ɑ m i n e n	21
muuntautua	m uː n t ɑ u t u ɑˣ	5
muuntoasema	m uː n t o ɑ s e m ɑ	4
muuntuminen	m uː n t u m i n e n	7
muurahainen	m uː r ɑ h ɑ i̯ n e n	6
muurahaispolku	m uː r ɑ h ɑ i̯ s p o l k u	0
muurame	m uː r ɑ m e	32
muuramelainen	m uː r ɑ m e l ɑ i̯ n e n	2
muurauskauha	m uː r ɑ u s k ɑ u̯ h ɑ	0
muurauskivi	m uː r ɑ u s k i ʋ i	0
muurauslasta	m uː r ɑ u s l ɑ s t ɑ	0
muurihauta	m uː r i h ɑ u̯ t ɑ	0
muurikivi	m uː r i k i ʋ i	1
muurin	m uː r i n	32
muurinharja	m uː r i n h ɑ r j ɑ	0
muurinpohjalettu	m uː r i n p o h j ɑ l e tː u	0
muuripata	m uː r i p ɑ t ɑ	1
muurittaa	m uː r i tː ɑːˣ	0
muurmanni	m uː r m ɑ nː i	0
muurmanski	m uː r m ɑ n s k i	0
muusikko	m uː s i kː o	36
muuta	m uː t ɑ	3554
muuta	m uː t ɑˣ	3554
muutama	m uː t ɑ m ɑ	1263
muutattaa	m uː t ɑ tː ɑːˣ	0
muutosloki	m uː t o s l o k i	0
muutosnopeus	m uː t o s n o p e u s	6
muutospaine	m uː t o s p ɑ i̯ n eˣ	3
muutosrakentaminen	m uː t o s r ɑ k e n t ɑ m i n e n	0
muuttaa	m uː tː ɑːˣ	1770
muuttohaukka	m uː tː o h ɑ u̯ kː ɑ	3
muuttovuosi	m uː tː o ʋ u o̯ s i	0
muuttuja	m uː tː u j ɑ	59
muuttujanvaihto	m uː tː u j ɑ n ʋ ɑ i̯ h t o	0
myalgia	m y ɑ l ɡ i ɑ	0
myelooinen	m y e l oː i n e n	1
myhähdellä	m y h æ h d e lː æˣ	0
myhähtää	m y h æ h t æːˣ	0
myi	m y i̯	120
mykerö	m y k e r ø	1
mykerösara	m y k e r ø s ɑ r ɑ	0
mykistyttää	m y k i s t y tː æːˣ	0
mykkä	m y kː æ	10
myky	m y k y	0
mykyrokka	m y k y r o kː ɑ	0
myllerrys	m y lː e rː y s	4
mylly	m y lː y	64
myllykoski	m y lː y k o s k i	20
myllyttää	m y lː y tː æːˣ	0
myloniitti	m y l o n iː tː i	0
mylvähtää	m y l ʋ æ h t æːˣ	0
mynkään	m y ŋ k æː n	0
mynsteri	m y n s t e r i	0
mynämäkeläinen	m y n æ m æ k e l æ i̯ n e n	0
mynämäki	m y n æ m æ k i	7
myokardium	m y o k ɑ r d i u m	0
myoklonia	m y o k l o n i ɑ	0
myosiini	m y o s iː n i	0
myristiinihappo	m y r i s t iː n i h ɑ pː o	0
myrkky	m y r kː y	23
myrkkyaine	m y r kː y ɑ i̯ n eˣ	0
myrkkykoiso	m y r kː y k o i̯ s o	0
myrkkymalja	m y r kː y m ɑ l j ɑ	1
myrkytysmurha	m y r k y t y s m u r h ɑ	0
myrmekologi	m y r m e k o l o ɡ i	0
myrsky	m y r s k y	47
myrskyaalto	m y r s k y ɑː l t o	0
myrskyalue	m y r s k y ɑ l u eˣ	0
myrskyilma	m y r s k y i l m ɑ	0
myrskykeskus	m y r s k y k e s k u s	1
myrskylasi	m y r s k y l ɑ s i	0
myrskylyhty	m y r s k y l y h t y	1
myrskylä	m y r s k y l æ	3
myrskyläläinen	m y r s k y l æ l æ i̯ n e n	0
myrskynpuuska	m y r s k y n p uː s k ɑ	0
myrskypilvi	m y r s k y p i l ʋ i	0
myrskyvahinko	m y r s k y ʋ ɑ h i ŋ k o	0
myrtsi	m y r t s i	0
mysli	m y s l i	4
mystikon	m y s t i k o n	1
myy	m yː	368
myydä	m yː d æˣ	431
myyminen	m yː m i n e n	31
myymiskielto	m yː m i s k i e̯ l t o	0
myymäläauto	m yː m æ l æ ɑ u t o	1
myyntialue	m yː n t i ɑ l u eˣ	3
myyntiarvo	m yː n t i ɑ r ʋ o	0
myyntiehto	m yː n t i e h t o	0
myyntikausi	m yː n t i k ɑ u̯ s i	0
myyntikielto	m yː n t i k i e̯ l t o	10
myyntilupa	m yː n t i l u p ɑ	11
myyntimaa	m yː n t i m ɑː	0
myyntipöytä	m yː n t i p ø y̯ t æ	1
myyntireskontra	m yː n t i r e s k o n t r ɑ	18
myyntitulot	m yː n t i t u l o t	15
myyntityö	m yː n t i t y ø̯	12
myyrä	m yː r æ	12
myyräkuume	m yː r æ k uː m eˣ	1
myyräntyö	m yː r æ n t y ø̯	1
myö	m y ø̯	11
myödä	m y ø̯ d æˣ	0
myödätä	m y ø̯ d æ t æˣ	0
myöhä	m y ø̯ h æ	5
myöhäisintään	m y ø̯ h æ i̯ s i n t æː n	0
myöhäistää	m y ø̯ h æ i̯ s t æːˣ	0
myöhäisuutiset	m y ø̯ h æ i̯ s uː t i s e t	0
myöhällä	m y ø̯ h æ lː æ	0
myöhästyminen	m y ø̯ h æ s t y m i n e n	12
myöhästyttää	m y ø̯ h æ s t y tː æːˣ	2
myönnytellä	m y ø̯ nː y t e lː æˣ	0
myöntyvä	m y ø̯ n t y ʋ æ	0
myöntyvästi	m y ø̯ n t y ʋ æ s t iˣ	0
myöntävä	m y ø̯ n t æ ʋ æ	14
myöntävästi	m y ø̯ n t æ ʋ æ s t iˣ	27
myöntää	m y ø̯ n t æːˣ	1440
myöntömuoto	m y ø̯ n t ø m u o̯ t o	0
myös	m y ø̯ s	68409
myöskin	m y ø̯ s k i n	783
myötäaallokko	m y ø̯ t æ ɑː lː o kː o	0
myötäaurinko	m y ø̯ t æ ɑ u r i ŋ k o	0
myötäeläminen	m y ø̯ t æ e l æ m i n e n	2
myötäelää	m y ø̯ t æ e l æːˣ	2
myötäileminen	m y ø̯ t æ i̯ l e m i n e n	0
myötäinen	m y ø̯ t æ i̯ n e n	0
myötäisesti	m y ø̯ t æ i̯ s e s t iˣ	1
myötäkarvaan	m y ø̯ t æ k ɑ r ʋ ɑː n	2
myötälaukka	m y ø̯ t æ l ɑ u̯ kː ɑ	0
myötämielisesti	m y ø̯ t æ m i e̯ l i s e s t iˣ	12
myötäsukaan	m y ø̯ t æ s u k ɑː n	0
myötätuntoisesti	m y ø̯ t æ t u n t o i̯ s e s t iˣ	1
myötätuuli	m y ø̯ t æ t uː l i	2
myötävaikuttaa	m y ø̯ t æ ʋ ɑ i̯ k u tː ɑːˣ	20
myötävaikuttaminen	m y ø̯ t æ ʋ ɑ i̯ k u tː ɑ m i n e n	0
myötävaikutus	m y ø̯ t æ ʋ ɑ i̯ k u t u s	2
myötävärähtely	m y ø̯ t æ ʋ æ r æ h t e l y	0
myötäänsä	m y ø̯ t æː n s æ	0
myötölujuus	m y ø̯ t ø l u j uː s	0
mä	m æ	957
mädännyttää	m æ d æ nː y tː æːˣ	0
mädäntyminen	m æ d æ n t y m i n e n	0
mädäntymä	m æ d æ n t y m æ	0
mädättää	m æ d æ tː æːˣ	0
mädätysliete	m æ d æ t y s l i e̯ t eˣ	0
mäenharja	m æ e n h ɑ r j ɑ	0
mäenpää	m æ e n p æː	114
mähmä	m æ h m æ	0
mäihä	m æ i̯ h æ	1
mäikyä	m æ i̯ k y æˣ	0
mäiskiä	m æ i̯ s k i æˣ	0
mäiskyttää	m æ i̯ s k y tː æːˣ	0
mäiskähdellä	m æ i̯ s k æ h d e lː æˣ	0
mäiskähtää	m æ i̯ s k æ h t æːˣ	0
mäiskäyttää	m æ i̯ s k æ y tː æːˣ	0
mäjähdellä	m æ j æ h d e lː æˣ	0
mäjähtää	m æ j æ h t æːˣ	0
mäjäyttää	m æ j æ y tː æːˣ	0
mäkelä	m æ k e l æ	325
mäkeläinen	m æ k e l æ i̯ n e n	16
mäki	m æ k i	123
mäkilä	m æ k i l æ	19
mäkimaa	m æ k i m ɑː	2
mäkinen	m æ k i n e n	367
mäkisukset	m æ k i s u k s e t	0
mäkitalo	m æ k i t ɑ l o	40
mäkivyö	m æ k i ʋ y ø̯	0
mäkki	m æ kː i	0
mäkärä	m æ k æ r æ	0
mäkäräinen	m æ k æ r æ i̯ n e n	4
mällätä	m æ lː æ t æˣ	1
mämmi	m æ mː i	6
mänki	m æ ŋ k i	0
männynhavu	m æ nː y n h ɑ ʋ u	0
männynkaarna	m æ nː y n k ɑː r n ɑ	0
männynkäkkyrä	m æ nː y n k æ kː y r æ	0
männynkäkkärä	m æ nː y n k æ kː æ r æ	0
männynneulanen	m æ nː y n n e u̯ l ɑ n e n	0
männynrunko	m æ nː y n r u ŋ k o	0
männynsiemen	m æ nː y n s i e̯ m e n	0
männynversosyöpä	m æ nː y n ʋ e r s o s y ø̯ p æ	0
mäntsälä	m æ n t s æ l æ	14
mäntsäläinen	m æ n t s æ l æ i̯ n e n	0
mäntsäläläinen	m æ n t s æ l æ l æ i̯ n e n	0
mänttävilppulalainen	m æ n tː æ ʋ i l pː u l ɑ l ɑ i̯ n e n	0
mänty	m æ n t y	49
mäntyalue	m æ n t y ɑ l u eˣ	0
mäntyhalko	m æ n t y h ɑ l k o	0
mäntyharju	m æ n t y h ɑ r j u	16
mäntyharjulainen	m æ n t y h ɑ r j u l ɑ i̯ n e n	0
mäntyhirsi	m æ n t y h i r s i	0
mäntykehrääjä	m æ n t y k e h r æː j æ	0
mäntykiitäjä	m æ n t y k iː t æ j æ	0
mäntykukka	m æ n t y k u kː ɑ	1
mäntylaji	m æ n t y l ɑ j i	1
mäntylauta	m æ n t y l ɑ u̯ t ɑ	0
mäntylä	m æ n t y l æ	103
mäntymetsikkö	m æ n t y m e t s i kː ø	0
mäntymittari	m æ n t y m i tː ɑ r i	0
mäntypaneeli	m æ n t y p ɑ n eː l i	0
mäntypistiäinen	m æ n t y p i s t i æ i̯ n e n	0
mäntysaippua	m æ n t y s ɑ i̯ pː u ɑ	0
mäntysirkku	m æ n t y s i r kː u	0
mäntysuopa	m æ n t y s u o̯ p ɑ	3
mäntä	m æ n t æ	11
mäntäkone	m æ n t æ k o n eˣ	0
mäntämoottorikone	m æ n t æ m oː tː o r i k o n eˣ	0
mäntäpumppu	m æ n t æ p u m pː u	0
mäntäventtiili	m æ n t æ ʋ e n tː iː l i	0
märehtijä	m æ r e h t i j æ	2
märkiminen	m æ r k i m i n e n	0
märkiä	m æ r k i æ	8
märkiä	m æ r k i æˣ	8
märkä	m æ r k æ	39
märkämaalaus	m æ r k æ m ɑː l ɑ u s	0
märkäpaino	m æ r k æ p ɑ i̯ n o	0
märkätila	m æ r k æ t i l ɑ	1
mäskätä	m æ s k æ t æˣ	0
mässyttää	m æ sː y tː æːˣ	0
mäti	m æ t i	10
mätimuna	m æ t i m u n ɑ	0
mätitahna	m æ t i t ɑ h n ɑ	0
mätiä	m æ t i æ	10
mätiä	m æ t i æˣ	10
mätkähdellä	m æ t k æ h d e lː æˣ	0
mätkätä	m æ t k æ t æˣ	0
mätkäyttää	m æ t k æ y tː æːˣ	0
mätä	m æ t æ	3
mätäkuu	m æ t æ k uː	3
mätäneminen	m æ t æ n e m i n e n	1
mätänemiskaasu	m æ t æ n e m i s k ɑː s u	0
mätäs	m æ t æ s	0
mätässara	m æ t æ s s ɑ r ɑ	0
mätästyä	m æ t æ s t y æˣ	0
mäyrä	m æ y̯ r æ	13
mää	m æː	19
määi	m æː iˣ	0
määkiä	m æː k i æˣ	0
määkyä	m æː k y æˣ	0
määlitsä	m æː l i t s æ	0
määre	m æː r eˣ	5
määritellä	m æː r i t e lː æˣ	529
määritelmä	m æː r i t e l m æ	131
määrittelyvaihe	m æː r i tː e l y ʋ ɑ i̯ h eˣ	2
määrittäminen	m æː r i tː æ m i n e n	78
määrittää	m æː r i tː æːˣ	342
määritys	m æː r i t y s	73
määrä	m æː r æ	4357
määräasema	m æː r æ ɑ s e m ɑ	1
määräinen	m æː r æ i̯ n e n	8
määräisesti	m æː r æ i̯ s e s t iˣ	0
määräjakoislaitos	m æː r æ j ɑ k o i̯ s l ɑ i̯ t o s	0
määrämaa	m æː r æ m ɑː	0
määränpää	m æː r æ n p æː	11
määräpaikka	m æː r æ p ɑ i̯ kː ɑ	3
määräsatama	m æː r æ s ɑ t ɑ m ɑ	0
määrätarkoitus	m æː r æ t ɑ r k o i̯ t u s	0
määrättömästi	m æː r æ tː ø m æ s t iˣ	1
määrätä	m æː r æ t æˣ	471
määräys	m æː r æ y s	171
määräysvalta	m æː r æ y s ʋ ɑ l t ɑ	11
määrääjä	m æː r æː j æ	3
määrääminen	m æː r æː m i n e n	37
määräävästi	m æː r æː ʋ æ s t iˣ	1
määttä	m æː tː æ	57
määy	m æː yˣ	0
möhläys	m ø h l æ y s	1
möhnä	m ø h n æ	0
möi	m ø i̯	10
mökistä	m ø k i s t æˣ	13
mökkeillä	m ø kː e i̯ lː æˣ	0
mökki	m ø kː i	109
möllöttää	m ø lː ø tː æːˣ	1
möly	m ø l y	1
mölyapina	m ø l y ɑ p i n ɑ	0
mölähtää	m ø l æ h t æːˣ	0
mölöttää	m ø l ø tː æːˣ	0
mönjätä	m ø n j æ t æˣ	0
mönkijä	m ø ŋ k i j æ	5
mönkiä	m ø ŋ k i æˣ	0
mörkö	m ø r k ø	8
mörähtää	m ø r æ h t æːˣ	0
möyheä	m ø y̯ h e æ	0
möyhiä	m ø y̯ h i æˣ	0
möykätä	m ø y̯ k æ t æˣ	0
möyriä	m ø y̯ r i æˣ	2
naali	n ɑː l i	8
naama	n ɑː m ɑ	19
naamalleen	n ɑː m ɑ lː eː n	2
naamari	n ɑː m ɑ r i	5
naamiaispuku	n ɑː m i ɑ i̯ s p u k u	0
naamio	n ɑː m i o	9
naan	n ɑː n	2
naantali	n ɑː n t ɑ l i	30
naantalilainen	n ɑː n t ɑ l i l ɑ i̯ n e n	4
naappu	n ɑː pː u	0
naapuri	n ɑː p u r i	59
naapurialue	n ɑː p u r i ɑ l u eˣ	0
naapurivaltio	n ɑː p u r i ʋ ɑ l t i o	2
naaras	n ɑː r ɑ s	34
naarashios	n ɑː r ɑ s h i o s	0
naarmu	n ɑː r m u	5
naava	n ɑː ʋ ɑ	3
naavajäkälä	n ɑː ʋ ɑ j æ k æ l æ	0
naavaparta	n ɑː ʋ ɑ p ɑ r t ɑ	0
naevus	n ɑ e ʋ u s	0
naftisti	n ɑ f t i s t iˣ	0
nahka	n ɑ h k ɑ	37
nahkahousut	n ɑ h k ɑ h o u̯ s u t	1
nahkajalkine	n ɑ h k ɑ j ɑ l k i n eˣ	0
nahkasaapas	n ɑ h k ɑ s ɑː p ɑ s	0
nahkaselkä	n ɑ h k ɑ s e l k æ	0
nahkatuote	n ɑ h k ɑ t u o̯ t eˣ	0
nahkatyö	n ɑ h k ɑ t y ø̯	0
nahkavaate	n ɑ h k ɑ ʋ ɑː t eˣ	1
nahkea	n ɑ h k e ɑ	0
nahkiaismerta	n ɑ h k i ɑ i̯ s m e r t ɑ	0
nai	n ɑ i̯	12
nai	n ɑ i̯ˣ	12
naida	n ɑ i̯ d ɑˣ	4
naiivius	n ɑ i̯ː ʋ i u s	0
naima	n ɑ i̯ m ɑ	2
naimaikä	n ɑ i̯ m ɑ i k æ	0
naimi	n ɑ i̯ m i	0
naiminen	n ɑ i̯ m i n e n	2
naimisiin	n ɑ i̯ m i s iː n	114
nainen	n ɑ i̯ n e n	713
nais	n ɑ i̯ s	2
naisen	n ɑ i̯ s e n	616
naisenpuoli	n ɑ i̯ s e n p u o̯ l i	0
naisenryöstö	n ɑ i̯ s e n r y ø̯ s t ø	0
naishenkilö	n ɑ i̯ s h e ŋ k i l ø	3
naisisto	n ɑ i̯ s i s t o	0
naiskuva	n ɑ i̯ s k u ʋ ɑ	4
naismaisesti	n ɑ i̯ s m ɑ i̯ s e s t iˣ	0
naispari	n ɑ i̯ s p ɑ r i	1
naisrauha	n ɑ i̯ s r ɑ u̯ h ɑ	0
naistenmies	n ɑ i̯ s t e n m i e̯ s	2
naistennaurattaja	n ɑ i̯ s t e n n ɑ u̯ r ɑ tː ɑ j ɑ	0
naistenpyörä	n ɑ i̯ s t e n p y ø̯ r æ	0
naistentanssit	n ɑ i̯ s t e n t ɑ n sː i t	4
naistentauti	n ɑ i̯ s t e n t ɑ u̯ t i	0
naistentautilääkäri	n ɑ i̯ s t e n t ɑ u̯ t i l æː k æ r i	0
naistentautiopillinen	n ɑ i̯ s t e n t ɑ u̯ t i o p i lː i n e n	0
naistentautioppi	n ɑ i̯ s t e n t ɑ u̯ t i o pː i	0
naistenviikko	n ɑ i̯ s t e n ʋ iː kː o	1
naistutkimus	n ɑ i̯ s t u t k i m u s	13
naistyövoima	n ɑ i̯ s t y ø̯ ʋ o i̯ m ɑ	0
naisystävä	n ɑ i̯ s y s t æ ʋ æ	0
naittaa	n ɑ i̯ tː ɑːˣ	8
naivismi	n ɑ i̯ ʋ i s m i	2
nakata	n ɑ k ɑ t ɑˣ	5
nakki	n ɑ kː i	11
nakkikeitto	n ɑ kː i k e i̯ tː o	0
nakkila	n ɑ kː i l ɑ	12
nakkilalainen	n ɑ kː i l ɑ l ɑ i̯ n e n	0
nakuranta	n ɑ k u r ɑ n t ɑ	0
nakutus	n ɑ k u t u s	0
nalkissa	n ɑ l k i sː ɑ	0
nalkkiin	n ɑ l kː iː n	3
nalle	n ɑ lː e	59
nalli	n ɑ lː i	16
namibianlokki	n ɑ m i b i ɑ n l o kː i	0
namu	n ɑ m u	3
nana	n ɑ n ɑ	2
nandu	n ɑ n d u	0
nanismi	n ɑ n i s m i	0
nanobiotekniikka	n ɑ n o b i o t e k n iː kː ɑ	0
nanokuitu	n ɑ n o k u i̯ t u	0
nanomateriaali	n ɑ n o m ɑ t e r i ɑː l i	0
nanorakenne	n ɑ n o r ɑ k e nː eˣ	0
nanosekunti	n ɑ n o s e k u n tː i	0
nanoteknologi	n ɑ n o t e k n o l o ɡ i	0
nanoteknologia	n ɑ n o t e k n o l o ɡ i ɑ	1
nanotiede	n ɑ n o t i e̯ d eˣ	0
nanovalmistus	n ɑ n o ʋ ɑ l m i s t u s	0
napa	n ɑ p ɑ	36
napaisuus	n ɑ p ɑ i̯ s uː s	2
napaisuuskäännös	n ɑ p ɑ i̯ s uː s k æː nː ø s	0
napajää	n ɑ p ɑ j æː	0
napakaira	n ɑ p ɑ k ɑ i̯ r ɑ	1
napakasti	n ɑ p ɑ k ɑ s t iˣ	17
napakelkka	n ɑ p ɑ k e l kː ɑ	1
napakettu	n ɑ p ɑ k e tː u	2
napakoordinaatisto	n ɑ p ɑ k oː r d i n ɑː t i s t o	1
napakoordinaatit	n ɑ p ɑ k oː r d i n ɑː t i t	0
napalaskimo	n ɑ p ɑ l ɑ s k i m o	0
napapaita	n ɑ p ɑ p ɑ i̯ t ɑ	1
napapiste	n ɑ p ɑ p i s t eˣ	0
napaseutu	n ɑ p ɑ s e u̯ t u	0
napata	n ɑ p ɑ t ɑˣ	18
napatähti	n ɑ p ɑ t æ h t i	0
napeerata	n ɑ p eː r ɑ t ɑˣ	0
napintie	n ɑ p i n t i e̯	0
napoli	n ɑ p o l i	3
nappanahka	n ɑ pː ɑ n ɑ h k ɑ	0
nappi	n ɑ pː i	27
nappulakenkä	n ɑ pː u l ɑ k e ŋ k æ	0
nappulakisat	n ɑ pː u l ɑ k i s ɑ t	1
napsauttaa	n ɑ p s ɑ u tː ɑːˣ	9
napsu	n ɑ p s u	0
naputtaa	n ɑ p u tː ɑːˣ	7
narkata	n ɑ r k ɑ t ɑˣ	0
narkkis	n ɑ r kː i s	0
narraaminen	n ɑ rː ɑː m i n e n	1
narratologi	n ɑ rː ɑ t o l o ɡ i	0
narratologia	n ɑ rː ɑ t o l o ɡ i ɑ	0
narrimaisesti	n ɑ rː i m ɑ i̯ s e s t iˣ	0
narsistisesti	n ɑ r s i s t i s e s t iˣ	2
narttu	n ɑ r tː u	49
nasaalinen	n ɑ s ɑː l i n e n	0
naselli	n ɑ s e lː i	0
nasevasti	n ɑ s e ʋ ɑ s t iˣ	9
naskali	n ɑ s k ɑ l i	1
nassu	n ɑ sː u	0
nasta	n ɑ s t ɑ	7
nastahammas	n ɑ s t ɑ h ɑ mː ɑ s	0
nasu	n ɑ s u	2
natanael	n ɑ t ɑ n ɑ e l	1
natanen	n ɑ t ɑ n e n	0
nativismi	n ɑ t i ʋ i s m i	1
nato	n ɑ t o	90
natriumjodidi	n ɑ t r i u m j o d i d i	0
natriumsuola	n ɑ t r i u m s u o̯ l ɑ	1
natriumvetykarbonaatti	n ɑ t r i u m ʋ e t y k ɑ r b o n ɑː tː i	0
natsata	n ɑ t s ɑ t ɑˣ	1
natsi	n ɑ t s i	3
natsistinen	n ɑ t s i s t i n e n	0
naudanliha	n ɑ u̯ d ɑ n l i h ɑ	2
naudanpaisti	n ɑ u̯ d ɑ n p ɑ i̯ s t i	0
naudanvuota	n ɑ u̯ d ɑ n ʋ u o̯ t ɑ	0
nauhaikkuna	n ɑ u̯ h ɑ i kː u n ɑ	0
nauhakenkä	n ɑ u̯ h ɑ k e ŋ k æ	0
nauhakeraaminen	n ɑ u̯ h ɑ k e r ɑː m i n e n	0
nauhakeramiikka	n ɑ u̯ h ɑ k e r ɑ m iː kː ɑ	0
nauhamato	n ɑ u̯ h ɑ m ɑ t o	0
nauhanopeus	n ɑ u̯ h ɑ n o p e u s	0
nauhaornamentti	n ɑ u̯ h ɑ o r n ɑ m e n tː i	0
nauhapirta	n ɑ u̯ h ɑ p i r t ɑ	0
nauhoittaa	n ɑ u̯ h o i̯ tː ɑːˣ	25
nauhoittaminen	n ɑ u̯ h o i̯ tː ɑ m i n e n	2
nauhus	n ɑ u̯ h u s	0
naukua	n ɑ u̯ k u ɑˣ	0
naukuminen	n ɑ u̯ k u m i n e n	0
naula	n ɑ u̯ l ɑ	9
naulakko	n ɑ u̯ l ɑ kː o	0
naulauskone	n ɑ u̯ l ɑ u s k o n eˣ	0
naulauslevy	n ɑ u̯ l ɑ u s l e ʋ y	0
nauraa	n ɑ u̯ r ɑːˣ	112
nauraminen	n ɑ u̯ r ɑ m i n e n	9
nauris	n ɑ u̯ r i s	5
naurishuttu	n ɑ u̯ r i s h u tː u	0
naurisleipä	n ɑ u̯ r i s l e i̯ p æ	0
naurisperhonen	n ɑ u̯ r i s p e r h o n e n	1
naurispuuro	n ɑ u̯ r i s p uː r o	0
nauru	n ɑ u̯ r u	47
naurulokki	n ɑ u̯ r u l o kː i	2
naurunaihe	n ɑ u̯ r u n ɑ i̯ h eˣ	0
naurunhohotus	n ɑ u̯ r u n h o h o t u s	0
naurunremakka	n ɑ u̯ r u n r e m ɑ kː ɑ	0
naurunrähäkkä	n ɑ u̯ r u n r æ h æ kː æ	0
naurupommi	n ɑ u̯ r u p o mː i	2
naurusuin	n ɑ u̯ r u s u i̯ n	0
nauta	n ɑ u̯ t ɑ	10
nautaeläin	n ɑ u̯ t ɑ e l æ i̯ n	0
nautapaarma	n ɑ u̯ t ɑ p ɑː r m ɑ	0
nautarotu	n ɑ u̯ t ɑ r o t u	0
nautayksikkö	n ɑ u̯ t ɑ y k s i kː ø	0
nautinnollisesti	n ɑ u̯ t i nː o lː i s e s t iˣ	5
nautinnonhaluinen	n ɑ u̯ t i nː o n h ɑ l u i̯ n e n	0
nautinnonhimo	n ɑ u̯ t i nː o n h i m o	0
nautintoaine	n ɑ u̯ t i n t o ɑ i̯ n e	2
nautittavasti	n ɑ u̯ t i tː ɑ ʋ ɑ s t iˣ	3
nauttia	n ɑ u̯ tː i ɑˣ	479
nauttiminen	n ɑ u̯ tː i m i n e n	55
nauttinen	n ɑ u̯ tː i n e n	0
nau’unta	n ɑ u̯ u n t ɑ	0
navetta	n ɑ ʋ e tː ɑ	43
navigaatio	n ɑ ʋ i ɡ ɑː t i o	1
navigaattori	n ɑ ʋ i ɡ ɑː tː o r i	6
navigointi	n ɑ ʋ i ɡ o i̯ n t i	20
ne	n e	12832
nea	n e ɑ	9
nebraska	n e b r ɑ s k ɑ	1
neea	n eː ɑ	1
neekeri	n eː k e r i	8
neekerinsuukko	n eː k e r i n s uː kː o	0
nefeliinisyeniitti	n e f e l iː n i s y e n iː tː i	0
nefeliniitti	n e f e l i n iː tː i	0
nefelometri	n e f e l o m e t r i	0
nefelometria	n e f e l o m e t r i ɑ	0
nefrologi	n e f r o l o ɡ i	0
negatiivi	n e ɡ ɑ t iː ʋ i	2
negatiividefiniitti	n e ɡ ɑ t iː ʋ i d e f i n iː tː i	0
neidonkenkä	n e i̯ d o n k e ŋ k æ	1
neilikka	n e i̯ l i kː ɑ	8
neiti	n e i̯ t i	58
neito	n e i̯ t o	27
neitoperhonen	n e i̯ t o p e r h o n e n	0
neitseellisesti	n e i̯ t s eː lː i s e s t iˣ	0
neitsyt	n e i̯ t s y t	34
nekka	n e kː ɑ	0
nekrobioosi	n e k r o b i oː s i	0
nekrobioottinen	n e k r o b i oː tː i n e n	0
nekroosi	n e k r oː s i	1
nekrotisoitua	n e k r o t i s o i̯ t u ɑˣ	0
nekru	n e k r u	0
nektariini	n e k t ɑ r iː n i	0
nekö	n e k ø	0
neliapila	n e l i ɑ p i l ɑ	5
nelijono	n e l i j o n o	0
nelikko	n e l i kː o	15
nelikulmio	n e l i k u l m i o	2
nelinkertaisesti	n e l i n k e r t ɑ i̯ s e s t iˣ	8
nelipuu	n e l i p uː	0
neliraajahalvaantunut	n e l i r ɑː j ɑ h ɑ l ʋ ɑː n t u n u t	1
nelisin	n e l i s i n	0
nelisointu	n e l i s o i̯ n t u	0
nelitahokas	n e l i t ɑ h o k ɑ s	0
nelittäin	n e l i tː æ i̯ n	0
nelivektori	n e l i ʋ e k t o r i	0
nelivärinäkö	n e l i ʋ æ r i n æ k ø	0
neliväriprosessi	n e l i ʋ æ r i p r o s e sː i	0
nelivärisarja	n e l i ʋ æ r i s ɑ r j ɑ	0
neliäänisesti	n e l i æː n i s e s t iˣ	1
neliö	n e l i ø	30
neliöittäin	n e l i ø i̯ tː æ i̯ n	1
neliökeskiarvo	n e l i ø k e s k i ɑ r ʋ o	0
neliöluku	n e l i ø l u k u	0
neliömassa	n e l i ø m ɑ sː ɑ	1
neliömuoto	n e l i ø m u o̯ t o	1
neliöputki	n e l i ø p u t k i	0
neliösumma	n e l i ø s u mː ɑ	1
neliötanko	n e l i ø t ɑ ŋ k o	0
neliövapaa	n e l i ø ʋ ɑ p ɑː	0
neljä	n e l j æ	2462
neljäkymmentä	n e l j æ k y mː e n t æ	51
neljäkäs	n e l j æ k æ s	0
neljänneskilo	n e l j æ nː e s k i l o	0
neljännesvälierä	n e l j æ nː e s ʋ æ l i e r æ	0
neljäs	n e l j æ s	367
neljäsosatauko	n e l j æ s o s ɑ t ɑ u̯ k o	0
neljästään	n e l j æ s t æː n	0
neljätoista	n e l j æ t o i̯ s t ɑ	49
neljäulotteinen	n e l j æ u l o tː e i̯ n e n	0
nelli	n e lː i	10
nenetsia	n e n e t s i ɑ	0
nentti	n e n tː i	0
nenu	n e n u	0
nenä	n e n æ	49
nenäapina	n e n æ ɑ p i n ɑ	0
nenäkoru	n e n æ k o r u	0
nenäliina	n e n æ l iː n ɑ	1
nenänpää	n e n æ n p æː	0
nenätipat	n e n æ t i p ɑ t	0
nenätysten	n e n æ t y s t e n	0
neogeeni	n e o ɡ eː n i	0
neogeenikausi	n e o ɡ eː n i k ɑ u̯ s i	0
neonatologia	n e o n ɑ t o l o ɡ i ɑ	0
neosomi	n e o s o m i	0
neoteeninen	n e o t eː n i n e n	0
neotyyppi	n e o t yː pː i	0
nepata	n e p ɑ t ɑˣ	0
neppaus	n e pː ɑ u s	0
neppiauto	n e pː i ɑ u t o	0
neptunus	n e p t u n u s	6
nero	n e r o	9
neroille	n e r o i̯ lː eˣ	0
nerous	n e r o u s	11
nesessääri	n e s e sː æː r i	0
nestata	n e s t ɑ t ɑˣ	0
neste	n e s t eˣ	129
nesteenpoisto	n e s t eː n p o i̯ s t o	0
nesteenpoistolääke	n e s t eː n p o i̯ s t o l æː k eˣ	0
nesteensiirto	n e s t eː n s iː r t o	0
nestefysiikka	n e s t eˣ f y s iː kː ɑ	0
nestejännitys	n e s t eˣ j æ nː i t y s	1
nestekaasukeitin	n e s t eˣ k ɑː s u k e i̯ t i n	0
nestekytkin	n e s t eˣ k y t k i n	0
nestesaippua	n e s t eˣ s ɑ i̯ pː u ɑ	1
nestetasapaino	n e s t eˣ t ɑ s ɑ p ɑ i̯ n o	2
nestetyppi	n e s t eˣ t y pː i	0
nestevoitelu	n e s t eˣ ʋ o i̯ t e l u	0
nestor	n e s t o r	2
nestori	n e s t o r i	7
net	n e t	48
netiketti	n e t i k e tː i	6
netta	n e tː ɑ	3
nettikauppa	n e tː i k ɑ u̯ pː ɑ	7
nettoaika	n e tː o ɑ i̯ k ɑ	0
nettoansio	n e tː o ɑ n s i o	0
nettoarvo	n e tː o ɑ r ʋ o	1
nettopalkka	n e tː o p ɑ l kː ɑ	4
nettovetoisuus	n e tː o ʋ e t o i̯ s uː s	0
neukku	n e u̯ kː u	0
neula	n e u̯ l ɑ	19
neulakinnas	n e u̯ l ɑ k i nː ɑ s	0
neulakinnastekniikka	n e u̯ l ɑ k i nː ɑ s t e k n iː kː ɑ	0
neulakota	n e u̯ l ɑ k o t ɑ	0
neulanreikäkamera	n e u̯ l ɑ n r e i̯ k æ k ɑ m e r ɑ	3
neulapitsi	n e u̯ l ɑ p i t s i	0
neulaputki	n e u̯ l ɑ p u t k i	0
neulata	n e u̯ l ɑ t ɑˣ	0
neule	n e u̯ l eˣ	4
neulekone	n e u̯ l eˣ k o n eˣ	0
neulepusero	n e u̯ l eˣ p u s e r o	0
neuletakki	n e u̯ l eˣ t ɑ kː i	1
neuletyö	n e u̯ l eˣ t y ø̯	0
neulikko	n e u̯ l i kː o	0
neuloa	n e u̯ l o ɑˣ	0
neulomus	n e u̯ l o m u s	0
neulonta	n e u̯ l o n t ɑ	1
neumaattinen	n e u̯ m ɑː tː i n e n	0
neumi	n e u̯ m i	0
neuroanatomia	n e u̯ r o ɑ n ɑ t o m i ɑ	0
neurobiologi	n e u̯ r o b i o l o ɡ i	0
neurofysiologi	n e u̯ r o f y s i o l o ɡ i	1
neurohypofyysi	n e u̯ r o h y p o f yː s i	0
neurolingvistinen	n e u̯ r o l i ŋ ʋ i s t i n e n	5
neurooma	n e u̯ r oː m ɑ	0
neuropsykologi	n e u̯ r o p s y k o l o ɡ i	5
neurosirkulatorinen	n e u̯ r o s i r k u l ɑ t o r i n e n	0
neurosyfilis	n e u̯ r o s y f i l i s	0
neutraali	n e u̯ t r ɑː l i	39
neutraalialkio	n e u̯ t r ɑː l i ɑ l k i o	0
neutralisaatiotekniikka	n e u̯ t r ɑ l i s ɑː t i o t e k n iː kː ɑ	0
neutraloituminen	n e u̯ t r ɑ l o i̯ t u m i n e n	0
neutriino	n e u̯ t r iː n o	8
neutroni	n e u̯ t r o n i	2
neutroniluku	n e u̯ t r o n i l u k u	0
neutropenia	n e u̯ t r o p e n i ɑ	0
neuvo	n e u̯ ʋ o	36
neuvo	n e u̯ ʋ oˣ	36
neuvoa	n e u̯ ʋ o ɑ	166
neuvoa	n e u̯ ʋ o ɑˣ	166
neuvokkaasti	n e u̯ ʋ o kː ɑː s t iˣ	2
neuvolakortti	n e u̯ ʋ o l ɑ k o r tː i	1
neuvos	n e u̯ ʋ o s	2
neuvostoliitto	n e u̯ ʋ o s t o l iː tː o	66
neuvotteleminen	n e u̯ ʋ o tː e l e m i n e n	5
neuvottelupäivät	n e u̯ ʋ o tː e l u p æ i̯ ʋ æ t	13
neuvottelutaitoinen	n e u̯ ʋ o tː e l u t ɑ i̯ t o i̯ n e n	1
neva	n e ʋ ɑ	6
nevada	n e ʋ ɑ d ɑ	5
nevajärvi	n e ʋ ɑ j æ r ʋ i	0
nevakorpi	n e ʋ ɑ k o r p i	0
nevalainen	n e ʋ ɑ l ɑ i̯ n e n	43
nevaniitty	n e ʋ ɑ n iː tː y	0
nevaräme	n e ʋ ɑ r æ m eˣ	0
newfoundland	n j yː f ɑ u n d l æ n d	0
newton	n j uː tː o n	14
newton	n j yː tː o n	14
newton	n yː tː o n	14
newtonilainen	n j uː tː o n i l ɑ i̯ n e n	0
newtonilainen	n j yː tː o n i l ɑ i̯ n e n	0
newtonilainen	n yː tː o n i l ɑ i̯ n e n	0
niagaran	n i ɑ ɡ ɑ r ɑ n	6
nide	n i d eˣ	9
nidoksittain	n i d o k s i tː ɑ i̯ n	0
niellä	n i e̯ lː æˣ	16
nielu	n i e̯ l u	10
nielurisa	n i e̯ l u r i s ɑ	0
niemeke	n i e̯ m e k eˣ	1
niemelä	n i e̯ m e l æ	122
niemi	n i e̯ m i	315
nieminen	n i e̯ m i n e n	272
nieriä	n i e̯ r i æ	5
nietos	n i e̯ t o s	0
nihkeästi	n i h k e æ s t iˣ	19
nihti	n i h t i	8
nii	n iː	34
niiden	n iː d e n	9220
niillä	n iː lː æ	834
niilo	n iː l o	90
niin	n iː	20094
niin	n iː n	20094
niina	n iː n ɑ	94
niinet	n iː n e t	0
niinisyy	n iː n i s yː	0
niinityö	n iː n i t y ø̯	0
niisi	n iː s i	0
niisinauha	n iː s i n ɑ u̯ h ɑ	0
niisipuu	n iː s i p uː	0
niistää	n iː s t æːˣ	1
niittauskone	n iː tː ɑ u s k o n eˣ	0
niittausvasara	n iː tː ɑ u s ʋ ɑ s ɑ r ɑ	0
niitten	n iː tː e n	70
niitti	n iː tː i	11
niittiliitos	n iː tː i l iː t o s	0
niittokone	n iː tː o k o n eˣ	1
niittomurskain	n iː tː o m u r s k ɑ i̯ n	3
niittosilppuri	n iː tː o s i l pː u r i	0
niittosirppi	n iː tː o s i r pː i	0
niittykasvi	n iː tː y k ɑ s ʋ i	0
niittyleinikki	n iː tː y l e i̯ n i kː i	1
niittynätkelmä	n iː tː y n æ t k e l m æ	0
niittypirtti	n iː tː y p i r tː i	1
niittysauna	n iː tː y s ɑ u̯ n ɑ	0
niittysuolaheinä	n iː tː y s u o̯ l ɑ h e i̯ n æ	0
niittyvilla	n iː tː y ʋ i lː ɑ	2
niittäminen	n iː tː æ m i n e n	3
niittää	n iː tː æːˣ	15
nikkilä	n i kː i l æ	23
niklas	n i k l ɑ s	42
niko	n i k o	71
nikolai	n i k o l ɑ i̯	55
nikotiini	n i k o t iː n i	17
niksi	n i k s i	5
nikula	n i k u l ɑ	43
nila	n i l ɑ	2
nilelle	n i l e lː eˣ	1
nilellä	n i l e lː æ	0
nilkka	n i l kː ɑ	19
nilkkasukka	n i l kː ɑ s u kː ɑ	0
nilkki	n i l kː i	3
nilpotentti	n i l p o t e n tː i	0
nimbostratus	n i m b o s t r ɑ t u s	0
nimbus	n i m b u s	4
nimellismitta	n i m e lː i s m i tː ɑ	0
nimellispalkka	n i m e lː i s p ɑ l kː ɑ	0
nimenanto	n i m e n ɑ n t o	1
nimenhuuto	n i m e n h uː t o	12
nimenhuutoäänestys	n i m e n h uː t o æː n e s t y s	10
nimenkirjoittaja	n i m e n k i r j o i̯ tː ɑ j ɑ	0
nimenkirjoitusoikeus	n i m e n k i r j o i̯ t u s o i̯ k e u s	1
nimenmuutos	n i m e n m uː t o s	15
nimenomaan	n i m e n o m ɑː n	1006
nimenselvennys	n i m e n s e l ʋ e nː y s	0
nimenselvennös	n i m e n s e l ʋ e nː ø s	0
nimenväärennys	n i m e n ʋ æː r e nː y s	0
nimenväärennös	n i m e n ʋ æː r e nː ø s	0
nimetä	n i m e t æˣ	239
nimetön	n i m e t ø n	16
nimi	n i m i	2221
nimiavaruus	n i m i ɑ ʋ ɑ r uː s	0
nimihakemisto	n i m i h ɑ k e m i s t o	1
nimihenkilö	n i m i h e ŋ k i l ø	0
nimikilpi	n i m i k i l p i	1
nimikirja	n i m i k i r j ɑ	4
nimikirjanote	n i m i k i r j ɑ n o t eˣ	7
nimikkotuoli	n i m i kː o t u o̯ l i	0
nimikortti	n i m i k o r tː i	0
nimikristitty	n i m i k r i s t i tː y	0
nimikuulu	n i m i k uː l u	0
nimilaatta	n i m i l ɑː tː ɑ	0
nimilehti	n i m i l e h t i	1
nimileima	n i m i l e i̯ m ɑ	2
nimileimasin	n i m i l e i̯ m ɑ s i n	0
nimilippu	n i m i l i pː u	0
nimilista	n i m i l i s t ɑ	8
nimiloppu	n i m i l o pː u	0
nimiluettelo	n i m i l u e tː e l o	4
nimimies	n i m i m i e̯ s	2
nimimuisti	n i m i m u i̯ s t i	2
niminen	n i m i n e n	50
nimineula	n i m i n e u̯ l ɑ	1
niminovelli	n i m i n o ʋ e lː i	1
nimiosa	n i m i o s ɑ	0
nimiosake	n i m i o s ɑ k eˣ	0
nimiruno	n i m i r u n o	0
nimisiirto	n i m i s iː r t o	0
nimisivu	n i m i s i ʋ u	0
nimismies	n i m i s m i e̯ s	45
nimitapa	n i m i t ɑ p ɑ	0
nimitaulu	n i m i t ɑ u̯ l u	0
nimitellä	n i m i t e lː æˣ	1
nimittää	n i m i tː æːˣ	129
nimitutkimus	n i m i t u t k i m u s	0
nimitysjärjestelmä	n i m i t y s j æ r j e s t e l m æ	1
nimiölehti	n i m i ø l e h t i	2
nimiösivu	n i m i ø s i ʋ u	1
nina	n i n ɑ	142
nina	n iː n ɑ	142
nipistää	n i p i s t æːˣ	5
nippi	n i pː i	0
nippu	n i pː u	30
nippuside	n i pː u s i d eˣ	1
nipuittain	n i p u i̯ tː ɑ i̯ n	0
nirkko	n i r kː o	6
nirpalla	n i r p ɑ lː ɑ	0
nirpallaan	n i r p ɑ lː ɑː n	0
nirpassa	n i r p ɑ sː ɑ	0
nirsosti	n i r s o s t iˣ	1
niska	n i s k ɑ	20
niskakoulu	n i s k ɑ k o u̯ l u	0
niskala	n i s k ɑ l ɑ	17
niskalenkkitoppi	n i s k ɑ l e ŋ kː i t o pː i	0
niskanen	n i s k ɑ n e n	72
niskatyyny	n i s k ɑ t yː n y	0
niskavillat	n i s k ɑ ʋ i lː ɑ t	0
nispero	n i s p e r o	0
nissi	n i sː i	14
nisu	n i s u	2
nisä	n i s æ	0
nisäkäs	n i s æ k æ s	7
nitistää	n i t i s t æːˣ	1
nitomakone	n i t o m ɑ k o n eˣ	0
nitraatti	n i t r ɑː tː i	1
nitraattifilmi	n i t r ɑː tː i f i l m i	0
nitraattityppi	n i t r ɑː tː i t y pː i	0
nitrata	n i t r ɑ t ɑˣ	0
nitraus	n i t r ɑ u s	1
nitrifikaatio	n i t r i f i k ɑː t i o	3
nitriitti	n i t r iː tː i	2
nitro	n i t r o	4
nitrogenaasi	n i t r o ɡ e n ɑː s i	0
niukalti	n i u̯ k ɑ l t iˣ	13
niukkaravinteinen	n i u̯ kː ɑ r ɑ ʋ i n t e i̯ n e n	0
niukkasanaisesti	n i u̯ kː ɑ s ɑ n ɑ i̯ s e s t iˣ	0
nivala	n i ʋ ɑ l ɑ	15
nivalainen	n i ʋ ɑ l ɑ i̯ n e n	1
nivalalainen	n i ʋ ɑ l ɑ l ɑ i̯ n e n	0
nivelnasta	n i ʋ e l n ɑ s t ɑ	0
nivelpsoriaasi	n i ʋ e l p s o r i ɑː s i	0
nivelpussi	n i ʋ e l p u sː i	0
nivelsairaus	n i ʋ e l s ɑ i̯ r ɑ u s	0
nivelsärky	n i ʋ e l s æ r k y	2
niveläes	n i ʋ e l æ e s	0
nivustaive	n i ʋ u s t ɑ i̯ ʋ eˣ	0
nizza	n i t s ɑ	6
nmky	æ nː æ mː k oː yː	13
nnky	æ nː æ n k oː yː	6
nobo	n o b o	0
nodulaarinen	n o d u l ɑː r i n e n	0
noen	n o e n	10
noet	n o e t	0
nogai	n o ɡ ɑ i̯	0
noh	n o h	7
noi	n o i̯	27
noiden	n o i̯ d e n	64
noin	n o i̯ n	13890
noita	n o i̯ t ɑ	109
noitapiiri	n o i̯ t ɑ p iː r i	0
noitasapatti	n o i̯ t ɑ s ɑ p ɑ tː i	0
noitten	n o i̯ tː e n	5
noitua	n o i̯ t u ɑˣ	0
noja	n o j ɑ	0
nojassa	n o j ɑ sː ɑ	2
nojatuoli	n o j ɑ t u o̯ l i	4
nokakkain	n o k ɑ kː ɑ i̯ n	2
nokatusten	n o k ɑ t u s t e n	2
noki	n o k i	5
noki	n o k iˣ	5
nokia	n o k i ɑ	407
nokialainen	n o k i ɑ l ɑ i̯ n e n	3
nokihärmä	n o k i h æ r m æ	0
nokikkain	n o k i kː ɑ i̯ n	7
nokipalo	n o k i p ɑ l o	0
nokiperhonen	n o k i p e r h o n e n	0
nokisara	n o k i s ɑ r ɑ	0
nokisieni	n o k i s i e̯ n i	0
nokittain	n o k i tː ɑ i̯ n	0
nokitusten	n o k i t u s t e n	0
nokivalkea	n o k i ʋ ɑ l k e ɑ	0
nokka	n o kː ɑ	38
nokkaeläin	n o kː ɑ e l æ i̯ n	0
nokkahuilisti	n o kː ɑ h u i̯ l i s t i	0
nokkahuilu	n o kː ɑ h u i̯ l u	3
nokkakolari	n o kː ɑ k o l ɑ r i	2
nokkasara	n o kː ɑ s ɑ r ɑ	0
nokkasiili	n o kː ɑ s iː l i	0
nokkava	n o kː ɑ ʋ ɑ	1
nokkavarpunen	n o kː ɑ ʋ ɑ r p u n e n	1
nokkavasti	n o kː ɑ ʋ ɑ s t iˣ	0
nokki	n o kː i	2
nokkia	n o kː i ɑ	4
nokkia	n o kː i ɑˣ	4
nokkonen	n o kː o n e n	14
nokkosihottuma	n o kː o s i h o tː u m ɑ	1
nokkoskasvi	n o kː o s k ɑ s ʋ i	0
nokkoskeitto	n o kː o s k e i̯ tː o	0
nokkosperhonen	n o kː o s p e r h o n e n	0
nokkosrokko	n o kː o s r o kː o	0
nokturno	n o k t u r n o	0
nolla	n o lː ɑ	87
nollaenergiatalo	n o lː ɑ e n e r ɡ i ɑ t ɑ l o	0
nollajakaja	n o lː ɑ j ɑ k ɑ j ɑ	0
nollakeli	n o lː ɑ k e l i	1
nollakohta	n o lː ɑ k o h t ɑ	5
nollakoko	n o lː ɑ k o k o	0
nollanjakaja	n o lː ɑ n j ɑ k ɑ j ɑ	0
nollapeli	n o lː ɑ p e l i	5
nollapersoona	n o lː ɑ p e r s oː n ɑ	0
nollas	n o lː ɑ s	0
nollasti	n o lː ɑ s t iˣ	0
nollata	n o lː ɑ t ɑˣ	16
nollaulotteinen	n o lː ɑ u l o tː e i̯ n e n	0
nolo	n o l o	4
noloissaan	n o l o i̯ sː ɑː n	0
nolosti	n o l o s t iˣ	1
nomadismi	n o m ɑ d i s m i	0
nominaaliasteikko	n o m i n ɑː l i ɑ s t e i̯ kː o	0
nominatiiviakkusatiivi	n o m i n ɑ t iː ʋ i ɑ kː u s ɑ t iː ʋ i	0
noni	n o n i	1
noninvasiivinen	n o n i n ʋ ɑ s iː ʋ i n e n	0
nooa	n oː ɑ	14
noomi	n oː m i	5
nooni	n oː n i	0
noonisointu	n oː n i s o i̯ n t u	0
noora	n oː r ɑ	60
nopea	n o p e ɑ	639
nopeus	n o p e u s	398
nopeuslaki	n o p e u s l ɑ k i	0
nopeusvakio	n o p e u s ʋ ɑ k i o	0
noppa	n o pː ɑ	2
noppakivi	n o pː ɑ k i ʋ i	0
nordisti	n o r d i s t i	0
noriitti	n o r iː tː i	0
norja	n o r j ɑ	138
norjalainen	n o r j ɑ l ɑ i̯ n e n	52
norjalaismies	n o r j ɑ l ɑ i̯ s m i e̯ s	0
norjalaisnainen	n o r j ɑ l ɑ i̯ s n ɑ i̯ n e n	0
norkko	n o r kː o	0
norlanti	n o r l ɑ n t i	0
normaali	n o r m ɑː l i	448
normaaliaika	n o r m ɑː l i ɑ i̯ k ɑ	1
normaalihomo	n o r m ɑː l i h o m o	0
normaalijakautunut	n o r m ɑː l i j ɑ k ɑ u t u n u t	0
normaalikiihtyvyys	n o r m ɑː l i k iː h t y ʋ yː s	0
normaalikynttilä	n o r m ɑː l i k y n tː i l æ	0
normaalimuotoinen	n o r m ɑː l i m u o̯ t o i̯ n e n	0
normaaliolot	n o r m ɑː l i o l o t	1
normaalivektori	n o r m ɑː l i ʋ e k t o r i	0
normaalivuosi	n o r m ɑː l i ʋ u o̯ s i	0
normaaliyhtälö	n o r m ɑː l i y h t æ l ø	2
normalisoiminen	n o r m ɑ l i s o i̯ m i n e n	0
normalisoimisprosessi	n o r m ɑ l i s o i̯ m i s p r o s e sː i	0
normeerautuva	n o r m eː r ɑ u t u ʋ ɑ	0
normipaine	n o r m i p ɑ i̯ n eˣ	0
normipalkka	n o r m i p ɑ l kː ɑ	0
normitusvakio	n o r m i t u s ʋ ɑ k i o	0
normo	n o r m o	0
norovirus	n o r o ʋ i r u s	0
norri	n o rː i	5
norsu	n o r s u	13
norsunheinä	n o r s u n h e i̯ n æ	0
norsunluurannikko	n o r s u n l uː r ɑ nː i kː o	1
norsupallo	n o r s u p ɑ lː o	0
norsupäästäinen	n o r s u p æː s t æ i̯ n e n	0
noskapiini	n o s k ɑ p iː n i	1
nostaa	n o s t ɑːˣ	893
nostatusaine	n o s t ɑ t u s ɑ i̯ n eˣ	0
noste	n o s t eˣ	4
nostokoukku	n o s t o k o u̯ kː u	2
nostokyky	n o s t o k y k y	8
nostoköysi	n o s t o k ø y̯ s i	1
nostolaite	n o s t o l ɑ i̯ t eˣ	5
nostolava	n o s t o l ɑ ʋ ɑ	0
nostolupa	n o s t o l u p ɑ	0
nostopumppu	n o s t o p u m pː u	0
nostoruuvi	n o s t o r uː ʋ i	0
nostotalja	n o s t o t ɑ l j ɑ	0
nostotyyny	n o s t o t yː n y	0
nostoverkko	n o s t o ʋ e r kː o	0
nostoväki	n o s t o ʋ æ k i	0
nosturialus	n o s t u r i ɑ l u s	0
nosturiauto	n o s t u r i ɑ u t o	0
notkea	n o t k e ɑ	6
notkeagibboni	n o t k e ɑ ɡ i bː o n i	0
notkeasti	n o t k e ɑ s t iˣ	5
notko	n o t k o	9
notkoselkä	n o t k o s e l k æ	0
notski	n o t s k i	1
nougat	n u ɡ ɑː	0
noukkia	n o u̯ kː i ɑˣ	6
nouseminen	n o u̯ s e m i n e n	24
nousiainen	n o u̯ s i ɑ i̯ n e n	42
nousiaislainen	n o u̯ s i ɑ i̯ s l ɑ i̯ n e n	0
nousta	n o u̯ s t ɑˣ	316
noustelainen	n o u̯ s t e l ɑ i̯ n e n	0
nousuaika	n o u̯ s u ɑ i̯ k ɑ	1
nousukala	n o u̯ s u k ɑ l ɑ	0
nousukasmaisesti	n o u̯ s u k ɑ s m ɑ i̯ s e s t iˣ	0
nousukiito	n o u̯ s u k iː t o	0
nousukulma	n o u̯ s u k u l m ɑ	0
nousupaine	n o u̯ s u p ɑ i̯ n eˣ	1
noutaa	n o u̯ t ɑːˣ	159
noutaja	n o u̯ t ɑ j ɑ	12
noutopiste	n o u̯ t o p i s t eˣ	0
noutopöytä	n o u̯ t o p ø y̯ t æ	5
novascotiannoutaja	n o ʋ ɑ s k o t i ɑ n n o u̯ t ɑ j ɑ	1
novascotiannoutaja	n o ʋ ɑ s k o u̯ ʃ ɑ n n o u̯ t ɑ j ɑ	1
novelli	n o ʋ e lː i	22
novemoli	n o ʋ e m o l i	0
nubianvilliaasi	n uː b i ɑ n ʋ i lː i ɑː s i	0
nudismi	n u d i s m i	0
nudisti	n u d i s t i	0
nugaa	n u ɡ ɑː	0
nuha	n u h ɑ	19
nuhalääke	n u h ɑ l æː k eˣ	1
nuhatipat	n u h ɑ t i p ɑ t	1
nuhde	n u h d eˣ	1
nuhdesaarna	n u h d eˣ s ɑː r n ɑ	0
nuhrata	n u h r ɑ t ɑˣ	0
nuhteeton	n u h t eː t o n	6
nuija	n u i̯ j ɑ	6
nuijakalastus	n u i̯ j ɑ k ɑ l ɑ s t u s	0
nuijasara	n u i̯ j ɑ s ɑ r ɑ	1
nuivasti	n u i̯ ʋ ɑ s t iˣ	5
nujakka	n u j ɑ kː ɑ	0
nukahtaa	n u k ɑ h t ɑːˣ	16
nukahtamislääke	n u k ɑ h t ɑ m i s l æː k eˣ	0
nukenrattaat	n u k e n r ɑ tː ɑː t	0
nukenvaate	n u k e n ʋ ɑː t eˣ	0
nukenvaunut	n u k e n ʋ ɑ u̯ n u t	0
nukka	n u kː ɑ	3
nukkasihti	n u kː ɑ s i h t i	0
nukke	n u kː e	13
nukkehallitus	n u kː e h ɑ lː i t u s	0
nukkua	n u kː u ɑˣ	77
nukkuja	n u kː u j ɑ	0
nukkumaanmenoaika	n u kː u m ɑː n m e n o ɑ i̯ k ɑ	2
nukleoidi	n u k l e o i̯ d i	0
nukleosidi	n u k l e o s i d i	0
nuku	n u k uˣ	10
nukutuskaasu	n u k u t u s k ɑː s u	0
nulju	n u l j u	0
numeroiminen	n u m e r o i̯ m i n e n	0
numerollisesti	n u m e r o lː i s e s t iˣ	3
numerologi	n u m e r o l o ɡ i	0
numeronäyttö	n u m e r o n æ y̯ tː ø	3
numeropallo	n u m e r o p ɑ lː o	0
numerotaulu	n u m e r o t ɑ u̯ l u	1
numerotieto	n u m e r o t i e̯ t o	1
numerovalitsin	n u m e r o ʋ ɑ l i t s i n	0
nummi	n u mː i	27
nuo	n u o̯	286
nuode	n u o̯ d eˣ	0
nuohousharja	n u o̯ h o u s h ɑ r j ɑ	0
nuohouspiiri	n u o̯ h o u s p iː r i	0
nuokkua	n u o̯ kː u ɑˣ	1
nuokuksiin	n u o̯ k u k s iː n	0
nuokuksissa	n u o̯ k u k s i sː ɑ	0
nuoleminen	n u o̯ l e m i n e n	1
nuolenpääkirjoitus	n u o̯ l e n p æː k i r j o i̯ t u s	0
nuoli	n u o̯ l i	46
nuolihaukka	n u o̯ l i h ɑ u̯ kː ɑ	3
nuolijuna	n u o̯ l i j u n ɑ	0
nuolimyrkkysammakko	n u o̯ l i m y r kː y s ɑ mː ɑ kː o	0
nuolla	n u o̯ lː ɑˣ	5
nuollen	n u o̯ lː e n	1
nuora	n u o̯ r ɑ	3
nuorakeraaminen	n u o̯ r ɑ k e r ɑː m i n e n	1
nuorakeramiikka	n u o̯ r ɑ k e r ɑ m iː kː ɑ	0
nuoremmakseen	n u o̯ r e mː ɑ k s eː n	0
nuoremmuuttaan	n u o̯ r e mː uː tː ɑː n	0
nuori	n u o̯ r i	885
nuorikarja	n u o̯ r i k ɑ r j ɑ	0
nuorimies	n u o̯ r i m i e̯ s	13
nuoripari	n u o̯ r i p ɑ r i	12
nuorisoasema	n u o̯ r i s o ɑ s e m ɑ	5
nuorisoasiainneuvos	n u o̯ r i s o ɑ s i ɑ i̯ n n e u̯ ʋ o s	0
nuorisokerho	n u o̯ r i s o k e r h o	0
nuorisokulttuuri	n u o̯ r i s o k u l tː uː r i	6
nuorisopoliisi	n u o̯ r i s o p o l iː s i	0
nuorisotilat	n u o̯ r i s o t i l ɑ t	16
nuorittajoki	n u o̯ r i tː ɑ j o k i	0
nuorkarja	n u o̯ r k ɑ r j ɑ	1
nuorkauppakamari	n u o̯ r k ɑ u̯ pː ɑ k ɑ m ɑ r i	10
nuoruuskausi	n u o̯ r uː s k ɑ u̯ s i	0
nuoruusvuosi	n u o̯ r uː s ʋ u o̯ s i	0
nuoskakeli	n u o̯ s k ɑ k e l i	0
nuoskasää	n u o̯ s k ɑ s æː	0
nuotanveto	n u o̯ t ɑ n ʋ e t o	1
nuotinlukutaito	n u o̯ t i n l u k u t ɑ i̯ t o	2
nuotinnos	n u o̯ t i nː o s	1
nuotinpää	n u o̯ t i n p æː	0
nuotintaa	n u o̯ t i n t ɑː	1
nuotinvarsi	n u o̯ t i n ʋ ɑ r s i	0
nuotiopiiri	n u o̯ t i o p iː r i	0
nuotiotuli	n u o̯ t i o t u l i	0
nuotisto	n u o̯ t i s t o	4
nuotta	n u o̯ tː ɑ	3
nuottakota	n u o̯ tː ɑ k o t ɑ	2
nuotti	n u o̯ tː i	9
nuottiarvo	n u o̯ tː i ɑ r ʋ o	0
nupouttaa	n u p o u tː ɑːˣ	0
nuppisara	n u pː i s ɑ r ɑ	0
nureissaan	n u r e i̯ sː ɑː n	0
nurin	n u r i n	42
nurinkurisesti	n u r i n k u r i s e s t iˣ	3
nurjasti	n u r j ɑ s t iˣ	0
nurkakkain	n u r k ɑ kː ɑ i̯ n	0
nurkikkain	n u r k i kː ɑ i̯ n	0
nurkilla	n u r k i lː ɑ	6
nurkille	n u r k i lː eˣ	3
nurkittain	n u r k i tː ɑ i̯ n	2
nurkka	n u r kː ɑ	8
nurkkahylly	n u r kː ɑ h y lː y	0
nurkkakaappi	n u r kː ɑ k ɑː pː i	0
nurkkakivi	n u r kː ɑ k i ʋ i	0
nurkkalista	n u r kː ɑ l i s t ɑ	0
nurkkasalvostekniikka	n u r kː ɑ s ɑ l ʋ o s t e k n iː kː ɑ	0
nurkua	n u r k u ɑˣ	0
nurmekselainen	n u r m e k s e l ɑ i̯ n e n	1
nurmes	n u r m e s	15
nurmeslainen	n u r m e s l ɑ i̯ n e n	0
nurmi	n u r m i	134
nurmijärveläinen	n u r m i j æ r ʋ e l æ i̯ n e n	4
nurmijärvi	n u r m i j æ r ʋ i	23
nurmijärvinen	n u r m i j æ r ʋ i n e n	0
nurmilaukka	n u r m i l ɑ u̯ kː ɑ	1
nurminata	n u r m i n ɑ t ɑ	2
nurminen	n u r m i n e n	86
nurmipallo	n u r m i p ɑ lː o	0
nurmipora	n u r m i p o r ɑ	0
nussia	n u sː i ɑˣ	3
nussiminen	n u sː i m i n e n	1
nuta	n u t ɑ	0
nutiluu	n u t i l uː	0
nutriaturkki	n u t r i ɑ t u r kː i	0
nutrigenomiikka	n u t r i ɡ e n o m iː kː ɑ	0
nuudeli	n uː d e l i	0
nuuduksissa	n uː d u k s i sː ɑ	0
nuukasti	n uː k ɑ s t iˣ	2
nuupi	n uː p i	0
nuuska	n uː s k ɑ	3
nuuskasarvi	n uː s k ɑ s ɑ r ʋ i	0
nuutti	n uː tː i	6
nuuttipukki	n uː tː i p u kː i	0
nyhjöttää	n y h j ø tː æːˣ	1
nyhtäminen	n y h t æ m i n e n	2
nyhtää	n y h t æːˣ	1
nyhtökaura	n y h t ø k ɑ u̯ r ɑ	0
nyhälaitainen	n y h æ l ɑ i̯ t ɑ i̯ n e n	0
nyit	n y i̯ t	0
nykerö	n y k e r ø	0
nykiä	n y k i æˣ	0
nykki	n y kː i	0
nykyaika	n y k y ɑ i̯ k ɑ	20
nykyarvo	n y k y ɑ r ʋ o	13
nykyiselleen	n y k y i̯ s e lː eː n	5
nykyjään	n y k y j æː n	5
nykykehitys	n y k y k e h i t y s	0
nykykulttuuri	n y k y k u l tː uː r i	1
nykymarkka	n y k y m ɑ r kː ɑ	0
nykyolot	n y k y o l o t	0
nykyperinne	n y k y p e r i nː eˣ	0
nykyraha	n y k y r ɑ h ɑ	0
nykytysharja	n y k y t y s h ɑ r j ɑ	0
nykyä	n y k y æ	57
nykä	n y k æ	0
nykäyksittäin	n y k æ y k s i tː æ i̯ n	0
nylkeä	n y l k e æˣ	2
nymfi	n y m f i	1
nypläystyyny	n y p l æ y s t yː n y	0
nyppiä	n y pː i æˣ	2
nyppyyntyä	n y pː yː n t y æˣ	0
nypätä	n y p æ t æˣ	0
nyreissään	n y r e i̯ sː æː n	2
nyreästi	n y r e æ s t iˣ	0
nyrhi	n y r h i	0
nyrhiä	n y r h i æ	0
nyrhiä	n y r h i æˣ	0
nyrkkeillä	n y r kː e i̯ lː æˣ	0
nyrkki	n y r kː i	13
nyrkkirieska	n y r kː i r i e̯ s k ɑ	0
nyrpeissään	n y r p e i̯ sː æː n	0
nyrpeästi	n y r p e æ s t iˣ	0
nyrpistellä	n y r p i s t e lː æˣ	0
nyrpistyä	n y r p i s t y æˣ	0
nysse	n y sː e	0
nystagmus	n y s t ɑ ɡ m u s	7
nysä	n y s æ	3
nyt	n y t	12074
nytkyttää	n y t k y tː æːˣ	0
nyy	n yː	0
nyykähtää	n yː k æ h t æːˣ	0
nyyrikki	n yː r i kː i	3
nyytinki	n yː t i ŋ k i	0
nyyttärit	n yː tː æ r i t	0
nyökähtää	n y ø̯ k æ h t æːˣ	0
nyörittää	n y ø̯ r i tː æːˣ	0
näen	n æ e n	154
näennäinen	n æ e nː æ i̯ n e n	28
näennäissatunnaislukugeneraattori	n æ e nː æ i̯ s s ɑ t u nː ɑ i̯ s l u k u ɡ e n e r ɑː tː o r i	0
näennäisteho	n æ e nː æ i̯ s t e h o	0
näennäisvoima	n æ e nː æ i̯ s ʋ o i̯ m ɑ	0
näet	n æ e t	630
nähdä	n æ h d æˣ	1137
nähdään	n æ h d æː n	656
nähtäneen	n æ h t æ n eː n	8
nähtäviin	n æ h t æ ʋ iː n	0
nähtäville	n æ h t æ ʋ i lː eˣ	176
nähtävillä	n æ h t æ ʋ i lː æ	401
nähtävissä	n æ h t æ ʋ i sː æ	448
nähtävyys	n æ h t æ ʋ yː s	33
näiden	n æ i̯ d e n	3205
näitten	n æ i̯ tː e n	29
näkemiin	n æ k e m iː n	6
näkemistapa	n æ k e m i s t ɑ p ɑ	0
näkki	n æ kː i	5
näky	n æ k y	82
näkymättömiin	n æ k y m æ tː ø m iː n	17
näkymättömissä	n æ k y m æ tː ø m i sː æ	16
näkymättömyys	n æ k y m æ tː ø m yː s	1
näkyville	n æ k y ʋ i lː eˣ	52
näkyvillä	n æ k y ʋ i lː æ	55
näkyviltä	n æ k y ʋ i l t æ	2
näkyvyysalue	n æ k y ʋ yː s ɑ l u eˣ	0
näkyä	n æ k y æ	212
näkyä	n æ k y æˣ	212
näkäräiset	n æ k æ r æ i̯ s e t	0
näkö	n æ k ø	77
näköalahissi	n æ k ø ɑ l ɑ h i sː i	0
näköinen	n æ k ø i̯ n e n	177
näköispainos	n æ k ø i̯ s p ɑ i̯ n o s	6
näkökartio	n æ k ø k ɑ r t i o	0
näköpurppura	n æ k ø p u r pː u r ɑ	2
näkösälle	n æ k ø s æ lː eˣ	2
näkösällä	n æ k ø s æ lː æ	3
näkösältä	n æ k ø s æ l t æ	0
näkötorni	n æ k ø t o r n i	10
nälissään	n æ l i sː æː n	1
nälkä	n æ l k æ	83
nälkäpalkka	n æ l k æ p ɑ l kː ɑ	0
nälviä	n æ l ʋ i æˣ	0
nälänhätä	n æ l æ n h æ t æ	12
näläntunne	n æ l æ n t u nː eˣ	1
nämä	n æ m æ	3947
nänni	n æ nː i	4
nännipiha	n æ nː i p i h ɑ	1
näperrellä	n æ p e rː e lː æˣ	0
näpistellä	n æ p i s t e lː æˣ	0
näplätä	n æ p l æ t æˣ	0
näppi	n æ pː i	8
näppäinnauhuri	n æ pː æ i̯ n n ɑ u̯ h u r i	0
näppäinyhdistelmä	n æ pː æ i̯ n y h d i s t e l m æ	2
näppärästi	n æ pː æ r æ s t iˣ	38
näpräillä	n æ p r æ i̯ lː æˣ	0
näprätä	n æ p r æ t æˣ	0
näpsyttää	n æ p s y tː æːˣ	0
näpsä	n æ p s æ	0
näpsäkkä	n æ p s æ kː æ	3
näpsäkästi	n æ p s æ k æ s t iˣ	0
näpsästi	n æ p s æ s t iˣ	0
näpsäyttää	n æ p s æ y tː æːˣ	0
näpy	n æ p y	0
näpäkkä	n æ p æ kː æ	0
näpäkästi	n æ p æ k æ s t iˣ	0
näpätä	n æ p æ t æˣ	0
näpäytellä	n æ p æ y t e lː æˣ	0
näpäyttää	n æ p æ y tː æːˣ	4
näre	n æ r eˣ	12
näreä	n æ r e æ	0
närpiö	n æ r p i ø	3
närpiöläinen	n æ r p i ø l æ i̯ n e n	0
näsiä	n æ s i æ	4
näskäin	n æ s k æ i̯ n	0
nätisti	n æ t i s t iˣ	19
näy	n æ y̯ˣ	278
näykkiä	n æ y̯ kː i æˣ	0
näykätä	n æ y̯ k æ t æˣ	0
näyte	n æ y̯ t eˣ	210
näyteastia	n æ y̯ t eˣ ɑ s t i ɑ	2
näytellä	n æ y̯ t e lː æˣ	23
näytelmällinen	n æ y̯ t e l m æ lː i n e n	0
näytenopeus	n æ y̯ t eˣ n o p e u s	0
näytepullo	n æ y̯ t eˣ p u lː o	1
näytetään	n æ y̯ t e t æː n	115
näyteväli	n æ y̯ t eˣ ʋ æ l i	0
näytille	n æ y̯ t i lː eˣ	9
näytillä	n æ y̯ t i lː æ	6
näytin	n æ y̯ t i n	9
näytteenottotaajuus	n æ y̯ tː eː n o tː o t ɑː j uː s	4
näytteille	n æ y̯ tː e i̯ lː eˣ	21
näytteillä	n æ y̯ tː e i̯ lː æ	42
näytteistys	n æ y̯ tː e i̯ s t y s	0
näytteistystaajuus	n æ y̯ tː e i̯ s t y s t ɑː j uː s	0
näytteleminen	n æ y̯ tː e l e m i n e n	8
näyttelijä	n æ y̯ tː e l i j æ	84
näyttelijätär	n æ y̯ tː e l i j æ t æ r	4
näyttely	n æ y̯ tː e l y	501
näyttelyalue	n æ y̯ tː e l y ɑ l u eˣ	3
näyttelyarkkitehtuuri	n æ y̯ tː e l y ɑ r kː i t e h t uː r i	1
näyttelyarvostelu	n æ y̯ tː e l y ɑ r ʋ o s t e l u	1
näyttelyjulkaisu	n æ y̯ tː e l y j u l k ɑ i̯ s u	0
näyttelykissa	n æ y̯ tː e l y k i sː ɑ	0
näyttelykoira	n æ y̯ tː e l y k o i̯ r ɑ	1
näyttelyluettelo	n æ y̯ tː e l y l u e tː e l o	3
näyttelysali	n æ y̯ tː e l y s ɑ l i	0
näyttelysuunnittelu	n æ y̯ tː e l y s uː nː i tː e l u	0
näyttelytekniikka	n æ y̯ tː e l y t e k n iː kː ɑ	1
näyttelytoiminta	n æ y̯ tː e l y t o i̯ m i n t ɑ	9
näyttelyvaihto	n æ y̯ tː e l y ʋ ɑ i̯ h t o	0
näyttäköön	n æ y̯ tː æ k øː n	0
näyttäminen	n æ y̯ tː æ m i n e n	13
näyttämötaiteilija	n æ y̯ tː æ m ø t ɑ i̯ t e i̯ l i j ɑ	0
näyttämötekniikka	n æ y̯ tː æ m ø t e k n iː kː ɑ	0
näyttäytyä	n æ y̯ tː æ y t y æˣ	9
näyttää	n æ y̯ tː æːˣ	2283
näyttö	n æ y̯ tː ø	205
näyttöalue	n æ y̯ tː ø ɑ l u eˣ	1
näyttökoe	n æ y̯ tː ø k o eˣ	19
näyttökuva	n æ y̯ tː ø k u ʋ ɑ	0
näyttölevy	n æ y̯ tː ø l e ʋ y	0
näyttölippu	n æ y̯ tː ø l i pː u	0
näyttöluettelo	n æ y̯ tː ø l u e tː e l o	3
näyttöpääte	n æ y̯ tː ø p æː t eˣ	4
näyttöresoluutio	n æ y̯ tː ø r e s o l uː t i o	0
näyttösuoja	n æ y̯ tː ø s u o̯ j ɑ	0
näyttötaulu	n æ y̯ tː ø t ɑ u̯ l u	3
näyttötila	n æ y̯ tː ø t i l ɑ	3
näyttötutkinto	n æ y̯ tː ø t u t k i n t o	8
näyttövekseli	n æ y̯ tː ø ʋ e k s e l i	0
näyttövelvollisuus	n æ y̯ tː ø ʋ e l ʋ o lː i s uː s	4
näytäntövuosi	n æ y̯ t æ n t ø ʋ u o̯ s i	0
näytönsuoja	n æ y̯ t ø n s u o̯ j ɑ	0
näytönsuojakalvo	n æ y̯ t ø n s u o̯ j ɑ k ɑ l ʋ o	0
näytönsuojus	n æ y̯ t ø n s u o̯ j u s	0
näytönsäästäjä	n æ y̯ t ø n s æː s t æ j æ	3
näytös	n æ y̯ t ø s	15
näytöslaji	n æ y̯ t ø s l ɑ j i	2
näälä	n æː l æ	0
näännyksiin	n æː nː y k s iː n	1
näännyksissä	n æː nː y k s i sː æ	0
nääntyä	n æː n t y æˣ	1
näätä	n æː t æ	9
näätäkahvi	n æː t æ k ɑ h ʋ i	0
nörtti	n ø r tː i	8
nötkötti	n ø t k ø tː i	1
nöyhtäytyä	n ø y̯ h t æ y t y æˣ	0
nöyhtääntyä	n ø y̯ h t æː n t y æˣ	0
nöyrä	n ø y̯ r æ	24
oas	o ɑ s	3
obduktio	o b d u k t i o	0
obeliski	o b e l i s k i	0
objekti	o b j e k t i	30
objektiivi	o b j e k t iː ʋ i	9
objektiivisuus	o b j e k t iː ʋ i s uː s	8
oblaatti	o b l ɑː tː i	0
oblasti	o b l ɑ s t i	1
obligaatio	o b l i ɡ ɑː t i o	0
obliikvi	o b l iː k ʋ i	0
observaabeli	o b s e r ʋ ɑː b e l i	0
odottaa	o d o tː ɑːˣ	845
odotus	o d o t u s	46
ofikleidi	o f i k l e i̯ d i	0
ohdake	o h d ɑ k eˣ	3
oheinen	o h e i̯ n e n	92
oheislaite	o h e i̯ s l ɑ i̯ t eˣ	1
oheistulostin	o h e i̯ s t u l o s t i n	0
ohempi	o h e m p i	0
ohentaa	o h e n t ɑːˣ	5
ohi	o h i	684
ohi	o h iˣ	684
ohimolohko	o h i m o l o h k o	0
ohio	o h ɑ i̯ o	1
ohitusleikkaus	o h i t u s l e i̯ kː ɑ u s	9
ohivirtaus	o h i ʋ i r t ɑ u s	0
ohivirtaussuhde	o h i ʋ i r t ɑ u s s u h d eˣ	0
ohivirtaussuihkumoottori	o h i ʋ i r t ɑ u s s u i̯ h k u m oː tː o r i	0
ohja	o h j ɑ	0
ohjaaja	o h j ɑː j ɑ	458
ohjaajantuoli	o h j ɑː j ɑ n t u o̯ l i	0
ohjain	o h j ɑ i̯ n	20
ohjainlaakeri	o h j ɑ i̯ n l ɑː k e r i	0
ohjastaminen	o h j ɑ s t ɑ m i n e n	0
ohjata	o h j ɑ t ɑˣ	513
ohjausholkki	o h j ɑ u s h o l kː i	0
ohjauskoodi	o h j ɑ u s k oː d i	0
ohjausneste	o h j ɑ u s n e s t eˣ	0
ohjauspallo	o h j ɑ u s p ɑ lː o	1
ohjausrengas	o h j ɑ u s r e ŋː ɑ s	0
ohjaussivu	o h j ɑ u s s i ʋ u	0
ohjaustanko	o h j ɑ u s t ɑ ŋ k o	4
ohjaustehostinneste	o h j ɑ u s t e h o s t i n n e s t eˣ	0
ohjausvuo	o h j ɑ u s ʋ u o̯	0
ohjausväylä	o h j ɑ u s ʋ æ y̯ l æ	0
ohjautuminen	o h j ɑ u t u m i n e n	6
ohje	o h j e	306
ohjekirja	o h j eˣ k i r j ɑ	6
ohjelmallinen	o h j e l m ɑ lː i n e n	14
ohjelmatulkki	o h j e l m ɑ t u l kː i	0
ohjelmatuote	o h j e l m ɑ t u o̯ t eˣ	0
ohjelmistoarkkitehtuuri	o h j e l m i s t o ɑ r kː i t e h t uː r i	3
ohjelmistokehittäjä	o h j e l m i s t o k e h i tː æ j æ	0
ohjelmistokehys	o h j e l m i s t o k e h y s	0
ohjelmistoliiketoiminta	o h j e l m i s t o l iː k eˣ t o i̯ m i n t ɑ	0
ohjelmistoprosessi	o h j e l m i s t o p r o s e sː i	1
ohjelmistopäällikkö	o h j e l m i s t o p æː lː i kː ø	0
ohjelmistosuunnittelija	o h j e l m i s t o s uː nː i tː e l i j ɑ	2
ohjelmistoversio	o h j e l m i s t o ʋ e r s i o	3
ohjelmistoympäristö	o h j e l m i s t o y m p æ r i s t ø	0
ohjelmointi	o h j e l m o i̯ n t i	101
ohjelmointivirhe	o h j e l m o i̯ n t i ʋ i r h e	0
ohjus	o h j u s	0
ohjushyökkäys	o h j u s h y ø̯ kː æ y s	1
ohjuspuolustusjärjestelmä	o h j u s p u o̯ l u s t u s j æ r j e s t e l m æ	2
ohkopaperi	o h k o p ɑ p e r i	0
ohmimakkara	o h m i m ɑ kː ɑ r ɑ	0
oho	o h o	5
ohoi	o h o i̯	0
ohotanlokki	o h o t ɑ n l o kː i	0
ohra	o h r ɑ	15
ohramallas	o h r ɑ m ɑ lː ɑ s	0
ohrapirtelö	o h r ɑ p i r t e l ø	0
ohratärkkelys	o h r ɑ t æ r kː e l y s	0
ohrauunipuuro	o h r ɑ uː n i p uː r o	0
ohto	o h t o	5
ohuempi	o h u e m p i	6
ohuinen	o h u i̯ n e n	0
ohukas	o h u k ɑ s	0
ohuke	o h u k eˣ	0
ohut	o h u t	126
ohutkerroskromatografia	o h u t k e rː o s k r o m ɑ t o ɡ r ɑ f i ɑ	0
ohutleipä	o h u t l e i̯ p æ	0
oi	o i̯	103
oikaista	o i̯ k ɑ i̯ s t ɑˣ	44
oikaisukeino	o i̯ k ɑ i̯ s u k e i̯ n o	0
oikaisupyyntö	o i̯ k ɑ i̯ s u p yː n t ø	8
oikea	o i̯ k e ɑ	1187
oikeakulmainen	o i̯ k e ɑ k u l m ɑ i̯ n e n	0
oikeakätisesti	o i̯ k e ɑ k æ t i s e s t iˣ	0
oikeapintainen	o i̯ k e ɑ p i n t ɑ i̯ n e n	0
oikeapituinen	o i̯ k e ɑ p i t u i̯ n e n	0
oikeellinen	o i̯ k eː lː i n e n	1
oikein	o i̯ k e i̯ n	2193
oikeinkirjoitus	o i̯ k e i̯ n k i r j o i̯ t u s	11
oikeudenkäyntikulut	o i̯ k e u d e n k æ y̯ n t i k u l u t	43
oikeudenvastaisesti	o i̯ k e u d e n ʋ ɑ s t ɑ i̯ s e s t iˣ	0
oikeudet	o i̯ k e u d e t	405
oikeudettomasti	o i̯ k e u d e tː o m ɑ s t iˣ	4
oikeus	o i̯ k e u s	2242
oikeushammaslääketiede	o i̯ k e u s h ɑ mː ɑ s l æː k eˣ t i e̯ d eˣ	0
oikeushammaslääkäri	o i̯ k e u s h ɑ mː ɑ s l æː k æ r i	0
oikeusjärjestelmä	o i̯ k e u s j æ r j e s t e l m æ	5
oikeuskelpoinen	o i̯ k e u s k e l p o i̯ n e n	12
oikeuskelpoisuus	o i̯ k e u s k e l p o i̯ s uː s	0
oikeusneuvos	o i̯ k e u s n e u̯ ʋ o s	5
oikeuspsykiatria	o i̯ k e u s p s y k i ɑ t r i ɑ	0
oikeussosiologi	o i̯ k e u s s o s i o l o ɡ i	0
oikeussuhde	o i̯ k e u s s u h d eˣ	1
oikeusteologi	o i̯ k e u s t e o l o ɡ i	0
oikeustieteellinen	o i̯ k e u s t i e̯ t eː lː i n e n	13
oikeustoimi	o i̯ k e u s t o i̯ m i	5
oikeusvoima	o i̯ k e u s ʋ o i̯ m ɑ	0
oikeutta	o i̯ k e u tː ɑ	568
oikeuttaa	o i̯ k e u tː ɑː	217
oikeuttaa	o i̯ k e u tː ɑːˣ	217
oikoa	o i̯ k o ɑˣ	4
oikoinen	o i̯ k o i̯ n e n	0
oikoisenaan	o i̯ k o i̯ s e n ɑː n	0
oikokirves	o i̯ k o k i r ʋ e s	1
oikosiirto	o i̯ k o s iː r t o	0
oikotasohöylä	o i̯ k o t ɑ s o h ø y̯ l æ	0
oikukkaasti	o i̯ k u kː ɑː s t iˣ	0
oili	o i̯ l i	26
oinas	o i̯ n ɑ s	15
oio	o i̯ oˣ	1
oire	o i̯ r eˣ	90
oirearvo	o i̯ r eˣ ɑ r ʋ o	0
oirehtia	o i̯ r e h t i ɑˣ	3
oireilla	o i̯ r e i̯ lː ɑ	11
oireilla	o i̯ r e i̯ lː ɑˣ	11
oireyhtymä	o i̯ r eˣ y h t y m æ	38
oitis	o i̯ t i s	18
oiva	o i̯ ʋ ɑ	158
oivaltaminen	o i̯ ʋ ɑ l t ɑ m i n e n	19
oi’istaa	o i̯ i s t ɑːˣ	0
oja	o j ɑ	47
ojakärsämö	o j ɑ k æ r s æ m ø	0
ojala	o j ɑ l ɑ	136
ojalapio	o j ɑ l ɑ p i o	0
ojentaa	o j e n t ɑːˣ	44
ojentaja	o j e n t ɑ j ɑ	0
oka	o k ɑ	3
okakärsämato	o k ɑ k æ r s æ m ɑ t o	0
okariina	o k ɑ r iː n ɑ	0
okklusaalinen	o kː l u s ɑː l i n e n	0
oklahoma	o k l ɑ h oː m ɑ	3
okluusio	o k l uː s i o	0
okra	o k r ɑ	1
oksa	o k s ɑ	31
oksanen	o k s ɑ n e n	74
oksavarsta	o k s ɑ ʋ ɑ r s t ɑ	0
oksennus	o k s e nː u s	3
oksennuspallo	o k s e nː u s p ɑ lː o	0
oksentaa	o k s e n t ɑːˣ	7
oksentaminen	o k s e n t ɑ m i n e n	2
oksi	o k s i	0
oksidaasi	o k s i d ɑː s i	0
oksidi	o k s i d i	1
oksidoreduktaasi	o k s i d o r e d u k t ɑː s i	0
oksiduuli	o k s i d uː l i	0
oksipitaalinen	o k s i p i t ɑː l i n e n	0
oksitaani	o k s i t ɑː n i	0
oktaalijärjestelmä	o k t ɑː l i j æ r j e s t e l m æ	0
oktaaliluku	o k t ɑː l i l u k u	0
oktaavi	o k t ɑː ʋ i	2
oktaaviala	o k t ɑː ʋ i ɑ l ɑ	0
oktantti	o k t ɑ n tː i	0
oktoli	o k t o l i	0
okulaari	o k u l ɑː r i	9
olavi	o l ɑ ʋ i	325
ole	o l eˣ	30873
oleaatti	o l e ɑː tː i	0
oleen	o l eː n	9
olemaan	o l e m ɑː n	1317
olemassaolokvanttori	o l e m ɑ sː ɑ o l o k ʋ ɑ n tː o r i	1
olemasta	o l e m ɑ s t ɑ	58
oleminen	o l e m i n e n	112
olen	o l e n	4784
oleskelukunta	o l e s k e l u k u n t ɑ	0
oleskeluryhmä	o l e s k e l u r y h m æ	1
olettaa	o l e tː ɑːˣ	278
olettaminen	o l e tː ɑ m i n e n	2
olettamus	o l e tː ɑ m u s	12
oletus	o l e t u s	51
oletusmuodostin	o l e t u s m u o̯ d o s t i n	0
oleutua	o l e u t u ɑˣ	0
oleva	o l e ʋ ɑ	3145
olevan	o l e ʋ ɑ n	5741
olga	o l ɡ ɑ	26
oligarkia	o l i ɡ ɑ r k i ɑ	1
oligodaktylia	o l i ɡ o d ɑ k t y l i ɑ	0
oligoklaasi	o l i ɡ o k l ɑː s i	0
oliivi	o l iː ʋ i	8
oliomalli	o l i o m ɑ lː i	1
olisi	o l i s i	11421
oliver	o l i ʋ e r	48
olka	o l k ɑ	2
olkaa	o l k ɑː	81
olkaamme	o l k ɑː mː e	6
olkainhame	o l k ɑ i̯ n h ɑ m eˣ	0
olkakirves	o l k ɑ k i r ʋ e s	0
olkakivi	o l k ɑ k i ʋ i	0
olkaluu	o l k ɑ l uː	0
olkanivel	o l k ɑ n i ʋ e l	6
olkapää	o l k ɑ p æː	8
olki	o l k i	12
olkikate	o l k i k ɑ t eˣ	1
olkineen	o l k i n eː n	0
olko	o l k oˣ	7
olkoon	o l k oː n	191
olkoot	o l k oː t	15
olla	o lː ɑˣ	17681
ollaan	o lː ɑː n	1202
olleet	o lː eː t	3287
olleiden	o lː e i̯ d e n	155
olleiksi	o lː e i̯ k s i	1
olleilla	o lː e i̯ lː ɑ	19
olleille	o lː e i̯ lː eˣ	56
olleilta	o lː e i̯ l t ɑ	13
ollein	o lː e i̯ n	0
olleina	o lː e i̯ n ɑ	1
olleine	o lː e i̯ n e	0
olleisiin	o lː e i̯ s iː n	28
olleissa	o lː e i̯ sː ɑ	14
olleista	o lː e i̯ s t ɑ	88
olleita	o lː e i̯ t ɑ	129
olleitta	o lː e i̯ tː ɑ	0
olleitten	o lː e i̯ tː e n	1
olli	o lː i	589
ollila	o lː i l ɑ	66
oloinen	o l o i̯ n e n	49
olomuoto	o l o m u o̯ t o	8
olosija	o l o s i j ɑ	0
olosuhteet	o l o s u h t eː t	344
olot	o l o t	77
oltaisiin	o l t ɑ i̯ s iː n	34
oltaneen	o l t ɑ n eː n	2
oltavat	o l t ɑ ʋ ɑ t	6
oltermanninsauva	o l t e r m ɑ nː i n s ɑ u̯ ʋ ɑ	0
oltiin	o l t iː n	296
olut	o l u t	96
oluttupa	o l u t t u p ɑ	4
oma	o m ɑ	4095
omaehtoisesti	o m ɑ e h t o i̯ s e s t iˣ	19
omaelämäkerta	o m ɑ e l æ m æ k e r t ɑ	2
omahyväisesti	o m ɑ h y ʋ æ i̯ s e s t iˣ	0
omainen	o m ɑ i̯ n e n	35
omaisryhmä	o m ɑ i̯ s r y h m æ	0
omaisuudensuoja	o m ɑ i̯ s uː d e n s u o̯ j ɑ	1
omaisuus	o m ɑ i̯ s uː s	153
omaisuuserä	o m ɑ i̯ s uː s e r æ	0
omaisuusvahinko	o m ɑ i̯ s uː s ʋ ɑ h i ŋ k o	0
omakohtaisesti	o m ɑ k o h t ɑ i̯ s e s t iˣ	35
omakotialue	o m ɑ k o t i ɑ l u eˣ	6
omakotitaloalue	o m ɑ k o t i t ɑ l o ɑ l u eˣ	4
omaksuja	o m ɑ k s u j ɑ	0
omaksuminen	o m ɑ k s u m i n e n	62
omakustannukset	o m ɑ k u s t ɑ nː u k s e t	0
omakätisesti	o m ɑ k æ t i s e s t iˣ	5
omalaatuisesti	o m ɑ l ɑː t u i̯ s e s t iˣ	2
oman	o m ɑ n	6533
omanlainen	o m ɑ n l ɑ i̯ n e n	2
omanto	o m ɑ n t o	0
omapaino	o m ɑ p ɑ i̯ n o	2
omaperäisesti	o m ɑ p e r æ i̯ s e s t iˣ	4
omapäisesti	o m ɑ p æ i̯ s e s t iˣ	1
omarahoitteinen	o m ɑ r ɑ h o i̯ tː e i̯ n e n	0
omari	o m ɑ r i	0
omatoimisesti	o m ɑ t o i̯ m i s e s t iˣ	120
omavaltainen	o m ɑ ʋ ɑ l t ɑ i̯ n e n	2
omavaltaisesti	o m ɑ ʋ ɑ l t ɑ i̯ s e s t iˣ	10
omavalvonta	o m ɑ ʋ ɑ l ʋ o n t ɑ	20
omavaraisuusaste	o m ɑ ʋ ɑ r ɑ i̯ s uː s ɑ s t eˣ	44
omavastuisesti	o m ɑ ʋ ɑ s t u i̯ s e s t iˣ	0
omavastuuosuus	o m ɑ ʋ ɑ s t uː o s uː s	31
omeletti	o m e l e tː i	0
omena	o m e n ɑ	40
omenainen	o m e n ɑ i̯ n e n	0
omenakääriäinen	o m e n ɑ k æː r i æ i̯ n e n	0
omenamehu	o m e n ɑ m e h u	1
omenavarkaisiin	o m e n ɑ ʋ ɑ r k ɑ i̯ s iː n	0
omenavarkaissa	o m e n ɑ ʋ ɑ r k ɑ i̯ sː ɑ	0
omenavarkaista	o m e n ɑ ʋ ɑ r k ɑ i̯ s t ɑ	0
omenavoi	o m e n ɑ ʋ o i̯	0
omiansa	o m i ɑ n s ɑ	1
omikron	o m i k r o n	1
omilleen	o m i lː eː n	16
ominaisesti	o m i n ɑ i̯ s e s t iˣ	2
ominaisuudennimi	o m i n ɑ i̯ s uː d e n n i m i	0
ominaisuus	o m i n ɑ i̯ s uː s	239
ominaisvärähtelytaajuus	o m i n ɑ i̯ s ʋ æ r æ h t e l y t ɑː j uː s	0
omintakeisesti	o m i n t ɑ k e i̯ s e s t iˣ	1
omistaa	o m i s t ɑːˣ	486
omistaja	o m i s t ɑ j ɑ	366
omistajakunta	o m i s t ɑ j ɑ k u n t ɑ	0
omistajaohjaus	o m i s t ɑ j ɑ o h j ɑ u s	2
omistajapolitiikka	o m i s t ɑ j ɑ p o l i t iː kː ɑ	2
omistajuus	o m i s t ɑ j uː s	4
omistusasunto	o m i s t u s ɑ s u n t o	7
omistushaluisesti	o m i s t u s h ɑ l u i̯ s e s t iˣ	0
omistusliite	o m i s t u s l iː t eˣ	0
omistusmerkki	o m i s t u s m e r kː i	0
omistussuhde	o m i s t u s s u h d eˣ	1
ommel	o mː e l	1
ommella	o mː e lː ɑˣ	16
omofori	o m o f o r i	0
ompelukoukku	o m p e l u k o u̯ kː u	0
ompelupiiri	o m p e l u p iː r i	1
ompelupöytä	o m p e l u p ø y̯ t æ	0
ompelurasia	o m p e l u r ɑ s i ɑ	0
ompelusormus	o m p e l u s o r m u s	0
ompeluteline	o m p e l u t e l i n eˣ	0
ompi	o m p i	10
omppu	o m pː u	2
omstart	o m s t ɑ r t	0
on	o n	330723
onania	o n ɑ n i ɑ	0
onerva	o n e r ʋ ɑ	4
ongelma	o ŋː e l m ɑ	1194
ongelmajäte	o ŋː e l m ɑ j æ t eˣ	9
onigiri	o n i ɡ i r i	0
onki	o ŋ k i	9
onkia	o ŋ k i ɑ	7
onkia	o ŋ k i ɑˣ	7
onkien	o ŋ k i e n	0
onkiminen	o ŋ k i m i n e n	14
online	o n l ɑ i̯ n	122
onneksi	o nː e k s i	832
onnenkeksi	o nː e n k e k s i	0
onneton	o nː e t o n	31
onni	o nː i	163
onnistua	o nː i s t u ɑˣ	90
onnistunut	o nː i s t u n u t	602
onnittelu	o nː i tː e l u	0
onomasiologia	o n o m ɑ s i o l o ɡ i ɑ	0
ontario	o n t eː r i o	3
ontario	o n t ɑ r i o	3
onteloeläin	o n t e l o e l æ i̯ n	0
ontelokranaatti	o n t e l o k r ɑ n ɑː tː i	1
ontogeneettinen	o n t o ɡ e n eː tː i n e n	0
ontologi	o n t o l o ɡ i	0
ontologisesti	o n t o l o ɡ i s e s t iˣ	3
ontto	o n tː o	8
oo	oː	160
oomega	oː m e ɡ ɑ	1
oona	oː n ɑ	2
ooppera	oː pː e r ɑ	40
oopperavoileipä	oː pː e r ɑ ʋ o i̯ l e i̯ p æ	0
opaali	o p ɑː l i	0
opas	o p ɑ s	484
opasiteetti	o p ɑ s i t eː tː i	1
ope	o p e	20
operaatiokoodi	o p e r ɑː t i o k oː d i	0
operaatiovahvistin	o p e r ɑː t i o ʋ ɑ h ʋ i s t i n	1
operandi	o p e r ɑ n d i	2
operoni	o p e r o n i	1
opetella	o p e t e lː ɑˣ	170
opettaa	o p e tː ɑːˣ	535
opettaja	o p e tː ɑ j ɑ	1126
opettajahuone	o p e tː ɑ j ɑ h u o̯ n eˣ	1
opettajanhuone	o p e tː ɑ j ɑ n h u o̯ n eˣ	0
opettajankoulutuslaitos	o p e tː ɑ j ɑ n k o u̯ l u t u s l ɑ i̯ t o s	23
opettavasti	o p e tː ɑ ʋ ɑ s t iˣ	0
opettelu	o p e tː e l u	28
opetusaine	o p e t u s ɑ i̯ n eˣ	0
opetusala	o p e t u s ɑ l ɑ	6
opetusharjoittelu	o p e t u s h ɑ r j o i̯ tː e l u	21
opetushenkilöstö	o p e t u s h e ŋ k i l ø s t ø	4
opetusmuoto	o p e t u s m u o̯ t o	6
opetusneuvos	o p e t u s n e u̯ ʋ o s	20
opetusryhmä	o p e t u s r y h m æ	9
opetustarjonta	o p e t u s t ɑ r j o n t ɑ	13
opetustila	o p e t u s t i l ɑ	5
opetustunti	o p e t u s t u n t i	0
opetustyö	o p e t u s t y ø̯	10
opetusvideo	o p e t u s ʋ i d e o	6
opetusväline	o p e t u s ʋ æ l i n eˣ	1
opillisesti	o p i lː i s e s t iˣ	1
opinala	o p i n ɑ l ɑ	1
opinnäyte	o p i n n æ y̯ t eˣ	18
opinnäytetyö	o p i n n æ y̯ t eˣ t y ø̯	111
opintie	o p i n t i e̯	12
opintoaine	o p i n t o ɑ i̯ n eˣ	0
opintoala	o p i n t o ɑ l ɑ	1
opintokokonaisuus	o p i n t o k o k o n ɑ i̯ s uː s	103
opintopiste	o p i n t o p i s t eˣ	0
opintosuoritus	o p i n t o s u o̯ r i t u s	15
opintosuunnitelma	o p i n t o s uː nː i t e l m ɑ	30
opintotuki	o p i n t o t u k i	49
opintoviikko	o p i n t o ʋ iː kː o	17
opioidireseptori	o p i o i̯ d i r e s e p t o r i	0
opiskeleminen	o p i s k e l e m i n e n	10
opiskelija	o p i s k e l i j ɑ	2237
opiskelijajärjestö	o p i s k e l i j ɑ j æ r j e s t ø	8
opiskelijakortti	o p i s k e l i j ɑ k o r tː i	13
opiskelijakunta	o p i s k e l i j ɑ k u n t ɑ	8
opiskelijanumero	o p i s k e l i j ɑ n u m e r o	6
opiskelijapaikka	o p i s k e l i j ɑ p ɑ i̯ kː ɑ	0
opiskelijavaihto	o p i s k e l i j ɑ ʋ ɑ i̯ h t o	12
opiskelijavalinta	o p i s k e l i j ɑ ʋ ɑ l i n t ɑ	13
opiskelumaksu	o p i s k e l u m ɑ k s u	1
opiskelumuoto	o p i s k e l u m u o̯ t o	7
opiskeluoikeus	o p i s k e l u o i̯ k e u s	23
opiskelutoveri	o p i s k e l u t o ʋ e r i	0
opiskelutoverukset	o p i s k e l u t o ʋ e r u k s e t	0
opiskeluvuosi	o p i s k e l u ʋ u o̯ s i	11
opistolainen	o p i s t o l ɑ i̯ n e n	0
oppi	o pː i	193
oppia	o pː i ɑˣ	902
oppiaine	o pː i ɑ i̯ n eˣ	65
oppija	o pː i j ɑ	72
oppikoulu	o pː i k o u̯ l u	13
oppilas	o pː i l ɑ s	927
oppilasaines	o pː i l ɑ s ɑ i̯ n e s	1
oppilasarvostelu	o pː i l ɑ s ɑ r ʋ o s t e l u	1
oppilasasuntola	o pː i l ɑ s ɑ s u n t o l ɑ	7
oppilashuolto	o pː i l ɑ s h u o̯ l t o	19
oppilashuoltoryhmä	o pː i l ɑ s h u o̯ l t o r y h m æ	21
oppilaskoti	o pː i l ɑ s k o t i	2
oppilasnäyte	o pː i l ɑ s n æ y̯ t eˣ	0
oppilastyö	o pː i l ɑ s t y ø̯	1
oppilasvaihto	o pː i l ɑ s ʋ ɑ i̯ h t o	3
oppilasvalinta	o pː i l ɑ s ʋ ɑ l i n t ɑ	5
oppimishaluinen	o pː i m i s h ɑ l u i̯ n e n	1
oppimispsykologi	o pː i m i s p s y k o l o ɡ i	0
oppimissuunnitelma	o pː i m i s s uː nː i t e l m ɑ	4
oppimäärä	o pː i m æː r æ	67
oppirahat	o pː i r ɑ h ɑ t	1
oppisopimuskoulutus	o pː i s o p i m u s k o u̯ l u t u s	44
oppitunti	o pː i t u n t i	25
oppivainen	o pː i ʋ ɑ i̯ n e n	2
oppivelvollinen	o pː i ʋ e l ʋ o lː i n e n	3
oppivelvollisuuskoulu	o pː i ʋ e l ʋ o lː i s uː s k o u̯ l u	4
oppivuosi	o pː i ʋ u o̯ s i	0
optatiivi	o p t ɑ t iː ʋ i	0
optimointioppi	o p t i m o i̯ n t i o pː i	0
optimointiteoria	o p t i m o i̯ n t i t e o r i ɑ	0
optoerotin	o p t o e r o t i n	0
opus	o p u s	21
ora	o r ɑ	12
oraakkelimainen	o r ɑː kː e l i m ɑ i̯ n e n	0
oralehti	o r ɑ l e h t i	0
oranssi	o r ɑ n sː i	35
oranssikaviokuonoyökkö	o r ɑ n sː i k ɑ ʋ i o k u o̯ n o y ø kː ø	0
orapihlajanmarja	o r ɑ p i h l ɑ j ɑ n m ɑ r j ɑ	0
orari	o r ɑ r i	0
orava	o r ɑ ʋ ɑ	37
orbitaali	o r b i t ɑː l i	0
oregano	o r e ɡ ɑː n o	3
oregon	o r e ɡ o n	1
orfeuskerttu	o r f e u s k e r tː u	0
organelli	o r ɡ ɑ n e lː i	0
organisaatiomuoto	o r ɡ ɑ n i s ɑː t i o m u o̯ t o	2
organisaatiopsykologi	o r ɡ ɑ n i s ɑː t i o p s y k o l o ɡ i	0
organisaatiososiologi	o r ɡ ɑ n i s ɑː t i o s o s i o l o ɡ i	0
organogeneesi	o r ɡ ɑ n o ɡ e n eː s i	0
orhi	o r h i	1
orho	o r h o	0
ori	o r iˣ	52
origami	o r i ɡ ɑ m i	0
orimattila	o r i m ɑ tː i l ɑ	15
orimattilainen	o r i m ɑ tː i l ɑ i̯ n e n	0
orimattilalainen	o r i m ɑ tː i l ɑ l ɑ i̯ n e n	4
orion	o r i o n	21
oripää	o r i p æː	6
oripääläinen	o r i p æː l æ i̯ n e n	0
orivesi	o r i ʋ e s i	8
oriveteläinen	o r i ʋ e t e l æ i̯ n e n	1
orja	o r j ɑ	25
orjakone	o r j ɑ k o n eˣ	0
orjatar	o r j ɑ t ɑ r	0
orkesteri	o r k e s t e r i	113
orkku	o r kː u	0
ormio	o r m i o	1
ornamentti	o r n ɑ m e n tː i	3
ornitologi	o r n i t o l o ɡ i	1
orogeeninen	o r o ɡ eː n i n e n	0
orpo	o r p o	16
orpous	o r p o u s	1
orsi	o r s i	4
orsikko	o r s i kː o	0
orsipöytä	o r s i p ø y̯ t æ	0
orsivesi	o r s i ʋ e s i	0
ortiitti	o r t iː tː i	0
ortodoksikalmisto	o r t o d o k s i k ɑ l m i s t o	0
ortogneissi	o r t o ɡ n e i̯ sː i	0
ortogonaali	o r t o ɡ o n ɑː l i	0
ortogonaalikomplementti	o r t o ɡ o n ɑː l i k o m p l e m e n tː i	0
ortogonaalisesti	o r t o ɡ o n ɑː l i s e s t iˣ	0
ortogonaalisuus	o r t o ɡ o n ɑː l i s uː s	0
ortografia	o r t o ɡ r ɑ f i ɑ	2
ortokeskus	o r t o k e s k u s	0
ortokolmio	o r t o k o l m i o	0
ortokomplementti	o r t o k o m p l e m e n tː i	0
ortokvartsiitti	o r t o k ʋ ɑ r t s iː tː i	0
ortonormaali	o r t o n o r m ɑː l i	0
ortonormeerattu	o r t o n o r m eː r ɑ tː u	0
ortopyrokseeni	o r t o p y r o k s eː n i	0
ortovety	o r t o ʋ e t y	0
orvaskesi	o r ʋ ɑ s k e s i	0
orvo	o r ʋ o	1
orvokki	o r ʋ o kː i	17
orvokkihopeatäplä	o r ʋ o kː i h o p e ɑ t æ p l æ	0
osa	o s ɑ	8740
osaamisala	o s ɑː m i s ɑ l ɑ	3
osajono	o s ɑ j o n o	0
osake	o s ɑ k eˣ	36
osakeanti	o s ɑ k eˣ ɑ n t i	12
osakemyynti	o s ɑ k eˣ m yː n t i	1
osakeryhmä	o s ɑ k eˣ r y h m æ	0
osakkeisto	o s ɑ kː e i̯ s t o	0
osakseen	o s ɑ k s eː n	133
osakunta	o s ɑ k u n t ɑ	12
osakuntaelämä	o s ɑ k u n t ɑ e l æ m æ	0
osakuorma	o s ɑ k u o̯ r m ɑ	0
osallistua	o s ɑ lː i s t u ɑˣ	1647
osallistumismaksu	o s ɑ lː i s t u m i s m ɑ k s u	142
osallistumistodistus	o s ɑ lː i s t u m i s t o d i s t u s	3
osalta	o s ɑ l t ɑ	4717
osamaksuerä	o s ɑ m ɑ k s u e r æ	0
osamatriisi	o s ɑ m ɑ t r iː s i	0
osamurtoluku	o s ɑ m u r t o l u k u	0
osamäärä	o s ɑ m æː r æ	2
osamääräkunta	o s ɑ m æː r æ k u n t ɑ	0
osapaine	o s ɑ p ɑ i̯ n eˣ	3
osapalkka	o s ɑ p ɑ l kː ɑ	0
osapeite	o s ɑ p e i̯ t eˣ	0
osapuilleen	o s ɑ p u i̯ lː eː n	17
osapuoli	o s ɑ p u o̯ l i	140
osapäivätoimisesti	o s ɑ p æ i̯ ʋ æ t o i̯ m i s e s t iˣ	0
osapäivätyö	o s ɑ p æ i̯ ʋ æ t y ø̯	0
osasto	o s ɑ s t o	644
osasumma	o s ɑ s u mː ɑ	0
osata	o s ɑ t ɑˣ	237
osatoimitus	o s ɑ t o i̯ m i t u s	0
osavuosi	o s ɑ ʋ u o̯ s i	0
osaäänes	o s ɑ æː n e s	0
oselotti	o s e l o tː i	0
osinkokone	o s i ŋ k o k o n eˣ	0
osioida	o s i o i̯ d ɑˣ	1
osiotaulu	o s i o t ɑ u̯ l u	0
osite	o s i t eˣ	1
osittaisderivoida	o s i tː ɑ i̯ s d e r i ʋ o i̯ d ɑˣ	0
osittaisderivointi	o s i tː ɑ i̯ s d e r i ʋ o i̯ n t i	0
osittaisdifferentiaaliyhtälö	o s i tː ɑ i̯ s d i fː e r e n t i ɑː l i y h t æ l ø	0
osittaisintegrointi	o s i tː ɑ i̯ s i n t e ɡ r o i̯ n t i	1
osittaismuuttaja	o s i tː ɑ i̯ s m uː tː ɑ j ɑ	0
osittaistuenta	o s i tː ɑ i̯ s t u e n t ɑ	0
osittaisvaraus	o s i tː ɑ i̯ s ʋ ɑ r ɑ u s	0
ositusjako	o s i t u s j ɑ k o	0
oskari	o s k ɑ r i	69
oskillaatio	o s k i lː ɑː t i o	1
oskillaattori	o s k i lː ɑː tː o r i	2
osma	o s m ɑ	1
osmankäämi	o s m ɑ n k æː m i	1
osmansolmu	o s m ɑ n s o l m u	0
osmo	o s m o	182
osmonsolmu	o s m o n s o l m u	0
osoite	o s o i̯ t eˣ	589
osoitekartta	o s o i̯ t eˣ k ɑ r tː ɑ	1
osoitekortti	o s o i̯ t eˣ k o r tː i	1
osoitemuunnospuskuri	o s o i̯ t eˣ m uː nː o s p u s k u r i	0
osoitenumero	o s o i̯ t eˣ n u m e r o	9
osoitepalkki	o s o i̯ t eˣ p ɑ l kː i	0
osoiteväylä	o s o i̯ t eˣ ʋ æ y̯ l æ	0
osoitinlaite	o s o i̯ t i n l ɑ i̯ t eˣ	0
osoittaa	o s o i̯ tː ɑːˣ	1596
osoittaja	o s o i̯ tː ɑ j ɑ	2
osoittaminen	o s o i̯ tː ɑ m i n e n	65
osoittautua	o s o i̯ tː ɑ u t u ɑˣ	36
osoitteistaa	o s o i̯ tː e i̯ s t ɑːˣ	0
ossetia	o sː e t i ɑ	0
ossi	o sː i	73
ossian	o sː i ɑ n	9
ostaa	o s t ɑːˣ	1032
ostaja	o s t ɑ j ɑ	161
ostajakunta	o s t ɑ j ɑ k u n t ɑ	1
ostaminen	o s t ɑ m i n e n	59
osteonekroosi	o s t e o n e k r oː s i	0
osteoporoosi	o s t e o p o r oː s i	17
ostettaessa	o s t e tː ɑ e sː ɑ	28
ostinato	o s t i n ɑ t o	0
osto	o s t o	55
ostokortti	o s t o k o r tː i	3
ostolupa	o s t o l u p ɑ	1
ostomaa	o s t o m ɑː	0
ostos	o s t o s	14
ostoskanava	o s t o s k ɑ n ɑ ʋ ɑ	0
ostosopimus	o s t o s o p i m u s	3
ostovelka	o s t o ʋ e l k ɑ	0
ostovoima	o s t o ʋ o i̯ m ɑ	36
osua	o s u ɑˣ	29
osuma	o s u m ɑ	48
osumakohta	o s u m ɑ k o h t ɑ	1
osuminen	o s u m i n e n	9
osuuskauppaväki	o s uː s k ɑ u̯ pː ɑ ʋ æ k i	0
osuusmeijeri	o s uː s m e i̯ j e r i	11
osuuspankki	o s uː s p ɑ ŋ kː i	71
osuva	o s u ʋ ɑ	28
ota	o t ɑ	1514
ota	o t ɑˣ	1514
otaksuma	o t ɑ k s u m ɑ	2
otanta	o t ɑ n t ɑ	13
otava	o t ɑ ʋ ɑ	117
ote	o t eˣ	246
otelauta	o t eˣ l ɑ u̯ t ɑ	1
otologi	o t o l o ɡ i	0
otologia	o t o l o ɡ i ɑ	0
otos	o t o s	51
otosavaruus	o t o s ɑ ʋ ɑ r uː s	3
otosjakauma	o t o s j ɑ k ɑ u m ɑ	0
otoskeskiarvo	o t o s k e s k i ɑ r ʋ o	0
otoskeskihajonta	o t o s k e s k i h ɑ j o n t ɑ	0
otoskoko	o t o s k o k o	7
otossuure	o t o s s uː r eˣ	0
otosvarianssi	o t o s ʋ ɑ r i ɑ n sː i	0
otsa	o t s ɑ	14
otsalauta	o t s ɑ l ɑ u̯ t ɑ	0
otsalohko	o t s ɑ l o h k o	0
otsamus	o t s ɑ m u s	0
otso	o t s o	20
ottaa	o tː ɑːˣ	4897
ottaja	o tː ɑ j ɑ	11
ottaminen	o tː ɑ m i n e n	219
ottaneet	o tː ɑ n eː t	233
otto	o tː o	201
ottopoika	o tː o p o i̯ k ɑ	1
otus	o t u s	24
otva	o t ʋ ɑ	1
oudosti	o u d o s t iˣ	12
oulainen	o u l ɑ i̯ n e n	5
oulaislainen	o u l ɑ i̯ s l ɑ i̯ n e n	0
oulaistelainen	o u l ɑ i̯ s t e l ɑ i̯ n e n	0
oulankajoki	o u l ɑ ŋ k ɑ j o k i	1
oulu	o u l u	365
oulujoki	o u l u j o k i	3
oulujärvi	o u l u j æ r ʋ i	6
ounasjoki	o u n ɑ s j o k i	8
outa	o u t ɑ	1
outi	o u t i	168
outo	o u t o	114
outokumpu	o u t o k u m p u	39
outokumpulainen	o u t o k u m p u l ɑ i̯ n e n	1
ovaali	o ʋ ɑː l i	3
ovela	o ʋ e l ɑ	14
ovensuukysely	o ʋ e n s uː k y s e l y	0
ovi	o ʋ i	143
ovikello	o ʋ i k e lː o	5
paahdin	p ɑː h d i n	0
paahtaa	p ɑː h t ɑːˣ	8
paahtouuni	p ɑː h t o uː n i	0
paakku	p ɑː kː u	4
paali	p ɑː l i	6
paalu	p ɑː l u	5
paaluttaminen	p ɑː l u tː ɑ m i n e n	0
paananen	p ɑː n ɑ n e n	50
paanne	p ɑː nː eˣ	0
paanu	p ɑː n u	1
paanukate	p ɑː n u k ɑ t eˣ	0
paapia	p ɑː p i ɑˣ	0
paapuuri	p ɑː p uː r i	0
paaria	p ɑː r i ɑ	1
paarit	p ɑː r i t	0
paarivaate	p ɑː r i ʋ ɑː t eˣ	0
paarma	p ɑː r m ɑ	40
paarre	p ɑː rː eˣ	2
paasi	p ɑː s i	6
paasiarkku	p ɑː s i ɑ r kː u	0
paasto	p ɑː s t o	34
paastosokeri	p ɑː s t o s o k e r i	0
paatti	p ɑː tː i	1
paavali	p ɑː ʋ ɑ l i	340
paavi	p ɑː ʋ i	73
paavo	p ɑː ʋ o	612
paavola	p ɑː ʋ o l ɑ	46
paaši	p ɑː ʃ i	0
pachinko	p ɑ t s i ŋ k o	0
pachinko	p ɑ t ʃ i ŋ k o	0
padanjalka	p ɑ d ɑ n j ɑ l k ɑ	0
padasjokelainen	p ɑ d ɑ s j o k e l ɑ i̯ n e n	0
padasjoki	p ɑ d ɑ s j o k i	2
paeta	p ɑ e t ɑˣ	58
pagodi	p ɑ ɡ o d i	0
paha	p ɑ h ɑ	323
pahalainen	p ɑ h ɑ l ɑ i̯ n e n	1
pahanilkisesti	p ɑ h ɑ n i l k i s e s t iˣ	0
pahanilkisyys	p ɑ h ɑ n i l k i s yː s	0
pahanlaisesti	p ɑ h ɑ n l ɑ i̯ s e s t iˣ	0
pahanolontunne	p ɑ h ɑ n o l o n t u nː eˣ	0
pahantuulisesti	p ɑ h ɑ n t uː l i s e s t iˣ	0
pahe	p ɑ h eˣ	1
paheellisesti	p ɑ h eː lː i s e s t iˣ	0
paheksua	p ɑ h e k s u ɑˣ	4
paheksuminen	p ɑ h e k s u m i n e n	2
paheksuttava	p ɑ h e k s u tː ɑ ʋ ɑ	1
paheneminen	p ɑ h e n e m i n e n	12
pahimmilleen	p ɑ h i mː i lː eː n	0
pahimmoiksi	p ɑ h i mː o i̯ k s i	0
pahimmoillaan	p ɑ h i mː o i̯ lː ɑː n	1
pahimmoilleen	p ɑ h i mː o i̯ lː eː n	0
pahin	p ɑ h i n	140
pahka	p ɑ h k ɑ	0
pahkainen	p ɑ h k ɑ i̯ n e n	0
pahkakuppi	p ɑ h k ɑ k u pː i	0
pahkasieni	p ɑ h k ɑ s i e̯ n i	0
pahkatyö	p ɑ h k ɑ t y ø̯	0
pahkulasieni	p ɑ h k u l ɑ s i e̯ n i	0
pahla	p ɑ h l ɑ	0
pahoillaan	p ɑ h o i̯ lː ɑː n	8
pahoilleen	p ɑ h o i̯ lː eː n	0
pahoinpidellä	p ɑ h o i̯ n p i d e lː æˣ	2
pahoinvointi	p ɑ h o i̯ n ʋ o i̯ n t i	52
pahoittua	p ɑ h o i̯ tː u ɑˣ	0
pahuksesti	p ɑ h u k s e s t iˣ	0
pahuus	p ɑ h uː s	23
pahvi	p ɑ h ʋ i	25
pahviveitsi	p ɑ h ʋ i ʋ e i̯ t s i	0
pai	p ɑ i̯	3
paidanhelma	p ɑ i̯ d ɑ n h e l m ɑ	0
paidanhiha	p ɑ i̯ d ɑ n h i h ɑ	0
paidankaulus	p ɑ i̯ d ɑ n k ɑ u̯ l u s	0
paidannappi	p ɑ i̯ d ɑ n n ɑ pː i	0
paidaton	p ɑ i̯ d ɑ t o n	0
paijata	p ɑ i̯ j ɑ t ɑˣ	0
paikallaan	p ɑ i̯ k ɑ lː ɑː n	426
paikallavalu	p ɑ i̯ k ɑ lː ɑ ʋ ɑ l u	0
paikalleen	p ɑ i̯ k ɑ lː eː n	196
paikallinen	p ɑ i̯ k ɑ lː i n e n	373
paikallisbussi	p ɑ i̯ k ɑ lː i s b u sː i	1
paikallisedustaja	p ɑ i̯ k ɑ lː i s e d u s t ɑ j ɑ	0
paikallisedustus	p ɑ i̯ k ɑ lː i s e d u s t u s	0
paikalliselin	p ɑ i̯ k ɑ lː i s e l i n	0
paikallishistoria	p ɑ i̯ k ɑ lː i s h i s t o r i ɑ	5
paikallisjohtaja	p ɑ i̯ k ɑ lː i s j o h t ɑ j ɑ	2
paikallisjoukot	p ɑ i̯ k ɑ lː i s j o u̯ k o t	0
paikallisjärjestö	p ɑ i̯ k ɑ lː i s j æ r j e s t ø	7
paikalliskokoelma	p ɑ i̯ k ɑ lː i s k o k o e l m ɑ	0
paikalliskulttuuri	p ɑ i̯ k ɑ lː i s k u l tː uː r i	0
paikallislehti	p ɑ i̯ k ɑ lː i s l e h t i	25
paikallisliikenne	p ɑ i̯ k ɑ lː i s l iː k e nː eˣ	5
paikallislinja	p ɑ i̯ k ɑ lː i s l i n j ɑ	0
paikallislähetys	p ɑ i̯ k ɑ lː i s l æ h e t y s	0
paikallismurre	p ɑ i̯ k ɑ lː i s m u rː eˣ	0
paikallismuseo	p ɑ i̯ k ɑ lː i s m u s e o	1
paikallisohjelma	p ɑ i̯ k ɑ lː i s o h j e l m ɑ	0
paikallispankki	p ɑ i̯ k ɑ lː i s p ɑ ŋ kː i	0
paikallispoliisi	p ɑ i̯ k ɑ lː i s p o l iː s i	4
paikallispuhelu	p ɑ i̯ k ɑ lː i s p u h e l u	1
paikallispuolustusjärjestelmä	p ɑ i̯ k ɑ lː i s p u o̯ l u s t u s j æ r j e s t e l m æ	0
paikallisradio	p ɑ i̯ k ɑ lː i s r ɑ d i o	8
paikallissairaala	p ɑ i̯ k ɑ lː i s s ɑ i̯ r ɑː l ɑ	0
paikallissää	p ɑ i̯ k ɑ lː i s s æː	0
paikallistarina	p ɑ i̯ k ɑ lː i s t ɑ r i n ɑ	0
paikallistie	p ɑ i̯ k ɑ lː i s t i e̯	17
paikallistuntemus	p ɑ i̯ k ɑ lː i s t u n t e m u s	2
paikallisvaali	p ɑ i̯ k ɑ lː i s ʋ ɑː l i	0
paikallisvaisto	p ɑ i̯ k ɑ lː i s ʋ ɑ i̯ s t o	0
paikallisyhteisö	p ɑ i̯ k ɑ lː i s y h t e i̯ s ø	1
paikaltaan	p ɑ i̯ k ɑ l t ɑː n	24
paikannin	p ɑ i̯ k ɑ nː i n	1
paikantaa	p ɑ i̯ k ɑ n t ɑː	34
paikantaa	p ɑ i̯ k ɑ n t ɑːˣ	34
paikanvaihto	p ɑ i̯ k ɑ n ʋ ɑ i̯ h t o	1
paikata	p ɑ i̯ k ɑ t ɑˣ	24
paikka	p ɑ i̯ kː ɑ	1457
paikkaisomeria	p ɑ i̯ kː ɑ i s o m e r i ɑ	0
paikkajärjestelmä	p ɑ i̯ kː ɑ j æ r j e s t e l m æ	0
paikkakortti	p ɑ i̯ kː ɑ k o r tː i	0
paikkalintu	p ɑ i̯ kː ɑ l i n t u	1
paikkamerkki	p ɑ i̯ kː ɑ m e r kː i	0
paikkatieto	p ɑ i̯ kː ɑ t i e̯ t o	6
paikkaus	p ɑ i̯ kː ɑ u s	4
paikkavektori	p ɑ i̯ kː ɑ ʋ e k t o r i	2
paikkeilla	p ɑ i̯ kː e i̯ lː ɑ	51
paikkeille	p ɑ i̯ kː e i̯ lː eˣ	13
paikkeilta	p ɑ i̯ kː e i̯ l t ɑ	2
paikoillaan	p ɑ i̯ k o i̯ lː ɑː n	95
paikoilleen	p ɑ i̯ k o i̯ lː eː n	160
paikoiltaan	p ɑ i̯ k o i̯ l t ɑː n	14
paikoitellen	p ɑ i̯ k o i̯ t e lː e n	114
paikoittain	p ɑ i̯ k o i̯ tː ɑ i̯ n	16
paikoittainen	p ɑ i̯ k o i̯ tː ɑ i̯ n e n	2
paikoitusalue	p ɑ i̯ k o i̯ t u s ɑ l u eˣ	15
paimen	p ɑ i̯ m e n	22
paimentaa	p ɑ i̯ m e n t ɑːˣ	8
paimentolaiselämä	p ɑ i̯ m e n t o l ɑ i̯ s e l æ m æ	0
paimentolaisuus	p ɑ i̯ m e n t o l ɑ i̯ s uː s	0
paimentorvi	p ɑ i̯ m e n t o r ʋ i	0
paimio	p ɑ i̯ m i o	72
paimiolainen	p ɑ i̯ m i o l ɑ i̯ n e n	57
paimionjoki	p ɑ i̯ m i o n j o k i	5
painaa	p ɑ i̯ n ɑːˣ	341
painajainen	p ɑ i̯ n ɑ j ɑ i̯ n e n	19
painajaismainen	p ɑ i̯ n ɑ j ɑ i̯ s m ɑ i̯ n e n	4
painatus	p ɑ i̯ n ɑ t u s	20
painatustyö	p ɑ i̯ n ɑ t u s t y ø̯	0
painavasti	p ɑ i̯ n ɑ ʋ ɑ s t iˣ	2
paine	p ɑ i̯ n eˣ	189
paineaalto	p ɑ i̯ n eˣ ɑː l t o	4
paineakku	p ɑ i̯ n eˣ ɑ kː u	3
paineanturi	p ɑ i̯ n eˣ ɑ n t u r i	0
paineasetelma	p ɑ i̯ n eˣ ɑ s e t e l m ɑ	0
paineenalaisuus	p ɑ i̯ n eː n ɑ l ɑ i̯ s uː s	0
paineenalennin	p ɑ i̯ n eː n ɑ l e nː i n	0
paineenalennus	p ɑ i̯ n eː n ɑ l e nː u s	0
paineenalennusventtiili	p ɑ i̯ n eː n ɑ l e nː u s ʋ e n tː iː l i	0
paineenesto	p ɑ i̯ n eː n e s t o	0
paineenkesto	p ɑ i̯ n eː n k e s t o	2
paineenkestävä	p ɑ i̯ n eː n k e s t æ ʋ æ	1
paineenkorotus	p ɑ i̯ n eː n k o r o t u s	0
paineensieto	p ɑ i̯ n eː n s i e̯ t o	0
paineensäädin	p ɑ i̯ n eː n s æː d i n	2
paineentasaus	p ɑ i̯ n eː n t ɑ s ɑ u s	1
painehaava	p ɑ i̯ n eˣ h ɑː ʋ ɑ	1
painehitsaus	p ɑ i̯ n eˣ h i t s ɑ u s	0
painehoito	p ɑ i̯ n eˣ h o i̯ t o	0
painehuuhtelu	p ɑ i̯ n eˣ h uː h t e l u	0
paineilmahengityslaite	p ɑ i̯ n eˣ i l m ɑ h e ŋː i t y s l ɑ i̯ t eˣ	0
paineilmajarru	p ɑ i̯ n eˣ i l m ɑ j ɑ rː u	0
paineilmakompressori	p ɑ i̯ n eˣ i l m ɑ k o m p r e sː o r i	1
paineilmakäyttöinen	p ɑ i̯ n eˣ i l m ɑ k æ y̯ tː ø i̯ n e n	0
paineilmalaite	p ɑ i̯ n eˣ i l m ɑ l ɑ i̯ t eˣ	1
paineilmanaulain	p ɑ i̯ n eˣ i l m ɑ n ɑ u̯ l ɑ i̯ n	0
paineilmapora	p ɑ i̯ n eˣ i l m ɑ p o r ɑ	0
paineilmasäiliö	p ɑ i̯ n eˣ i l m ɑ s æ i̯ l i ø	1
paineilmatoiminen	p ɑ i̯ n eˣ i l m ɑ t o i̯ m i n e n	0
paineilmavasara	p ɑ i̯ n eˣ i l m ɑ ʋ ɑ s ɑ r ɑ	0
paineisku	p ɑ i̯ n eˣ i s k u	1
painekaasu	p ɑ i̯ n eˣ k ɑː s u	0
painekestoisuus	p ɑ i̯ n eˣ k e s t o i̯ s uː s	0
painekyllästys	p ɑ i̯ n eˣ k y lː æ s t y s	0
painelaakeri	p ɑ i̯ n eˣ l ɑː k e r i	1
painelaite	p ɑ i̯ n eˣ l ɑ i̯ t eˣ	5
painele	p ɑ i̯ n e l eˣ	7
painella	p ɑ i̯ n e lː ɑˣ	5
painemittari	p ɑ i̯ n eˣ m i tː ɑ r i	0
painepakkaus	p ɑ i̯ n eˣ p ɑ kː ɑ u s	0
painepesuri	p ɑ i̯ n eˣ p e s u r i	1
paineputki	p ɑ i̯ n eˣ p u t k i	1
painesensori	p ɑ i̯ n eˣ s e n s o r i	1
paineside	p ɑ i̯ n eˣ s i d eˣ	0
painesyltty	p ɑ i̯ n eˣ s y l tː y	0
painesäiliö	p ɑ i̯ n eˣ s æ i̯ l i ø	7
painevaikutus	p ɑ i̯ n eˣ ʋ ɑ i̯ k u t u s	1
painevalu	p ɑ i̯ n eˣ ʋ ɑ l u	0
paineventtiili	p ɑ i̯ n eˣ ʋ e n tː iː l i	0
painevesi	p ɑ i̯ n eˣ ʋ e s i	0
painevesireaktori	p ɑ i̯ n eˣ ʋ e s i r e ɑ k t o r i	1
painevoitelu	p ɑ i̯ n eˣ ʋ o i̯ t e l u	0
paini	p ɑ i̯ n i	11
painia	p ɑ i̯ n i ɑ	5
painia	p ɑ i̯ n i ɑˣ	5
painiminen	p ɑ i̯ n i m i n e n	4
paininpuu	p ɑ i̯ n i n p uː	0
painoala	p ɑ i̯ n o ɑ l ɑ	0
painoalue	p ɑ i̯ n o ɑ l u eˣ	4
painoarkki	p ɑ i̯ n o ɑ r kː i	0
painoerä	p ɑ i̯ n o e r æ	0
painoinen	p ɑ i̯ n o i̯ n e n	13
painokelvoton	p ɑ i̯ n o k e l ʋ o t o n	0
painokirjain	p ɑ i̯ n o k i r j ɑ i̯ n	0
painokivi	p ɑ i̯ n o k i ʋ i	0
painokkaasti	p ɑ i̯ n o kː ɑː s t iˣ	20
painokuva	p ɑ i̯ n o k u ʋ ɑ	0
painolaatta	p ɑ i̯ n o l ɑː tː ɑ	2
painomenetelmä	p ɑ i̯ n o m e n e t e l m æ	2
painopaperi	p ɑ i̯ n o p ɑ p e r i	1
painopeitto	p ɑ i̯ n o p e i̯ tː o	0
painopinta	p ɑ i̯ n o p i n t ɑ	0
painopisteala	p ɑ i̯ n o p i s t eˣ ɑ l ɑ	1
painopistealue	p ɑ i̯ n o p i s t eˣ ɑ l u eˣ	24
painoprosentti	p ɑ i̯ n o p r o s e n tː i	0
painoprosenttinen	p ɑ i̯ n o p r o s e n tː i n e n	0
painosivu	p ɑ i̯ n o s i ʋ u	0
painosmäärä	p ɑ i̯ n o s m æː r æ	15
painostaa	p ɑ i̯ n o s t ɑːˣ	28
painostusryhmä	p ɑ i̯ n o s t u s r y h m æ	1
painosylinteri	p ɑ i̯ n o s y l i n t e r i	0
painotekniikka	p ɑ i̯ n o t e k n iː kː ɑ	3
painoteksti	p ɑ i̯ n o t e k s t i	0
painottamaton	p ɑ i̯ n o tː ɑ m ɑ t o n	2
painotyö	p ɑ i̯ n o t y ø̯	4
painovalmis	p ɑ i̯ n o ʋ ɑ l m i s	4
painovirheluettelo	p ɑ i̯ n o ʋ i r h eˣ l u e tː e l o	1
painovoima	p ɑ i̯ n o ʋ o i̯ m ɑ	16
painovuosi	p ɑ i̯ n o ʋ u o̯ s i	7
painoväri	p ɑ i̯ n o ʋ æ r i	6
painovärjäys	p ɑ i̯ n o ʋ æ r j æ y s	0
painoyksikkö	p ɑ i̯ n o y k s i kː ø	0
painua	p ɑ i̯ n u ɑˣ	17
painuksista	p ɑ i̯ n u k s i s t ɑ	0
paise	p ɑ i̯ s eˣ	6
paiskata	p ɑ i̯ s k ɑ t ɑˣ	0
paistaa	p ɑ i̯ s t ɑːˣ	88
paiste	p ɑ i̯ s t eˣ	3
paistetaan	p ɑ i̯ s t e t ɑː n	16
paistettaneen	p ɑ i̯ s t e tː ɑ n eː n	0
paisti	p ɑ i̯ s t i	16
paistihaarukka	p ɑ i̯ s t i h ɑː r u kː ɑ	0
paistijauheliha	p ɑ i̯ s t i j ɑ u̯ h eˣ l i h ɑ	0
paistin	p ɑ i̯ s t i n	6
paistinkastike	p ɑ i̯ s t i n k ɑ s t i k eˣ	0
paistinlasta	p ɑ i̯ s t i n l ɑ s t ɑ	0
paistinmakkara	p ɑ i̯ s t i n m ɑ kː ɑ r ɑ	0
paistinrasva	p ɑ i̯ s t i n r ɑ s ʋ ɑ	0
paistinuuni	p ɑ i̯ s t i n uː n i	3
paistivati	p ɑ i̯ s t i ʋ ɑ t i	0
paistokasari	p ɑ i̯ s t o k ɑ s ɑ r i	0
paistopiste	p ɑ i̯ s t o p i s t eˣ	1
paistorasva	p ɑ i̯ s t o r ɑ s ʋ ɑ	0
paistovalmis	p ɑ i̯ s t o ʋ ɑ l m i s	0
paistua	p ɑ i̯ s t u ɑˣ	1
paisua	p ɑ i̯ s u ɑˣ	8
paisuma	p ɑ i̯ s u m ɑ	0
paisuminen	p ɑ i̯ s u m i n e n	1
paisuntaventtiili	p ɑ i̯ s u n t ɑ ʋ e n tː iː l i	1
paita	p ɑ i̯ t ɑ	44
paitaa	p ɑ i̯ t ɑː	18
paitahihasilleen	p ɑ i̯ t ɑ h i h ɑ s i lː ɑː n	0
paitakaulus	p ɑ i̯ t ɑ k ɑ u̯ l u s	0
paitapuku	p ɑ i̯ t ɑ p u k u	0
paitaressu	p ɑ i̯ t ɑ r e sː u	0
paitasillaan	p ɑ i̯ t ɑ s i lː ɑː n	0
paitasilleen	p ɑ i̯ t ɑ s i lː eː n	0
paitsi	p ɑ i̯ t s i	1927
paitsi	p ɑ i̯ t s iˣ	1927
paitsio	p ɑ i̯ t s i o	4
paja	p ɑ j ɑ	35
pajaa	p ɑ j ɑː	6
pajahiili	p ɑ j ɑ h iː l i	0
pajakalusto	p ɑ j ɑ k ɑ l u s t o	0
pajattaa	p ɑ j ɑ tː ɑːˣ	0
pajavasara	p ɑ j ɑ ʋ ɑ s ɑ r ɑ	0
paju	p ɑ j u	10
pajulintu	p ɑ j u l i n t u	9
pajupilli	p ɑ j u p i lː i	2
pajutyö	p ɑ j u t y ø̯	0
pakahduksiin	p ɑ k ɑ h d u k s iː n	0
pakahduksissa	p ɑ k ɑ h d u k s i sː ɑ	0
pakahduksissaan	p ɑ k ɑ h d u k s i sː ɑː n	0
pakahtua	p ɑ k ɑ h t u ɑˣ	1
pakastaa	p ɑ k ɑ s t ɑːˣ	24
pakaste	p ɑ k ɑ s t eˣ	2
pakasteallas	p ɑ k ɑ s t eˣ ɑ lː ɑ s	0
pakastearkku	p ɑ k ɑ s t eˣ ɑ r kː u	0
pakastekaappi	p ɑ k ɑ s t eˣ k ɑː pː i	1
pakastekuivatus	p ɑ k ɑ s t eˣ k u i̯ ʋ ɑ t u s	0
pakastekuivaus	p ɑ k ɑ s t eˣ k u i̯ ʋ ɑ u s	0
pakastesäiliö	p ɑ k ɑ s t eˣ s æ i̯ l i ø	0
pakasteteippi	p ɑ k ɑ s t eˣ t e i̯ pː i	0
pakastevarasto	p ɑ k ɑ s t eˣ ʋ ɑ r ɑ s t o	0
pakastevirka	p ɑ k ɑ s t eˣ ʋ i r k ɑ	0
pakata	p ɑ k ɑ t ɑˣ	53
pakeilla	p ɑ k e i̯ lː ɑ	5
pakeillaan	p ɑ k e i̯ lː ɑː n	0
pakeille	p ɑ k e i̯ lː eˣ	9
pakeilleen	p ɑ k e i̯ lː eː n	0
pakeilta	p ɑ k e i̯ l t ɑ	0
pakeiltaan	p ɑ k e i̯ l t ɑː n	0
pakettiautomaatti	p ɑ k e tː i ɑ u t o m ɑː tː i	0
pakettikortti	p ɑ k e tː i k o r tː i	0
pakettiosoitekortti	p ɑ k e tː i o s o i̯ t eˣ k o r tː i	0
pakettipelto	p ɑ k e tː i p e l t o	0
pakettivarasto	p ɑ k e tː i ʋ ɑ r ɑ s t o	0
pakista	p ɑ k i s t ɑ	2
pakista	p ɑ k i s t ɑˣ	2
pakittaa	p ɑ k i tː ɑːˣ	2
pakkaaminen	p ɑ kː ɑː m i n e n	16
pakkanen	p ɑ kː ɑ n e n	63
pakkasaalto	p ɑ kː ɑ s ɑː l t o	0
pakkasaamu	p ɑ kː ɑ s ɑː m u	0
pakkasaste	p ɑ kː ɑ s ɑ s t eˣ	0
pakkasenarka	p ɑ kː ɑ s e n ɑ r k ɑ	0
pakkasenkestävä	p ɑ kː ɑ s e n k e s t æ ʋ æ	0
pakkasenpurema	p ɑ kː ɑ s e n p u r e m ɑ	0
pakkashalkeama	p ɑ kː ɑ s h ɑ l k e ɑ m ɑ	1
pakkasherra	p ɑ kː ɑ s h e rː ɑ	0
pakkashuuru	p ɑ kː ɑ s h uː r u	0
pakkasilma	p ɑ kː ɑ s i l m ɑ	1
pakkaskausi	p ɑ kː ɑ s k ɑ u̯ s i	3
pakkaskeli	p ɑ kː ɑ s k e l i	1
pakkaslukema	p ɑ kː ɑ s l u k e m ɑ	0
pakkaslumi	p ɑ kː ɑ s l u m i	1
pakkasmittari	p ɑ kː ɑ s m i tː ɑ r i	0
pakkasneste	p ɑ kː ɑ s n e s t eˣ	0
pakkaspäivä	p ɑ kː ɑ s p æ i̯ ʋ æ	2
pakkassää	p ɑ kː ɑ s s æː	1
pakkastalvi	p ɑ kː ɑ s t ɑ l ʋ i	0
pakkasvaurio	p ɑ kː ɑ s ʋ ɑ u̯ r i o	0
pakkasvoide	p ɑ kː ɑ s ʋ o i̯ d eˣ	0
pakkasyö	p ɑ kː ɑ s y ø	0
pakkauskartonki	p ɑ kː ɑ u s k ɑ r t o ŋ k i	0
pakkauskenno	p ɑ kː ɑ u s k e nː o	0
pakkauskulut	p ɑ kː ɑ u s k u l u t	5
pakkauskustannukset	p ɑ kː ɑ u s k u s t ɑ nː u k s e t	0
pakkauslaatikko	p ɑ kː ɑ u s l ɑː t i kː o	1
pakkaustapa	p ɑ kː ɑ u s t ɑ p ɑ	1
pakkausteippi	p ɑ kː ɑ u s t e i̯ pː i	0
pakkaustila	p ɑ kː ɑ u s t i l ɑ	0
pakkaustyyppi	p ɑ kː ɑ u s t yː pː i	4
pakkautua	p ɑ kː ɑ u t u ɑˣ	5
pakki	p ɑ kː i	13
pakko	p ɑ kː o	607
pakkoabortti	p ɑ kː o ɑ b o r tː i	0
pakkokuolaimet	p ɑ kː o k u o̯ l ɑ i̯ m e t	0
pakkolasku	p ɑ kː o l ɑ s k u	1
pakkoluovutus	p ɑ kː o l u o̯ ʋ u t u s	1
pakkomielle	p ɑ kː o m i e̯ lː eˣ	9
pakkorauha	p ɑ kː o r ɑ u̯ h ɑ	0
pakkosiirto	p ɑ kː o s iː r t o	1
pako	p ɑ k o	10
pakolinna	p ɑ k o l i nː ɑ	1
pakollinen	p ɑ k o lː i n e n	317
pakollisuus	p ɑ k o lː i s uː s	5
pakomatka	p ɑ k o m ɑ t k ɑ	1
pakoruutu	p ɑ k o r uː t u	0
pakosalla	p ɑ k o s ɑ lː ɑ	1
pakosarja	p ɑ k o s ɑ r j ɑ	2
pakostakin	p ɑ k o s t ɑ k i n	24
pakosti	p ɑ k o s t iˣ	2
pakote	p ɑ k o t eˣ	3
pakoton	p ɑ k o t o n	1
pakottomasti	p ɑ k o tː o m ɑ s t iˣ	3
paksu	p ɑ k s u	86
paksuinen	p ɑ k s u i̯ n e n	27
paksukainen	p ɑ k s u k ɑ i̯ n e n	1
paksulti	p ɑ k s u l t iˣ	1
paksusuolisyöpä	p ɑ k s u s u o̯ l i s y ø̯ p æ	0
paksuuskasvu	p ɑ k s uː s k ɑ s ʋ u	3
pakyteeni	p ɑ k y t eː n i	0
pala	p ɑ l ɑ	127
pala	p ɑ l ɑˣ	127
palaa	p ɑ l ɑː	485
palaa	p ɑ l ɑːˣ	485
palailla	p ɑ l ɑ i̯ lː ɑˣ	1
palamisilma	p ɑ l ɑ m i s i l m ɑ	2
palamisreaktio	p ɑ l ɑ m i s r e ɑ k t i o	0
palan	p ɑ l ɑ n	41
palanpaine	p ɑ l ɑ n p ɑ i̯ n eˣ	0
palasaippua	p ɑ l ɑ s ɑ i̯ pː u ɑ	0
palata	p ɑ l ɑ t ɑˣ	300
palatoalveolaarinen	p ɑ l ɑ t o ɑ l ʋ e o l ɑː r i n e n	0
palau	p ɑ l ɑ u	1
palauteilmiö	p ɑ l ɑ u t eˣ i l m i ø	0
palautekytkentä	p ɑ l ɑ u t eˣ k y t k e n t æ	0
palauttaa	p ɑ l ɑ u tː ɑːˣ	574
palautua	p ɑ l ɑ u t u ɑˣ	16
palautusmaksu	p ɑ l ɑ u t u s m ɑ k s u	1
palautusmerkki	p ɑ l ɑ u t u s m e r kː i	0
palautusoikeus	p ɑ l ɑ u t u s o i̯ k e u s	13
palautuspullo	p ɑ l ɑ u t u s p u lː o	2
palavakivi	p ɑ l ɑ ʋ ɑ k i ʋ i	1
palaveri	p ɑ l ɑ ʋ e r i	41
palavissaan	p ɑ l ɑ ʋ i sː ɑː n	0
palelluksissa	p ɑ l e lː u k s i sː ɑ	0
palelluksissaan	p ɑ l e lː u k s i sː ɑː n	0
paleltua	p ɑ l e l t u ɑˣ	1
palentua	p ɑ l e n t u ɑˣ	0
paleoantropologi	p ɑ l e o ɑ n t r o p o l o ɡ i	0
paleobiologi	p ɑ l e o b i o l o ɡ i	0
paleobotaniikka	p ɑ l e o b o t ɑ n iː kː ɑ	0
paleoekologia	p ɑ l e o e k o l o ɡ i ɑ	1
paleoetnobotaniikka	p ɑ l e o e t n o b o t ɑ n iː kː ɑ	0
paleogeeni	p ɑ l e o ɡ eː n i	0
paleoklimatologi	p ɑ l e o k l i m ɑ t o l o ɡ i	0
paleopatologi	p ɑ l e o p ɑ t o l o ɡ i	0
paleosomi	p ɑ l e o s o m i	0
paleozoologia	p ɑ l e o t s oː l o ɡ i ɑ	0
palho	p ɑ l h o	1
palikka	p ɑ l i kː ɑ	4
palimpsesti	p ɑ l i m p s e s t i	0
paljaaksihakkuu	p ɑ l j ɑː k s i h ɑ kː uː	0
paljaaltaan	p ɑ l j ɑː l t ɑː n	1
paljas	p ɑ l j ɑ s	18
paljastaja	p ɑ l j ɑ s t ɑ j ɑ	0
paljastajaiset	p ɑ l j ɑ s t ɑ j ɑ i̯ s e t	0
paljastaminen	p ɑ l j ɑ s t ɑ m i n e n	18
paljastustilaisuus	p ɑ l j ɑ s t u s t i l ɑ i̯ s uː s	2
palje	p ɑ l j e	7
paljin	p ɑ l j i n	0
paljinsolki	p ɑ l j i n s o l k i	0
paljo	p ɑ l j o	12
paljoksua	p ɑ l j o k s u ɑˣ	0
paljon	p ɑ l j o n	8854
palkanalennus	p ɑ l k ɑ n ɑ l e nː u s	0
palkanansaitsija	p ɑ l k ɑ n ɑ n s ɑ i̯ t s i j ɑ	0
palkankorotusvaatimus	p ɑ l k ɑ n k o r o t u s ʋ ɑː t i m u s	0
palkanlaskija	p ɑ l k ɑ n l ɑ s k i j ɑ	7
palkanlisä	p ɑ l k ɑ n l i s æ	3
palkanmaksaja	p ɑ l k ɑ n m ɑ k s ɑ j ɑ	2
palkanmaksu	p ɑ l k ɑ n m ɑ k s u	17
palkanmaksukausi	p ɑ l k ɑ n m ɑ k s u k ɑ u̯ s i	0
palkanmaksupäivä	p ɑ l k ɑ n m ɑ k s u p æ i̯ ʋ æ	1
palkanmuodostus	p ɑ l k ɑ n m u o̯ d o s t u s	1
palkannauttija	p ɑ l k ɑ n n ɑ u̯ tː i j ɑ	0
palkannousu	p ɑ l k ɑ n n o u̯ s u	0
palkanosa	p ɑ l k ɑ n o s ɑ	5
palkansaaja	p ɑ l k ɑ n s ɑː j ɑ	14
palkansaajarahasto	p ɑ l k ɑ n s ɑː j ɑ r ɑ h ɑ s t o	0
palkaton	p ɑ l k ɑ t o n	10
palkattomasti	p ɑ l k ɑ tː o m ɑ s t iˣ	1
palkinto	p ɑ l k i n t o	210
palkintomitali	p ɑ l k i n t o m i t ɑ l i	0
palkka	p ɑ l kː ɑ	289
palkkaennakko	p ɑ l kː ɑ e nː ɑ kː o	0
palkkaero	p ɑ l kː ɑ e r o	5
palkkaetu	p ɑ l kː ɑ e t u	0
palkkahaitari	p ɑ l kː ɑ h ɑ i̯ t ɑ r i	3
palkkahallinto	p ɑ l kː ɑ h ɑ lː i n t o	2
palkkahinnoittelu	p ɑ l kː ɑ h i nː o i̯ tː e l u	5
palkkahinnoitteluliite	p ɑ l kː ɑ h i nː o i̯ tː e l u l iː t eˣ	0
palkkaindeksi	p ɑ l kː ɑ i n d e k s i	0
palkkajoukko	p ɑ l kː ɑ j o u̯ kː o	0
palkkajärjestelmä	p ɑ l kː ɑ j æ r j e s t e l m æ	1
palkkakatto	p ɑ l kː ɑ k ɑ tː o	0
palkkakehitys	p ɑ l kː ɑ k e h i t y s	11
palkkakilpailu	p ɑ l kː ɑ k i l p ɑ i̯ l u	1
palkkakuilu	p ɑ l kː ɑ k u i̯ l u	1
palkkakuitti	p ɑ l kː ɑ k u i̯ tː i	0
palkkakulut	p ɑ l kː ɑ k u l u t	7
palkkakuoppa	p ɑ l kː ɑ k u o̯ pː ɑ	1
palkkakustannukset	p ɑ l kː ɑ k u s t ɑ nː u k s e t	21
palkkalainen	p ɑ l kː ɑ l ɑ i̯ n e n	0
palkkalaskelma	p ɑ l kː ɑ l ɑ s k e l m ɑ	2
palkkalaskenta	p ɑ l kː ɑ l ɑ s k e n t ɑ	2
palkkaliite	p ɑ l kː ɑ l iː t eˣ	0
palkkaliukuma	p ɑ l kː ɑ l i u̯ k u m ɑ	0
palkkamaltti	p ɑ l kː ɑ m ɑ l tː i	1
palkkamurha	p ɑ l kː ɑ m u r h ɑ	0
palkkanauha	p ɑ l kː ɑ n ɑ u̯ h ɑ	0
palkkaneuvottelu	p ɑ l kː ɑ n e u̯ ʋ o tː e l u	0
palkkaperuste	p ɑ l kː ɑ p e r u s t eˣ	0
palkkapolitiikka	p ɑ l kː ɑ p o l i t iː kː ɑ	3
palkkaraha	p ɑ l kː ɑ r ɑ h ɑ	0
palkkarakenne	p ɑ l kː ɑ r ɑ k e nː eˣ	5
palkkarenki	p ɑ l kː ɑ r e ŋ k i	0
palkkasaatava	p ɑ l kː ɑ s ɑː t ɑ ʋ ɑ	0
palkkasulku	p ɑ l kː ɑ s u l k u	0
palkkasyrjintä	p ɑ l kː ɑ s y r j i n t æ	0
palkkasäännöstely	p ɑ l kː ɑ s æː nː ø s t e l y	0
palkkatarjous	p ɑ l kː ɑ t ɑ r j o u s	2
palkkataso	p ɑ l kː ɑ t ɑ s o	37
palkkataulukko	p ɑ l kː ɑ t ɑ u̯ l u kː o	1
palkkatili	p ɑ l kː ɑ t i l i	0
palkkatuki	p ɑ l kː ɑ t u k i	0
palkkatulo	p ɑ l kː ɑ t u l o	2
palkkaturva	p ɑ l kː ɑ t u r ʋ ɑ	0
palkkatyö	p ɑ l kː ɑ t y ø̯	9
palkkatyöläinen	p ɑ l kː ɑ t y ø̯ l æ i̯ n e n	3
palkkausjärjestelmä	p ɑ l kː ɑ u s j æ r j e s t e l m æ	16
palkkausluokka	p ɑ l kː ɑ u s l u o̯ kː ɑ	1
palkkavaatimus	p ɑ l kː ɑ ʋ ɑː t i m u s	3
palkki	p ɑ l kː i	25
palkkikaavio	p ɑ l kː i k ɑː ʋ i o	1
palkkikamera	p ɑ l kː i k ɑ m e r ɑ	0
palkkisilta	p ɑ l kː i s i l t ɑ	2
palkkuut	p ɑ l kː uː t	0
palko	p ɑ l k o	3
pallas	p ɑ lː ɑ s	13
pallea	p ɑ lː e ɑ	0
palleropilvi	p ɑ lː e r o p i l ʋ i	0
palli	p ɑ lː i	1
palliatiivi	p ɑ lː i ɑ t iː ʋ i	0
palliatiivinen	p ɑ lː i ɑ t iː ʋ i n e n	2
pallo	p ɑ lː o	283
palloaalto	p ɑ lː o ɑː l t o	0
pallografiittivalurauta	p ɑ lː o ɡ r ɑ f iː tː i ʋ ɑ l u r ɑ u̯ t ɑ	0
pallograniitti	p ɑ lː o ɡ r ɑ n iː tː i	1
palloharmoninen	p ɑ lː o h ɑ r m o n i n e n	0
pallohiili	p ɑ lː o h iː l i	0
pallojuusto	p ɑ lː o j uː s t o	0
pallokaktus	p ɑ lː o k ɑ k t u s	0
pallokartta	p ɑ lː o k ɑ r tː ɑ	0
pallokenttä	p ɑ lː o k e n tː æ	10
pallokirjoituskone	p ɑ lː o k i r j o i̯ t u s k o n eˣ	0
pallokolmio	p ɑ lː o k o l m i o	0
pallokoordinaatisto	p ɑ lː o k oː r d i n ɑː t i s t o	0
pallokoordinaatit	p ɑ lː o k oː r d i n ɑː t i t	0
pallokulma	p ɑ lː o k u l m ɑ	0
pallolaajennus	p ɑ lː o l ɑː j e nː u s	11
palloleikki	p ɑ lː o l e i̯ kː i	0
pallomeri	p ɑ lː o m e r i	4
pallonhallinta	p ɑ lː o n h ɑ lː i n t ɑ	0
pallonheitto	p ɑ lː o n h e i̯ tː o	0
pallonkuori	p ɑ lː o n k u o̯ r i	0
pallonkäsittely	p ɑ lː o n k æ s i tː e l y	0
pallonmenetys	p ɑ lː o n m e n e t y s	2
pallonpinta	p ɑ lː o n p i n t ɑ	0
pallonpuolikas	p ɑ lː o n p u o̯ l i k ɑ s	0
pallonriisto	p ɑ lː o n r iː s t o	0
pallonuija	p ɑ lː o n u i̯ j ɑ	0
pallopeili	p ɑ lː o p e i̯ l i	0
palloperuna	p ɑ lː o p e r u n ɑ	0
pallopiiri	p ɑ lː o p iː r i	0
pallopoika	p ɑ lː o p o i̯ k ɑ	0
pallopullo	p ɑ lː o p u lː o	0
pallosalama	p ɑ lː o s ɑ l ɑ m ɑ	4
pallosara	p ɑ lː o s ɑ r ɑ	0
pallosegmentti	p ɑ lː o s e ɡ m e n tː i	0
pallosektori	p ɑ lː o s e k t o r i	0
pallosilla	p ɑ lː o s i lː ɑ	0
pallosille	p ɑ lː o s i lː eˣ	0
pallotuoli	p ɑ lː o t u o̯ l i	1
pallotyttö	p ɑ lː o t y tː ø	0
pallotähtitiede	p ɑ lː o t æ h t i t i e̯ d eˣ	0
palloventtiili	p ɑ lː o ʋ e n tː iː l i	1
palmaarinen	p ɑ l m ɑː r i n e n	0
palmetti	p ɑ l m e tː i	0
palmikko	p ɑ l m i kː o	0
palmuranta	p ɑ l m u r ɑ n t ɑ	0
palmusunnuntai	p ɑ l m u s u nː u n t ɑ i̯	0
palmuviini	p ɑ l m u ʋ iː n i	0
palo	p ɑ l o	103
paloalue	p ɑ l o ɑ l u eˣ	0
palohaka	p ɑ l o h ɑ k ɑ	1
paloitella	p ɑ l o i̯ t e lː ɑˣ	2
paloitteleminen	p ɑ l o i̯ tː e l e m i n e n	0
palokaasu	p ɑ l o k ɑː s u	0
palokaivo	p ɑ l o k ɑ i̯ ʋ o	0
palokalusto	p ɑ l o k ɑ l u s t o	0
palokeksi	p ɑ l o k e k s i	0
palokirves	p ɑ l o k i r ʋ e s	0
palokuoppa	p ɑ l o k u o̯ pː ɑ	0
palokärki	p ɑ l o k æ r k i	10
paloluukku	p ɑ l o l uː kː u	0
palomies	p ɑ l o m i e̯ s	6
palomuuri	p ɑ l o m uː r i	26
palosammutin	p ɑ l o s ɑ mː u t i n	0
paloseinä	p ɑ l o s e i̯ n æ	1
palotikkaat	p ɑ l o t i kː ɑː t	1
paloton	p ɑ l o t o n	1
paloturvallisuus	p ɑ l o t u r ʋ ɑ lː i s uː s	26
palovanko	p ɑ l o ʋ ɑ ŋ k o	0
palovaroitin	p ɑ l o ʋ ɑ r o i̯ t i n	25
palovartija	p ɑ l o ʋ ɑ r t i j ɑ	1
palovaurio	p ɑ l o ʋ ɑ u̯ r i o	0
paloöljy	p ɑ l o ø l j y	0
palsasuo	p ɑ l s ɑ s u o̯	0
palsi	p ɑ l s i	0
palstalääkäri	p ɑ l s t ɑ l æː k æ r i	0
palstantäyte	p ɑ l s t ɑ n t æ y̯ t eˣ	0
palstatila	p ɑ l s t ɑ t i l ɑ	0
palstavedos	p ɑ l s t ɑ ʋ e d o s	0
palstaviljely	p ɑ l s t ɑ ʋ i l j e l y	0
palstaväli	p ɑ l s t ɑ ʋ æ l i	0
palsternakka	p ɑ l s t e r n ɑ kː ɑ	0
palstoittain	p ɑ l s t o i̯ tː ɑ i̯ n	0
paltamo	p ɑ l t ɑ m o	5
paltamolainen	p ɑ l t ɑ m o l ɑ i̯ n e n	2
palttoo	p ɑ l tː oː	0
paluu	p ɑ l uː	231
paluuarvo	p ɑ l uː ɑ r ʋ o	0
paluukoodi	p ɑ l uː k oː d i	0
paluupallo	p ɑ l uː p ɑ lː o	1
paluurahti	p ɑ l uː r ɑ h t i	1
palvelinkone	p ɑ l ʋ e l i n k o n eˣ	2
palvelinsovelma	p ɑ l ʋ e l i n s o ʋ e l m ɑ	0
palvella	p ɑ l ʋ e lː ɑ	310
palvella	p ɑ l ʋ e lː ɑˣ	310
palvelu	p ɑ l ʋ e l u	711
palveluammatti	p ɑ l ʋ e l u ɑ mː ɑ tː i	1
palveluelinkeino	p ɑ l ʋ e l u e l i n k e i̯ n o	0
palveluhenkinen	p ɑ l ʋ e l u h e ŋ k i n e n	5
palvelukanava	p ɑ l ʋ e l u k ɑ n ɑ ʋ ɑ	4
palveluluokka	p ɑ l ʋ e l u l u o̯ kː ɑ	2
palvelumerkki	p ɑ l ʋ e l u m e r kː i	0
palvelunestohyökkäys	p ɑ l ʋ e l u n e s t o h y ø̯ kː æ y s	2
palvelunkäyttäjä	p ɑ l ʋ e l u n k æ y̯ tː æ j æ	0
palveluntuottaja	p ɑ l ʋ e l u n t u o̯ tː ɑ j ɑ	10
palveluprosessi	p ɑ l ʋ e l u p r o s e sː i	1
palvelusetelijärjestelmä	p ɑ l ʋ e l u s e t e l i j æ r j e s t e l m æ	0
palvelussuhde	p ɑ l ʋ e l u s s u h d eˣ	24
palvelusvuosi	p ɑ l ʋ e l u s ʋ u o̯ s i	0
palvelusväki	p ɑ l ʋ e l u s ʋ æ k i	1
palvelutoiminta	p ɑ l ʋ e l u t o i̯ m i n t ɑ	20
palvelutuote	p ɑ l ʋ e l u t u o̯ t eˣ	2
palvelutyyppi	p ɑ l ʋ e l u t yː pː i	0
palveluvalmis	p ɑ l ʋ e l u ʋ ɑ l m i s	0
palveluverkosto	p ɑ l ʋ e l u ʋ e r k o s t o	10
palvikinkku	p ɑ l ʋ i k i ŋ kː u	0
palviliha	p ɑ l ʋ i l i h ɑ	1
palvimakkara	p ɑ l ʋ i m ɑ kː ɑ r ɑ	0
palvoa	p ɑ l ʋ o ɑˣ	10
palvoi	p ɑ l ʋ o i̯	5
palvontaan	p ɑ l ʋ o n t ɑː n	8
palvontapaikka	p ɑ l ʋ o n t ɑ p ɑ i̯ kː ɑ	2
palvoskivi	p ɑ l ʋ o s k i ʋ i	0
palvovasti	p ɑ l ʋ o ʋ ɑ s t iˣ	0
palynologia	p ɑ l y n o l o ɡ i ɑ	0
pamahtaa	p ɑ m ɑ h t ɑːˣ	5
pamauttaminen	p ɑ m ɑ u tː ɑ m i n e n	0
panama	p ɑ n ɑ m ɑ	4
panarabismi	p ɑ n ɑ r ɑ b i s m i	0
panda	p ɑ n d ɑ	8
paneelilaudoitus	p ɑ n eː l i l ɑ u̯ d o i̯ t u s	0
paneelilauta	p ɑ n eː l i l ɑ u̯ t ɑ	0
paneeliseinä	p ɑ n eː l i s e i̯ n æ	0
panelointi	p ɑ n e l o i̯ n t i	2
paneminen	p ɑ n e m i n e n	7
paneskella	p ɑ n e s k e lː ɑˣ	0
paneskellen	p ɑ n e s k e lː e n	0
paneutua	p ɑ n e u t u ɑˣ	91
paniikkihäiriö	p ɑ n iː kː i h æ i̯ r i ø	13
paniikkikohtaus	p ɑ n iː kː i k o h t ɑ u s	1
panimo	p ɑ n i m o	29
panimoravintola	p ɑ n i m o r ɑ ʋ i n t o l ɑ	2
panimoteollisuus	p ɑ n i m o t e o lː i s uː s	2
panini	p ɑ n i n i	0
pankki	p ɑ ŋ kː i	235
pankkiala	p ɑ ŋ kː i ɑ l ɑ	2
pankkiasia	p ɑ ŋ kː i ɑ s i ɑ	0
pankkiauto	p ɑ ŋ kː i ɑ u t o	0
pankkiholvi	p ɑ ŋ kː i h o l ʋ i	0
pankkiiri	p ɑ ŋ kː iː r i	2
pankkikirja	p ɑ ŋ kː i k i r j ɑ	0
pankkikonttori	p ɑ ŋ kː i k o n tː o r i	2
pankkilokero	p ɑ ŋ kː i l o k e r o	0
pankkimaailma	p ɑ ŋ kː i m ɑː i l m ɑ	1
pankkineiti	p ɑ ŋ kː i n e i̯ t i	2
pankkisalaisuus	p ɑ ŋ kː i s ɑ l ɑ i̯ s uː s	2
pankkisali	p ɑ ŋ kː i s ɑ l i	2
pankkisuhde	p ɑ ŋ kː i s u h d eˣ	1
pankkitalletus	p ɑ ŋ kː i t ɑ lː e t u s	1
pankkitili	p ɑ ŋ kː i t i l i	5
pankkitoimihenkilö	p ɑ ŋ kː i t o i̯ m i h e ŋ k i l ø	1
pankkitoiminta	p ɑ ŋ kː i t o i̯ m i n t ɑ	4
pankkituki	p ɑ ŋ kː i t u k i	2
pankkivaltuusmies	p ɑ ŋ kː i ʋ ɑ l t uː s m i e̯ s	0
pankkivekseli	p ɑ ŋ kː i ʋ e k s e l i	0
pankkivelka	p ɑ ŋ kː i ʋ e l k ɑ	1
pankkivirkailija	p ɑ ŋ kː i ʋ i r k ɑ i̯ l i j ɑ	1
pankkiyhteys	p ɑ ŋ kː i y h t e y s	10
pankko	p ɑ ŋ kː o	0
panna	p ɑ nː ɑ	241
panna	p ɑ nː ɑˣ	241
panni	p ɑ nː i	0
panninala	p ɑ nː i n ɑ l ɑ	0
pannunmyssy	p ɑ nː u n m y sː y	0
pannupihvi	p ɑ nː u p i h ʋ i	0
panoraamakamera	p ɑ n o r ɑː m ɑ k ɑ m e r ɑ	1
panosnaulain	p ɑ n o s n ɑ u̯ l ɑ i̯ n	0
panostaminen	p ɑ n o s t ɑ m i n e n	44
panpsykismi	p ɑ n p s y k i s m i	0
panssariauto	p ɑ n sː ɑ r i ɑ u t o	0
panssarieste	p ɑ n sː ɑ r i e s t eˣ	0
panssarijoukot	p ɑ n sː ɑ r i j o u̯ k o t	0
panssarilaiva	p ɑ n sː ɑ r i l ɑ i̯ ʋ ɑ	1
panssariverkkoaita	p ɑ n sː ɑ r i ʋ e r kː o ɑ i̯ t ɑ	0
panssaroida	p ɑ n sː ɑ r o i̯ d ɑˣ	0
pansytopenia	p ɑ n s y t o p e n i ɑ	0
panta	p ɑ n t ɑ	11
pantaa	p ɑ n t ɑː	2
pantaheinä	p ɑ n t ɑ h e i̯ n æ	0
panttioikeus	p ɑ n tː i o i̯ k e u s	2
panttivanki	p ɑ n tː i ʋ ɑ ŋ k i	1
panu	p ɑ n u	79
papaija	p ɑ p ɑ i̯ j ɑ	3
paparazzi	p ɑ p ɑ r ɑ t s i	3
papelo	p ɑ p e l o	0
paperi	p ɑ p e r i	144
paperieriste	p ɑ p e r i e r i s t eˣ	0
paperihuopa	p ɑ p e r i h u o̯ p ɑ	0
paperikanta	p ɑ p e r i k ɑ n t ɑ	0
paperikantinen	p ɑ p e r i k ɑ n t i n e n	0
paperikoko	p ɑ p e r i k o k o	4
paperikopio	p ɑ p e r i k o p i o	6
paperikuitu	p ɑ p e r i k u i̯ t u	0
paperilaatu	p ɑ p e r i l ɑː t u	1
paperileikkuri	p ɑ p e r i l e i̯ kː u r i	0
paperilennokki	p ɑ p e r i l e nː o kː i	0
paperiliima	p ɑ p e r i l iː m ɑ	0
paperiliitin	p ɑ p e r i l iː t i n	4
paperimarkka	p ɑ p e r i m ɑ r kː ɑ	0
paperinjalostus	p ɑ p e r i n j ɑ l o s t u s	1
paperinohut	p ɑ p e r i n o h u t	0
paperipino	p ɑ p e r i p i n o	2
paperipuu	p ɑ p e r i p uː	0
paperiraina	p ɑ p e r i r ɑ i̯ n ɑ	0
papeririisi	p ɑ p e r i r iː s i	0
paperiruukki	p ɑ p e r i r uː kː i	0
paperisakset	p ɑ p e r i s ɑ k s e t	0
paperiteippi	p ɑ p e r i t e i̯ pː i	1
paperitekniikka	p ɑ p e r i t e k n iː kː ɑ	1
paperitähti	p ɑ p e r i t æ h t i	0
paperitötterö	p ɑ p e r i t ø tː e r ø	0
paperossi	p ɑ p e r o sː i	0
pappi	p ɑ pː i	146
paprikajauhe	p ɑ p r i k ɑ j ɑ u̯ h eˣ	2
papu	p ɑ p u	6
papukaija	p ɑ p u k ɑ i̯ j ɑ	9
papukeitto	p ɑ p u k e i̯ tː o	0
papurokka	p ɑ p u r o kː ɑ	0
papyruskäärö	p ɑ p y r u s k æː r ø	0
para	p ɑ r ɑ	7
paraabelikaari	p ɑ r ɑː b e l i k ɑː r i	0
parafraasi	p ɑ r ɑ f r ɑː s i	0
paragneissi	p ɑ r ɑ ɡ n e i̯ sː i	0
paraguay	p ɑ r ɑ ɡ ʋ ɑ i̯	1
parahin	p ɑ r ɑ h i n	0
parahultainen	p ɑ r ɑ h u l t ɑ i̯ n e n	0
paraiksi	p ɑ r ɑ i̯ k s i	0
paraillaan	p ɑ r ɑ i̯ lː ɑː n	0
parainen	p ɑ r ɑ i̯ n e n	32
paraislainen	p ɑ r ɑ i̯ s l ɑ i̯ n e n	2
paraiten	p ɑ r ɑ i̯ t e n	1
parajoukkue	p ɑ r ɑ j o u̯ kː u eˣ	0
parallaksivieritys	p ɑ r ɑ lː ɑ k s i ʋ i e̯ r i t y s	0
paralleeli	p ɑ r ɑ lː eː l i	2
paralleelinen	p ɑ r ɑ lː eː l i n e n	0
parallelismi	p ɑ r ɑ lː e l i s m i	0
paramagnetismi	p ɑ r ɑ m ɑ ɡ n e t i s m i	1
parametriesitys	p ɑ r ɑ m e t r i e s i t y s	0
parametroida	p ɑ r ɑ m e t r o i̯ d ɑˣ	2
parannussaarna	p ɑ r ɑ nː u s s ɑː r n ɑ	0
parannustyö	p ɑ r ɑ nː u s t y ø̯	2
parantumattomasti	p ɑ r ɑ n t u m ɑ tː o m ɑ s t iˣ	4
paras	p ɑ r ɑ s	1710
parasitoidi	p ɑ r ɑ s i t o i̯ d i	0
parasitologi	p ɑ r ɑ s i t o l o ɡ i	0
parasosiaalinen	p ɑ r ɑ s o s i ɑː l i n e n	0
parata	p ɑ r ɑ t ɑˣ	1
parataktinen	p ɑ r ɑ t ɑ k t i n e n	0
parateksti	p ɑ r ɑ t e k s t i	0
paratiisi	p ɑ r ɑ t iː s i	21
paratiisilintu	p ɑ r ɑ t iː s i l i n t u	0
paratiisiomena	p ɑ r ɑ t iː s i o m e n ɑ	0
paratyyppi	p ɑ r ɑ t yː pː i	0
paraurheilija	p ɑ r ɑ u r h e i̯ l i j ɑ	0
paravety	p ɑ r ɑ ʋ e t y	0
parayleisurheilu	p ɑ r ɑ y l e i̯ s u r h e i̯ l u	0
pareittainen	p ɑ r e i̯ tː ɑ i̯ n e n	0
pareja	p ɑ r e j ɑ	27
paremiologi	p ɑ r e m i o l o ɡ i	0
paremmanni	p ɑ r e mː ɑ nː iˣ	0
paremmuusjärjestys	p ɑ r e mː uː s j æ r j e s t y s	2
parempi	p ɑ r e m p i	1193
parenkyymi	p ɑ r e ŋ k yː m i	0
parenteraalinen	p ɑ r e n t e r ɑː l i n e n	1
parfait	p ɑ r f eː	0
parhain	p ɑ r h ɑ i̯ n	49
pari	p ɑ r i	1697
pariajo	p ɑ r i ɑ j o	0
pariarvo	p ɑ r i ɑ r ʋ o	0
parihevoset	p ɑ r i h e ʋ o s e t	0
parihyppy	p ɑ r i h y pː y	0
pariisi	p ɑ r iː s i	23
pariisinperunat	p ɑ r iː s i n p e r u n ɑ t	0
parikaapeli	p ɑ r i k ɑː p e l i	4
parikkala	p ɑ r i kː ɑ l ɑ	9
parikkalainen	p ɑ r i kː ɑ l ɑ i̯ n e n	0
parikkalalainen	p ɑ r i kː ɑ l ɑ l ɑ i̯ n e n	1
parila	p ɑ r i l ɑ	1
parillinen	p ɑ r i lː i n e n	12
parillisuus	p ɑ r i lː i s uː s	0
pariloida	p ɑ r i l o i̯ d ɑˣ	0
parinappi	p ɑ r i n ɑ pː i	0
pariohjelmointi	p ɑ r i o h j e l m o i̯ n t i	0
pariovi	p ɑ r i o ʋ i	0
parisenkymmentä	p ɑ r i s e n k y mː e n t æ	30
parisensataa	p ɑ r i s e n s ɑ t ɑː	1
pariskunta	p ɑ r i s k u n t ɑ	61
parisuhde	p ɑ r i s u h d eˣ	32
pariton	p ɑ r i t o n	12
parittaa	p ɑ r i tː ɑːˣ	1
parittain	p ɑ r i tː ɑ i̯ n	2
paritteluelin	p ɑ r i tː e l u e l i n	0
parittomuus	p ɑ r i tː o m uː s	0
paritupa	p ɑ r i t u p ɑ	1
pariutua	p ɑ r i u t u ɑˣ	1
parivälistys	p ɑ r i ʋ æ l i s t y s	0
parjaaminen	p ɑ r j ɑː m i n e n	2
parka	p ɑ r k ɑ	1
parkano	p ɑ r k ɑ n o	15
parkanolainen	p ɑ r k ɑ n o l ɑ i̯ n e n	0
parkata	p ɑ r k ɑ t ɑˣ	0
parketti	p ɑ r k e tː i	11
parkinsonismi	p ɑ r k i n s o n i s m i	0
parkita	p ɑ r k i t ɑˣ	0
parkitusaine	p ɑ r k i t u s ɑ i̯ n eˣ	0
parkkeerausalue	p ɑ r kː eː r ɑ u s ɑ l u eˣ	0
parkki	p ɑ r kː i	14
parkkiaine	p ɑ r kː i ɑ i̯ n eˣ	0
parkkiintua	p ɑ r kː iː n t u ɑˣ	0
parkkikiekko	p ɑ r kː i k i e̯ kː o	0
parkkilaiva	p ɑ r kː i l ɑ i̯ ʋ ɑ	0
parkkinahka	p ɑ r kː i n ɑ h k ɑ	0
parkkipankki	p ɑ r kː i p ɑ ŋ kː i	0
parkkiutua	p ɑ r kː i u t u ɑˣ	0
parkkuurauta	p ɑ r kː uː r ɑ u̯ t ɑ	0
parku	p ɑ r k u	1
parkuminen	p ɑ r k u m i n e n	0
parlamentaarisesti	p ɑ r l ɑ m e n t ɑː r i s e s t iˣ	3
parlamenttarismi	p ɑ r l ɑ m e n tː ɑ r i s m i	0
parlografi	p ɑ r l o ɡ r ɑ f i	1
parodisesti	p ɑ r o d i s e s t iˣ	0
parrankasvu	p ɑ rː ɑ n k ɑ s ʋ u	0
parransänki	p ɑ rː ɑ n s æ ŋ k i	2
parras	p ɑ rː ɑ s	1
parrasvalo	p ɑ rː ɑ s ʋ ɑ l o	1
parree	p ɑ rː eː	0
parree	p ɑ rː eːˣ	0
parroittua	p ɑ rː o i̯ tː u ɑˣ	0
parru	p ɑ rː u	1
parsa	p ɑ r s ɑ	8
parsaherne	p ɑ r s ɑ h e r n eˣ	0
parsakaali	p ɑ r s ɑ k ɑː l i	8
parsakaalikeitto	p ɑ r s ɑ k ɑː l i k e i̯ tː o	0
parsakeitto	p ɑ r s ɑ k e i̯ tː o	0
parsi	p ɑ r s i	4
parsi	p ɑ r s iˣ	4
parsia	p ɑ r s i ɑ	1
parsia	p ɑ r s i ɑˣ	1
parsiminen	p ɑ r s i m i n e n	1
parsinsieni	p ɑ r s i n s i e̯ n i	0
parta	p ɑ r t ɑ	11
partahaiven	p ɑ r t ɑ h ɑ i̯ ʋ e n	0
partajeesus	p ɑ r t ɑ j eː s u s	0
partanen	p ɑ r t ɑ n e n	138
partaniekka	p ɑ r t ɑ n i e̯ kː ɑ	0
partaradikaali	p ɑ r t ɑ r ɑ d i k ɑː l i	0
partasieni	p ɑ r t ɑ s i e̯ n i	0
partasuti	p ɑ r t ɑ s u t i	0
partasuu	p ɑ r t ɑ s uː	1
partavaahto	p ɑ r t ɑ ʋ ɑː h t o	1
partaveitsikotelo	p ɑ r t ɑ ʋ e i̯ t s i k o t e l o	0
partiaalinen	p ɑ r t i ɑː l i n e n	0
partikkeli	p ɑ r t i kː e l i	0
partikkeliefekti	p ɑ r t i kː e l i e f e k t i	0
partikulaarinen	p ɑ r t i k u l ɑː r i n e n	1
partiopuku	p ɑ r t i o p u k u	0
parturinsakset	p ɑ r t u r i n s ɑ k s e t	0
parturintuoli	p ɑ r t u r i n t u o̯ l i	1
parveilu	p ɑ r ʋ e i̯ l u	0
parveiluitiö	p ɑ r ʋ e i̯ l u i t i ø	0
parvi	p ɑ r ʋ i	49
parviainen	p ɑ r ʋ i ɑ i̯ n e n	116
parvilintu	p ɑ r ʋ i l i n t u	0
parvina	p ɑ r ʋ i n ɑ	1
parvittain	p ɑ r ʋ i tː ɑ i̯ n	1
pas	p ɑ s	3
pasha	p ɑ s h ɑ	0
pasi	p ɑ s i	459
pasifistisesti	p ɑ s i f i s t i s e s t iˣ	0
paska	p ɑ s k ɑ	15
paskanmarjat	p ɑ s k ɑ n m ɑ r j ɑ t	0
paskoa	p ɑ s k o ɑˣ	0
paskuus	p ɑ s k uː s	0
pasmakaide	p ɑ s m ɑ k ɑ i̯ d eˣ	0
passari	p ɑ sː ɑ r i	18
passata	p ɑ sː ɑ t ɑˣ	1
passeli	p ɑ sː e l i	7
passi	p ɑ sː i	67
passiivat	p ɑ sː iː ʋ ɑ t	0
passiivitalo	p ɑ sː iː ʋ i t ɑ l o	0
passikuva	p ɑ sː i k u ʋ ɑ	6
passiohedelmä	p ɑ sː i o h e d e l m æ	0
passion	p ɑ sː i o n	2
passionhedelmä	p ɑ sː i o n h e d e l m æ	0
passipoliisi	p ɑ sː i p o l iː s i	1
passivapaus	p ɑ sː i ʋ ɑ p ɑ u s	1
passu	p ɑ sː u	0
pasta	p ɑ s t ɑ	17
pastajuotos	p ɑ s t ɑ j u o̯ t o s	0
pastakone	p ɑ s t ɑ k o n eˣ	0
pastaruoka	p ɑ s t ɑ r u o̯ k ɑ	0
pastelli	p ɑ s t e lː i	3
pastelliliitu	p ɑ s t e lː i l iː t u	0
pastellityö	p ɑ s t e lː i t y ø̯	0
pastilli	p ɑ s t i lː i	1
pastori	p ɑ s t o r i	141
pasuri	p ɑ s u r i	8
pasutusuuni	p ɑ s u t u s uː n i	0
pata	p ɑ t ɑ	5
patahanko	p ɑ t ɑ h ɑ ŋ k o	0
patakoukku	p ɑ t ɑ k o u̯ kː u	0
patakukko	p ɑ t ɑ k u kː o	0
patalaiska	p ɑ t ɑ l ɑ i̯ s k ɑ	1
patalakki	p ɑ t ɑ l ɑ kː i	0
patalappu	p ɑ t ɑ l ɑ pː u	0
patapaisti	p ɑ t ɑ p ɑ i̯ s t i	0
patapenkki	p ɑ t ɑ p e ŋ kː i	1
patapölkky	p ɑ t ɑ p ø l kː y	0
patarumpu	p ɑ t ɑ r u m p u	1
patasuti	p ɑ t ɑ s u t i	0
patavalmis	p ɑ t ɑ ʋ ɑ l m i s	0
patavanhoillinen	p ɑ t ɑ ʋ ɑ n h o i̯ lː i n e n	1
pateettinen	p ɑ t eː tː i n e n	1
patenttiasiakirja	p ɑ t e n tː i ɑ s i ɑ k i r j ɑ	0
patenttihakemus	p ɑ t e n tː i h ɑ k e m u s	7
patenttikirja	p ɑ t e n tː i k i r j ɑ	0
patenttineuvos	p ɑ t e n tː i n e u̯ ʋ o s	0
patenttinumero	p ɑ t e n tː i n u m e r o	0
patenttirekisteri	p ɑ t e n tː i r e k i s t e r i	0
paternalismi	p ɑ t e r n ɑ l i s m i	2
patikoiminen	p ɑ t i k o i̯ m i n e n	0
patinointi	p ɑ t i n o i̯ n t i	0
patistaa	p ɑ t i s t ɑːˣ	12
patja	p ɑ t j ɑ	18
patjakangas	p ɑ t j ɑ k ɑ ŋː ɑ s	0
patjapussi	p ɑ t j ɑ p u sː i	0
pato	p ɑ t o	34
patoaukko	p ɑ t o ɑ u kː o	0
patofysiologia	p ɑ t o f y s i o l o ɡ i ɑ	2
patokalastus	p ɑ t o k ɑ l ɑ s t u s	0
patolaite	p ɑ t o l ɑ i̯ t eˣ	0
patonki	p ɑ t o ŋ k i	2
patopaine	p ɑ t o p ɑ i̯ n eˣ	0
patouma	p ɑ t o u m ɑ	0
patous	p ɑ t o u s	0
patriarkaalinen	p ɑ t r i ɑ r k ɑː l i n e n	5
patruuna	p ɑ t r uː n ɑ	51
patsas	p ɑ t s ɑ s	50
patti	p ɑ tː i	16
pattitilanne	p ɑ tː i t i l ɑ nː eˣ	2
patukka	p ɑ t u kː ɑ	2
patukkasara	p ɑ t u kː ɑ s ɑ r ɑ	0
paukkua	p ɑ u̯ kː u ɑˣ	4
paul	p ɑ u̯ l	183
paula	p ɑ u̯ l ɑ	281
paulakenkä	p ɑ u̯ l ɑ k e ŋ k æ	0
pauli	p ɑ u̯ l i	201
pauliina	p ɑ u̯ l iː n ɑ	63
pauloittaa	p ɑ u̯ l o i̯ tː ɑːˣ	0
paunetti	p ɑ u̯ n e tː i	0
pausettaa	p ɑ u̯ s e tː ɑːˣ	0
paviaani	p ɑ ʋ i ɑː n i	2
pedari	p e d ɑ r i	0
pedersöre	p eː d e r s øː r e	3
pedersöreläinen	p eː d e r s øː r e l æ i̯ n e n	1
pedro	p e d r o	26
pee	p eː	0
peelo	p eː l o	1
peesi	p eː s i	1
peetu	p eː t u	0
peevelisti	p eː ʋ e l i s t iˣ	0
peffa	p e fː ɑ	0
pegasus	p e ɡ ɑ s u s	8
pehmennysmerkki	p e h m e nː y s m e r kː i	0
pehmentyä	p e h m e n t y æˣ	1
pehmentää	p e h m e n t æː	15
pehmentää	p e h m e n t æːˣ	15
pehmeä	p e h m e æ	130
pehmeäjuote	p e h m e æ j u o̯ t eˣ	0
pehmeäjuotos	p e h m e æ j u o̯ t o s	0
pehmeäkarvainen	p e h m e æ k ɑ r ʋ ɑ i̯ n e n	0
pehmeäliikkeinen	p e h m e æ l iː kː e i̯ n e n	0
pehmeäpohjainen	p e h m e æ p o h j ɑ i̯ n e n	1
pehmeäpohjasyövytys	p e h m e æ p o h j ɑ s y ø̯ ʋ y t y s	0
pehmeäpäinen	p e h m e æ p æ i̯ n e n	0
pehmeäsydäminen	p e h m e æ s y d æ m i n e n	0
pehmeävillainen	p e h m e æ ʋ i lː ɑ i̯ n e n	0
pehmittyä	p e h m i tː y æˣ	0
pehmitysaine	p e h m i t y s ɑ i̯ n eˣ	0
pehmoeläin	p e h m o e l æ i̯ n	0
pehmoilla	p e h m o i̯ lː ɑˣ	0
pehmolelu	p e h m o l e l u	3
pehmyt	p e h m y t	1
pehmytkalvo	p e h m y t k ɑ l ʋ o	0
pehmytkudos	p e h m y t k u d o s	0
pehva	p e h ʋ ɑ	0
peilari	p e i̯ l ɑ r i	0
peilausmatriisi	p e i̯ l ɑ u s m ɑ t r iː s i	0
peilautua	p e i̯ l ɑ u t u ɑˣ	0
peili	p e i̯ l i	56
peiliheijastuskamera	p e i̯ l i h e i̯ j ɑ s t u s k ɑ m e r ɑ	0
peiliholvi	p e i̯ l i h o l ʋ i	0
peilikaappi	p e i̯ l i k ɑː pː i	4
peilikuvaisomeria	p e i̯ l i k u ʋ ɑ i s o m e r i ɑ	0
peililasi	p e i̯ l i l ɑ s i	2
peiliovi	p e i̯ l i o ʋ i	1
peilipöytä	p e i̯ l i p ø y̯ t æ	0
peilirauta	p e i̯ l i r ɑ u̯ t ɑ	0
peilisali	p e i̯ l i s ɑ l i	0
peipata	p e i̯ p ɑ t ɑˣ	0
peippi	p e i̯ pː i	0
peitata	p e i̯ t ɑ t ɑˣ	3
peitekuvaus	p e i̯ t eˣ k u ʋ ɑ u s	0
peitelevy	p e i̯ t eˣ l e ʋ y	1
peitellysti	p e i̯ t e lː y s t iˣ	4
peitepuikko	p e i̯ t eˣ p u i̯ kː o	0
peitetysti	p e i̯ t e t y s t iˣ	1
peitinkalvo	p e i̯ t i n k ɑ l ʋ o	0
peitsata	p e i̯ t s ɑ t ɑˣ	0
peitsi	p e i̯ t s i	2
peittausaine	p e i̯ tː ɑ u s ɑ i̯ n eˣ	1
peittoala	p e i̯ tː o ɑ l ɑ	0
peittoilmiö	p e i̯ tː o i l m i ø	0
peittokyky	p e i̯ tː o k y k y	2
peittolakana	p e i̯ tː o l ɑ k ɑ n ɑ	0
peittäminen	p e i̯ tː æ m i n e n	14
peittää	p e i̯ tː æːˣ	166
pekka	p e kː ɑ	1688
pekkala	p e kː ɑ l ɑ	32
pekkanen	p e kː ɑ n e n	26
pekkaspäivä	p e kː ɑ s p æ i̯ ʋ æ	1
pekko	p e kː o	12
pekonimakkara	p e k o n i m ɑ kː ɑ r ɑ	0
pekonipizza	p e k o n i p i t s ɑ	0
pekoraali	p e k o r ɑː l i	0
pelailla	p e l ɑ i̯ lː ɑˣ	4
pelastaa	p e l ɑ s t ɑːˣ	154
pelastussuunnitelma	p e l ɑ s t u s s uː nː i t e l m ɑ	7
pelastusväline	p e l ɑ s t u s ʋ æ l i n eˣ	0
pelastusyksikkö	p e l ɑ s t u s y k s i kː ø	3
pelata	p e l ɑ t ɑˣ	323
peli	p e l i	580
peliala	p e l i ɑ l ɑ	0
pelihallipeli	p e l i h ɑ lː i p e l i	0
pelihimo	p e l i h i m o	0
peliittinen	p e l iː tː i n e n	0
pelikausi	p e l i k ɑ u̯ s i	5
pelikello	p e l i k e lː o	6
pelikone	p e l i k o n eˣ	2
pelilaite	p e l i l ɑ i̯ t eˣ	0
pelillinen	p e l i lː i n e n	5
pelimies	p e l i m i e̯ s	10
pelimoottori	p e l i m oː tː o r i	0
pelipallo	p e l i p ɑ lː o	0
pelipalvelin	p e l i p ɑ l ʋ e l i n	0
pelipuu	p e l i p uː	0
pelipöytä	p e l i p ø y̯ t æ	0
peliraha	p e l i r ɑ h ɑ	0
pelisuunnittelija	p e l i s uː nː i tː e l i j ɑ	0
pelisuunnittelu	p e l i s uː nː i tː e l u	0
peliteoreetikko	p e l i t e o r eː t i kː o	1
pelitietokone	p e l i t i e̯ t o k o n eˣ	0
pelittää	p e l i tː æːˣ	2
pelkistyminen	p e l k i s t y m i n e n	1
pelkistys	p e l k i s t y s	3
pelkistysaine	p e l k i s t y s ɑ i̯ n eˣ	0
pelkkaäes	p e l kː ɑ æ e s	0
pelko	p e l k o	204
pelkosenniemeläinen	p e l k o s e n n i e̯ m e l æ i̯ n e n	0
pelkosenniemi	p e l k o s e n n i e̯ m i	1
pelkotila	p e l k o t i l ɑ	0
pelkurimaisesti	p e l k u r i m ɑ i̯ s e s t iˣ	0
pelkääminen	p e l k æː m i n e n	1
pellavaharja	p e lː ɑ ʋ ɑ h ɑ r j ɑ	0
pellavakampa	p e lː ɑ ʋ ɑ k ɑ m p ɑ	0
pelle	p e lː e	56
pellervo	p e lː e r ʋ o	4
pellervoinen	p e lː e r ʋ o i̯ n e n	1
pellittää	p e lː i tː æːˣ	0
pello	p e lː o	6
pellolainen	p e lː o l ɑ i̯ n e n	0
pellonmuokkaus	p e lː o n m u o̯ kː ɑ u s	0
pellonpiennar	p e lː o n p i e̯ nː ɑ r	0
pellonraivaus	p e lː o n r ɑ i̯ ʋ ɑ u s	0
pellonvaraus	p e lː o n ʋ ɑ r ɑ u s	0
pelmahdella	p e l m ɑ h d e lː ɑˣ	0
pelmahtaa	p e l m ɑ h t ɑːˣ	0
pelmeni	p e l m e n i	0
pelmuta	p e l m u t ɑˣ	0
pelmuttaa	p e l m u tː ɑːˣ	0
pelokkaasti	p e l o kː ɑː s t iˣ	1
pelonsekainen	p e l o n s e k ɑ i̯ n e n	0
pelontunne	p e l o n t u nː eˣ	1
pelote	p e l o t eˣ	0
pelottavasti	p e l o tː ɑ ʋ ɑ s t iˣ	1
pelotteleminen	p e l o tː e l e m i n e n	1
pelottomasti	p e l o tː o m ɑ s t iˣ	3
pelsimet	p e l s i m e t	0
pelti	p e l t i	17
peltikate	p e l t i k ɑ t eˣ	1
peltikatto	p e l t i k ɑ tː o	8
peltipoliisi	p e l t i p o l iː s i	0
peltiromu	p e l t i r o m u	0
peltiruuvi	p e l t i r uː ʋ i	0
peltisakset	p e l t i s ɑ k s e t	0
peltivasara	p e l t i ʋ ɑ s ɑ r ɑ	0
pelto	p e l t o	36
peltoala	p e l t o ɑ l ɑ	10
peltoaukea	p e l t o ɑ u k e ɑ	3
peltoaukeama	p e l t o ɑ u k e ɑ m ɑ	0
peltoemäkki	p e l t o e m æ kː i	0
peltoenergia	p e l t o e n e r ɡ i ɑ	1
peltoetana	p e l t o e t ɑ n ɑ	0
peltohatikka	p e l t o h ɑ t i kː ɑ	0
peltohehtaari	p e l t o h e h t ɑː r i	1
peltoherne	p e l t o h e r n eˣ	0
peltohiiri	p e l t o h iː r i	0
peltokaali	p e l t o k ɑː l i	0
peltokanankaali	p e l t o k ɑ n ɑ n k ɑː l i	0
peltokaura	p e l t o k ɑ u̯ r ɑ	0
peltokierto	p e l t o k i e̯ r t o	0
peltola	p e l t o l ɑ	92
peltolaidun	p e l t o l ɑ i̯ d u n	0
peltolemmikki	p e l t o l e mː i kː i	1
peltomaa	p e l t o m ɑː	16
peltomies	p e l t o m i e̯ s	0
peltoretikka	p e l t o r e t i kː ɑ	0
peltoröykkiö	p e l t o r ø y̯ kː i ø	0
peltosirkku	p e l t o s i r kː u	2
peltotaskuruoho	p e l t o t ɑ s k u r u o̯ h o	0
peltotie	p e l t o t i e̯	1
peltotilkku	p e l t o t i l kː u	3
peltotyö	p e l t o t y ø̯	0
peltoukonnauris	p e l t o u k o n n ɑ u̯ r i s	0
peltovalvatti	p e l t o ʋ ɑ l ʋ ɑ tː i	1
peltoviljely	p e l t o ʋ i l j e l y	3
peltovilla	p e l t o ʋ i lː ɑ	0
peluuttaa	p e l uː tː ɑːˣ	4
pelästyminen	p e l æ s t y m i n e n	0
pelästyttää	p e l æ s t y tː æːˣ	6
pelästyä	p e l æ s t y æˣ	9
pelätä	p e l æ t æˣ	134
pemfigoidi	p e m f i ɡ o i̯ d i	0
pemfigus	p e m f i ɡ u s	1
pendyyli	p e n d yː l i	0
penetroida	p e n e t r o i̯ d ɑˣ	0
peni	p e n i	1
penikka	p e n i kː ɑ	1
penikkamaisesti	p e n i kː ɑ m ɑ i̯ s e s t iˣ	0
penikuorma	p e n i k u o̯ r m ɑ	0
peninkulma	p e n i n k u l m ɑ	0
penkinpainajaiset	p e ŋ k i n p ɑ i̯ n ɑ j ɑ i̯ s e t	1
penkkarit	p e ŋ kː ɑ r i t	3
penkkihöylä	p e ŋ kː i h ø y̯ l æ	0
penkkiurheilu	p e ŋ kː i u r h e i̯ l u	1
penkkivelli	p e ŋ kː i ʋ e lː i	0
penkoa	p e ŋ k o ɑˣ	5
penkoja	p e ŋ k o j ɑ	0
pennanen	p e nː ɑ n e n	49
penninginmaa	p e nː i ŋː i n m ɑː	0
pennsylvania	p e n s i l ʋ e i̯ n i ɑ	2
pennsylvania	p e n s y l ʋ e i̯ n i ɑ	2
pensas	p e n s ɑ s	19
pensaskerros	p e n s ɑ s k e rː o s	4
pensaskoira	p e n s ɑ s k o i̯ r ɑ	0
pensasmaisesti	p e n s ɑ s m ɑ i̯ s e s t iˣ	1
pensassakset	p e n s ɑ s s ɑ k s e t	0
pensastasku	p e n s ɑ s t ɑ s k u	0
pensastua	p e n s ɑ s t u ɑˣ	0
penseästi	p e n s e æ s t iˣ	4
penslata	p e n s l ɑ t ɑˣ	0
pensoittua	p e n s o i̯ tː u ɑˣ	1
pentaedri	p e n t ɑ e d r i	0
pentakordi	p e n t ɑ k o r d i	0
penteleesti	p e n t e l eː s t iˣ	0
pentteri	p e n tː e r i	0
pentti	p e n tː i	706
penttilä	p e n tː i l æ	75
penttinen	p e n tː i n e n	60
pentu	p e n t u	64
pentukoira	p e n t u k o i̯ r ɑ	1
pentumaisesti	p e n t u m ɑ i̯ s e s t iˣ	0
penumbra	p e n u m b r ɑ	0
penätä	p e n æ t æˣ	0
peppi	p e pː i	27
peppu	p e pː u	2
pepu	p e p u	0
perata	p e r ɑ t ɑˣ	4
perehdyttää	p e r e h d y tː æːˣ	151
peremmä	p e r e mː æˣ	0
peremmäksi	p e r e mː æ k s i	0
peremmäs	p e r e mː æ s	0
perempänä	p e r e m p æ n æ	0
perempää	p e r e m p æː	0
perenna	p e r e nː ɑ	2
perestroika	p e r e s t r o i̯ k ɑ	1
perforaattori	p e r f o r ɑː tː o r i	0
performanssitaiteilija	p e r f o r m ɑ n sː i t ɑ i̯ t e i̯ l i j ɑ	3
perga	p e r ɡ ɑ	2
pergamentointi	p e r ɡ ɑ m e n t o i̯ n t i	0
perhanasti	p e r h ɑ n ɑ s t iˣ	0
perhe	p e r h eˣ	596
perhealbumi	p e r h eˣ ɑ l b u m i	1
perheasunto	p e r h eˣ ɑ s u n t o	4
perheauto	p e r h eˣ ɑ u t o	1
perhebarometri	p e r h eˣ b ɑ r o m e t r i	3
perheellinen	p e r h eː lː i n e n	3
perheenisä	p e r h eː n i s æ	6
perheenäiti	p e r h eː n æ i̯ t i	2
perheetön	p e r h eː t ø n	2
perhehauta	p e r h eˣ h ɑ u̯ t ɑ	2
perheittäin	p e r h e i̯ tː æ i̯ n	2
perhekustannukset	p e r h eˣ k u s t ɑ nː u k s e t	0
perheneuvonta	p e r h eˣ n e u̯ ʋ o n t ɑ	9
perhepalaveri	p e r h eˣ p ɑ l ɑ ʋ e r i	0
perhepiiri	p e r h eˣ p iː r i	1
perhesiteet	p e r h eˣ s i t eː t	1
perhesivu	p e r h eˣ s i ʋ u	0
perhesuhteet	p e r h eˣ s u h t eː t	10
perhetunne	p e r h eˣ t u nː eˣ	1
perhetyö	p e r h eˣ t y ø̯	14
perheviljelmä	p e r h eˣ ʋ i l j e l m æ	1
perho	p e r h o	61
perholainen	p e r h o l ɑ i̯ n e n	0
perhonjoki	p e r h o n j o k i	1
perhoskoira	p e r h o s k o i̯ r ɑ	0
perhospihvi	p e r h o s p i h ʋ i	0
periaate	p e r i ɑː t eˣ	229
periaatteellinen	p e r i ɑː tː eː lː i n e n	24
periapsis	p e r i ɑ p s i s	0
periastroni	p e r i ɑ s t r o n i	0
perifrastisesti	p e r i f r ɑ s t i s e s t iˣ	0
perijätär	p e r i j æ t æ r	1
periksiantamaton	p e r i k s i ɑ n t ɑ m ɑ t o n	0
perimiskulut	p e r i m i s k u l u t	0
perimmiltään	p e r i mː i l t æː n	3
perimmältä	p e r i mː æ l t æ	0
perimmältään	p e r i mː æ l t æː n	25
perimätapa	p e r i m æ t ɑ p ɑ	0
perinatologi	p e r i n ɑ t o l o ɡ i	0
perinne	p e r i nː eˣ	155
perinnearkisto	p e r i nː eˣ ɑ r k i s t o	1
perinnelaiva	p e r i nː eˣ l ɑ i̯ ʋ ɑ	0
perinnemaisema	p e r i nː eˣ m ɑ i̯ s e m ɑ	2
perinnetiede	p e r i nː eˣ t i e̯ d eˣ	0
perinnäisesti	p e r i nː æ i̯ s e s t iˣ	1
perinnäistapa	p e r i nː æ i̯ s t ɑ p ɑ	0
perinteellisesti	p e r i n t eː lː i s e s t iˣ	2
perintä	p e r i n t æ	41
perintäkirje	p e r i n t æ k i r j eˣ	2
perintätoimisto	p e r i n t æ t o i̯ m i s t o	5
perintöhopeat	p e r i n t ø h o p e ɑ t	0
periodeittain	p e r i o d e i̯ tː ɑ i̯ n	2
periodiopetus	p e r i o d i o p e t u s	0
periodisesti	p e r i o d i s e s t iˣ	0
periodityö	p e r i o d i t y ø̯	0
perisentri	p e r i s e n t r i	0
periteksti	p e r i t e k s t i	0
periyttää	p e r i y tː æːˣ	0
periä	p e r i æˣ	214
perjantai	p e r j ɑ n t ɑ i̯	106
perjantaiaamupäivä	p e r j ɑ n t ɑ i̯ ɑː m u p æ i̯ ʋ æ	0
perjantaipäivä	p e r j ɑ n t ɑ i̯ p æ i̯ ʋ æ	2
perkaus	p e r k ɑ u s	8
perkausrauta	p e r k ɑ u s r ɑ u̯ t ɑ	0
perkeet	p e r k eː t	0
perkele	p e r k e l eˣ	32
perkussiivinen	p e r k u sː iː ʋ i n e n	2
perkuulauta	p e r k uː l ɑ u̯ t ɑ	0
permalainen	p e r m ɑ l ɑ i̯ n e n	0
permanentata	p e r m ɑ n e n t ɑ t ɑˣ	0
permanto	p e r m ɑ n t o	3
permantoliike	p e r m ɑ n t o l iː k eˣ	0
permeaabeli	p e r m e ɑː b e l i	0
permeabiliteetti	p e r m e ɑ b i l i t eː tː i	1
permi	p e r m i	2
permis	p e r m i s	0
permittiivisyys	p e r m i tː iː ʋ i s yː s	2
permu	p e r m u	0
permutaatiomatriisi	p e r m u t ɑː t i o m ɑ t r iː s i	0
permutaatioryhmä	p e r m u t ɑː t i o r y h m æ	0
permutointi	p e r m u t o i̯ n t i	0
perna	p e r n ɑ	9
peroksidaasi	p e r o k s i d ɑː s i	1
peroksisomi	p e r o k s i s o m i	0
perovskiitti	p e r o ʋ s k iː tː i	0
persaukset	p e r s ɑ u k s e t	0
perse	p e r s eˣ	7
perseennuolija	p e r s eː n n u o̯ l i j ɑ	0
perseesi	p e r s eː s i	0
perseptroni	p e r s e p t r o n i	0
perseus	p e r s e u s	1
persia	p e r s i ɑ	3
persialainen	p e r s i ɑ l ɑ i̯ n e n	5
persikankivi	p e r s i k ɑ n k i ʋ i	0
persikka	p e r s i kː ɑ	2
persikkaiho	p e r s i kː ɑ i h o	0
persilja	p e r s i l j ɑ	21
persimon	p e r s i m o n	0
persimoni	p e r s i m o n i	0
perskat	p e r s k ɑ t	0
persoona	p e r s oː n ɑ	69
persoonallisuustyyppi	p e r s oː n ɑ lː i s uː s t yː pː i	0
persoonapronomini	p e r s oː n ɑ p r o n o m i n i	1
persoonattomasti	p e r s oː n ɑ tː o m ɑ s t iˣ	0
persoonittain	p e r s oː n i tː ɑ i̯ n	0
perspektiivikuva	p e r s p e k t iː ʋ i k u ʋ ɑ	1
perspektiivimaalaus	p e r s p e k t iː ʋ i m ɑː l ɑ u s	0
perspektiivipiirustus	p e r s p e k t iː ʋ i p iː r u s t u s	0
persus	p e r s u s	0
persuukset	p e r s uː k s e t	0
pertiitti	p e r t iː tː i	0
pertti	p e r tː i	538
perttu	p e r tː u	51
perttula	p e r tː u l ɑ	19
pertunmaa	p e r t u n m ɑː	10
pertunmaalainen	p e r t u n m ɑː l ɑ i̯ n e n	0
perukirja	p e r u k i r j ɑ	3
peruna	p e r u n ɑ	58
perunainen	p e r u n ɑ i̯ n e n	0
perunajauho	p e r u n ɑ j ɑ u̯ h o	1
perunakeitto	p e r u n ɑ k e i̯ tː o	0
perunakuoppa	p e r u n ɑ k u o̯ pː ɑ	0
perunalimppu	p e r u n ɑ l i m pː u	1
perunamylly	p e r u n ɑ m y lː y	0
perunamämmi	p e r u n ɑ m æ mː i	0
perunanistutuskone	p e r u n ɑ n i s t u t u s k o n eˣ	0
perunannostokone	p e r u n ɑ n n o s t o k o n eˣ	0
perunapelto	p e r u n ɑ p e l t o	1
perunapuuro	p e r u n ɑ p uː r o	0
perunarutto	p e r u n ɑ r u tː o	2
perunasuurimo	p e r u n ɑ s uː r i m o	0
perunasyöpä	p e r u n ɑ s y ø̯ p æ	1
perunkirjoitusarvo	p e r u n k i r j o i̯ t u s ɑ r ʋ o	0
perusaate	p e r u s ɑː t eˣ	0
perusaihe	p e r u s ɑ i̯ h eˣ	0
perusaine	p e r u s ɑ i̯ n eˣ	1
perusaineisto	p e r u s ɑ i̯ n e i̯ s t o	5
perusarvo	p e r u s ɑ r ʋ o	8
peruselementti	p e r u s e l e m e n tː i	5
peruselinkeino	p e r u s e l i n k e i̯ n o	1
perushankinnat	p e r u s h ɑ ŋ k i nː ɑ t	0
perusjono	p e r u s j o n o	0
perusjoukko	p e r u s j o u̯ kː o	4
peruskallio	p e r u s k ɑ lː i o	4
peruskartoitus	p e r u s k ɑ r t o i̯ t u s	5
peruskartta	p e r u s k ɑ r tː ɑ	4
peruskorvaus	p e r u s k o r ʋ ɑ u s	4
peruskoulu	p e r u s k o u̯ l u	58
peruskouluaste	p e r u s k o u̯ l u ɑ s t eˣ	0
peruskoulunopettaja	p e r u s k o u̯ l u n o p e tː ɑ j ɑ	2
peruslinja	p e r u s l i n j ɑ	12
perusmuuri	p e r u s m uː r i	0
perusmäärä	p e r u s m æː r æ	1
perusnäyttely	p e r u s n æ y̯ tː e l y	8
perusomavastuu	p e r u s o m ɑ ʋ ɑ s t uː	3
perusopetus	p e r u s o p e t u s	50
perusopetusryhmä	p e r u s o p e t u s r y h m æ	2
peruspalkka	p e r u s p ɑ l kː ɑ	44
perusparannus	p e r u s p ɑ r ɑ nː u s	25
perusprosessi	p e r u s p r o s e sː i	1
perusrahoitus	p e r u s r ɑ h o i̯ t u s	12
perusratkaisu	p e r u s r ɑ t k ɑ i̯ s u	6
perusryhmä	p e r u s r y h m æ	0
perussairaus	p e r u s s ɑ i̯ r ɑ u s	4
perussävel	p e r u s s æ ʋ e l	2
perustamiskokous	p e r u s t ɑ m i s k o k o u s	19
perustamissopimus	p e r u s t ɑ m i s s o p i m u s	5
perustamistyö	p e r u s t ɑ m i s t y ø̯	0
perustamisvuosi	p e r u s t ɑ m i s ʋ u o̯ s i	3
perustapaus	p e r u s t ɑ p ɑ u s	2
peruste	p e r u s t eˣ	138
perusteettomasti	p e r u s t eː tː o m ɑ s t iˣ	13
perusteilla	p e r u s t e i̯ lː ɑ	204
perusteille	p e r u s t e i̯ lː eˣ	2
perusteksti	p e r u s t e k s t i	3
perustoimeentulotuki	p e r u s t o i̯ m eː n t u l o t u k i	0
perustua	p e r u s t u ɑˣ	205
perustuki	p e r u s t u k i	0
perustuotanto	p e r u s t u o̯ t ɑ n t o	1
perustus	p e r u s t u s	14
perustustyö	p e r u s t u s t y ø̯	1
perustutkimus	p e r u s t u t k i m u s	21
perustutkinto	p e r u s t u t k i n t o	116
perustyyppi	p e r u s t yː pː i	1
perusviiva	p e r u s ʋ iː ʋ ɑ	0
perusvoide	p e r u s ʋ o i̯ d eˣ	2
perusvoima	p e r u s ʋ o i̯ m ɑ	3
perusvuosi	p e r u s ʋ u o̯ s i	0
perusyksikkö	p e r u s y k s i kː ø	8
perusäänes	p e r u s æː n e s	0
peruuttamaton	p e r uː tː ɑ m ɑ t o n	10
peruuttamattomasti	p e r uː tː ɑ m ɑ tː o m ɑ s t iˣ	11
peruuttaminen	p e r uː tː ɑ m i n e n	20
peruuttamisoikeus	p e r uː tː ɑ m i s o i̯ k e u s	2
pervitiini	p e r ʋ i t iː n i	0
perä	p e r æ	33
peräaallokko	p e r æ ɑː lː o kː o	0
peräkeula	p e r æ k e u̯ l ɑ	0
peräkkäisesti	p e r æ kː æ i̯ s e s t iˣ	2
peräkkäishaku	p e r æ kː æ i̯ s h ɑ k u	0
perälaatikko	p e r æ l ɑː t i kː o	0
perälaita	p e r æ l ɑ i̯ t ɑ	0
perällä	p e r æ lː æ	18
perältä	p e r æ l t æ	7
perälyhty	p e r æ l y h t y	0
perämies	p e r æ m i e̯ s	14
peränpito	p e r æ n p i t o	0
peräpohja	p e r æ p o h j ɑ	0
peräpohjalainen	p e r æ p o h j ɑ l ɑ i̯ n e n	3
peräpohjola	p e r æ p o h j o l ɑ	1
peräporttialus	p e r æ p o r tː i ɑ l u s	0
peräsin	p e r æ s i n	10
peräsinkone	p e r æ s i n k o n eˣ	0
peräsinlapa	p e r æ s i n l ɑ p ɑ	0
perässä	p e r æ sː æ	317
perästä	p e r æ s t æ	38
perättäin	p e r æ tː æ i̯ n	3
perättäisesti	p e r æ tː æ i̯ s e s t iˣ	1
perättömästi	p e r æ tː ø m æ s t iˣ	0
perätyksin	p e r æ t y k s i n	0
peräyttää	p e r æ y tː æːˣ	1
peräytyä	p e r æ y t y æˣ	1
peräänantamattomasti	p e r æː n ɑ n t ɑ m ɑ tː o m ɑ s t iˣ	1
peräännyttää	p e r æː nː y tː æːˣ	0
perääntymistie	p e r æː n t y m i s t i e̯	0
pesettää	p e s e tː æːˣ	1
peseytymistila	p e s e y t y m i s t i l ɑ	0
peseytymisväline	p e s e y t y m i s ʋ æ l i n eˣ	0
pesiintyä	p e s iː n t y æˣ	0
pesijä	p e s i j æ	2
pesiminen	p e s i m i n e n	4
pesimäalue	p e s i m æ ɑ l u eˣ	4
pesimäpiiri	p e s i m æ p iː r i	0
pesissä	p e s i sː æ	4
pesonen	p e s o n e n	95
pestausraha	p e s t ɑ u s r ɑ h ɑ	0
pestiraha	p e s t i r ɑ h ɑ	0
pestuumarkkinat	p e s t uː m ɑ r kː i n ɑ t	1
pestä	p e s t æˣ	116
pesu	p e s u	88
pesuallas	p e s u ɑ lː ɑ s	6
pesuastia	p e s u ɑ s t i ɑ	0
pesubetoni	p e s u b e t o n i	0
pesue	p e s u eˣ	0
pesukaappi	p e s u k ɑː pː i	1
pesukarhu	p e s u k ɑ r h u	0
pesukarttu	p e s u k ɑ r tː u	0
pesukinnas	p e s u k i nː ɑ s	0
pesukivi	p e s u k i ʋ i	0
pesukone	p e s u k o n eˣ	23
pesupalju	p e s u p ɑ l j u	0
pesupöytä	p e s u p ø y̯ t æ	2
pesuriepu	p e s u r i e̯ p u	0
pesusieni	p e s u s i e̯ n i	3
pesusienikurkku	p e s u s i e̯ n i k u r kː u	0
pesutila	p e s u t i l ɑ	2
pesä	p e s æ	36
pesäjuuri	p e s æ j uː r i	0
pesäkekovettumatauti	p e s æ k eˣ k o ʋ e tː u m ɑ t ɑ u̯ t i	0
pesäkolo	p e s æ k o l o	0
pesäloinen	p e s æ l o i̯ n e n	0
pesäpallo	p e s æ p ɑ lː o	21
pesäpallojoukkue	p e s æ p ɑ lː o j o u̯ kː u eˣ	3
pesäpallokenttä	p e s æ p ɑ lː o k e n tː æ	2
pesäpallomaila	p e s æ p ɑ lː o m ɑ i̯ l ɑ	0
pesäpallopeli	p e s æ p ɑ lː o p e l i	1
pesäpallotuomari	p e s æ p ɑ lː o t u o̯ m ɑ r i	0
pesävahti	p e s æ ʋ ɑ h t i	0
petabitti	p e t ɑ b i tː i	0
petaliitti	p e t ɑ l iː tː i	0
petankki	p e t ɑ ŋ kː i	5
petata	p e t ɑ t ɑˣ	0
petauspatja	p e t ɑ u s p ɑ t j ɑ	0
peti	p e t i	4
petivaatteet	p e t i ʋ ɑː tː eː t	1
petkel	p e t k e l	0
petoeläin	p e t o e l æ i̯ n	6
petoksellisesti	p e t o k s e lː i s e s t iˣ	0
petomaisesti	p e t o m ɑ i̯ s e s t iˣ	0
petopunkki	p e t o p u ŋ kː i	0
petos	p e t o s	20
petra	p e t r ɑ	44
petri	p e t r i	598
petrimalja	p e t r i m ɑ l j ɑ	1
petroli	p e t r o l i	1
petsata	p e t s ɑ t ɑˣ	1
petsi	p e t s i	4
petteri	p e tː e r i	158
pettu	p e tː u	2
pettujauho	p e tː u j ɑ u̯ h o	0
pettuleipä	p e tː u l e i̯ p æ	0
pettämättömästi	p e tː æ m æ tː ø m æ s t iˣ	0
pettää	p e tː æːˣ	64
petunnyljin	p e t u n n y l j i n	0
petyn	p e t y n	0
petäjä	p e t æ j æ	12
petäjävesi	p e t æ j æ ʋ e s i	11
petäjäveteläinen	p e t æ j æ ʋ e t e l æ i̯ n e n	0
petäjävetinen	p e t æ j æ ʋ e t i n e n	0
peura	p e u̯ r ɑ	22
peurapatsas	p e u̯ r ɑ p ɑ t s ɑ s	0
phobos	f oː b o s	0
piano	p i ɑ n o	58
pianokoulu	p i ɑ n o k o u̯ l u	0
pianolanka	p i ɑ n o l ɑ ŋ k ɑ	0
pianomusiikki	iː kː i	0
pidellä	p i d e lː æˣ	5
pidempi	p i d e m p i	142
pidennys	p i d e nː y s	6
pidentäminen	p i d e n t æ m i n e n	27
pidäke	p i d æ k e	0
pidäkkeettömästi	p i d æ kː eː tː ø m æ s t iˣ	0
pidät	p i d æ t	70
pidättyväinen	p i d æ tː y ʋ æ i̯ n e n	7
pidättyväisesti	p i d æ tː y ʋ æ i̯ s e s t iˣ	5
pidättyväisyys	p i d æ tː y ʋ æ i̯ s yː s	0
pidättyvästi	p i d æ tː y ʋ æ s t iˣ	8
pidättäminen	p i d æ tː æ m i n e n	6
pidättää	p i d æ tː æː	117
pidättää	p i d æ tː æːˣ	117
pidätys	p i d æ t y s	6
pidätyskeskus	p i d æ t y s k e s k u s	0
pidätyskyky	p i d æ t y s k y k y	0
pidätyttää	p i d æ t y tː æːˣ	0
piekseminen	p i e̯ k s e m i n e n	0
pieksu	p i e̯ k s u	0
pieksämäkeläinen	p i e̯ k s æ m æ k e l æ i̯ n e n	1
pieksämäki	p i e̯ k s æ m æ k i	34
pieksää	p i e̯ k s æː	2
pieksää	p i e̯ k s æːˣ	2
pielavesi	p i e̯ l ɑ ʋ e s i	2
pielaveteläinen	p i e̯ l ɑ ʋ e t e l æ i̯ n e n	0
pielavetinen	p i e̯ l ɑ ʋ e t i n e n	0
pieles	p i e̯ l e s	0
pieli	p i e̯ l i	0
pienaovi	p i e̯ n ɑ o ʋ i	0
pienelementti	p i e̯ n e l e m e n tː i	0
pieneläintunneli	p i e̯ n e l æ i̯ n t u nː e l i	0
pieneneminen	p i e̯ n e n e m i n e n	20
pienhiukkanen	p i e̯ n h i u̯ kː ɑ n e n	0
pieni	p i e̯ n i	2219
pieni	p i e̯ n iˣ	2219
pienimünsterinseisoja	p i e̯ n i m y n s t e r i n s e i̯ s o j ɑ	0
pienituloinen	p i e̯ n i t u l o i̯ n e n	4
pieniä	p i e̯ n i æ	1103
pieniä	p i e̯ n i æˣ	1103
pienjännite	p i e̯ n j æ nː i t eˣ	0
pienkarja	p i e̯ n k ɑ r j ɑ	0
pienkone	p i e̯ n k o n eˣ	4
pienlentokone	p i e̯ n l e n t o k o n eˣ	3
piennarkasvi	p i e̯ nː ɑ r k ɑ s ʋ i	0
pienoinen	p i e̯ n o i̯ n e n	16
pienoisevankeliumi	p i e̯ n o i̯ s e ʋ ɑ ŋ k e l i u m i	0
pienoisikkuna	p i e̯ n o i̯ s i kː u n ɑ	0
pienoisjännite	p i e̯ n o i̯ s j æ nː i t eˣ	0
pienoiskeittiö	p i e̯ n o i̯ s k e i̯ tː i ø	8
pienoiskilpi	p i e̯ n o i̯ s k i l p i	0
pienoiskoko	p i e̯ n o i̯ s k o k o	0
pienoiskunniamerkki	p i e̯ n o i̯ s k u nː i ɑ m e r kː i	0
pienoislippu	p i e̯ n o i̯ s l i pː u	0
pienoismaailma	p i e̯ n o i̯ s m ɑː i l m ɑ	0
pienoismalli	p i e̯ n o i̯ s m ɑ lː i	33
pienoismuoto	p i e̯ n o i̯ s m u o̯ t o	0
pienoisnäyttely	p i e̯ n o i̯ s n æ y̯ tː e l y	3
pienoisohjelma	p i e̯ n o i̯ s o h j e l m ɑ	1
pienoisrautatie	p i e̯ n o i̯ s r ɑ u̯ t ɑ t i e̯	1
pienpaine	p i e̯ n p ɑ i̯ n eˣ	0
pienpainenatriumlamppu	p i e̯ n p ɑ i̯ n eˣ n ɑ t r i u m l ɑ m pː u	0
pienpanimo	p i e̯ n p ɑ n i m o	2
pienryhmä	p i e̯ n r y h m æ	17
pientaloalue	p i e̯ n t ɑ l o ɑ l u eˣ	5
pientila	p i e̯ n t i l ɑ	1
pienuus	p i e̯ n uː s	27
pierettää	p i e̯ r e tː æːˣ	0
pierrä	p i e̯ rː æˣ	0
piestä	p i e̯ s t æ	2
piestä	p i e̯ s t æˣ	2
pietari	p i e̯ t ɑ r i	140
pietarila	p i e̯ t ɑ r i l ɑ	0
pietarinen	p i e̯ t ɑ r i n e n	14
pietarsaarelainen	p i e̯ t ɑ r s ɑː r e l ɑ i̯ n e n	4
pietarsaari	p i e̯ t ɑ r s ɑː r i	20
pietilä	p i e̯ t i l æ	53
pietä	p i e̯ t æˣ	0
piffata	p i fː ɑ t ɑˣ	0
pigmentoida	p i ɡ m e n t o i̯ d ɑˣ	0
piha	p i h ɑ	68
pihahdella	p i h ɑ h d e lː ɑˣ	0
pihahtaa	p i h ɑ h t ɑːˣ	0
pihakaluste	p i h ɑ k ɑ l u s t eˣ	0
pihaleikki	p i h ɑ l e i̯ kː i	0
pihapuisto	p i h ɑ p u i̯ s t o	0
pihasaunio	p i h ɑ s ɑ u̯ n i o	0
pihatatar	p i h ɑ t ɑ t ɑ r	1
pihatähtimö	p i h ɑ t æ h t i m ø	0
pihi	p i h i	0
pihiä	p i h i æ	0
pihiä	p i h i æˣ	0
pihka	p i h k ɑ	1
pihkankeruu	p i h k ɑ n k e r uː	0
pihkatappi	p i h k ɑ t ɑ pː i	0
pihkavuoto	p i h k ɑ ʋ u o̯ t o	0
pihkoittua	p i h k o i̯ tː u ɑˣ	0
pihlaja	p i h l ɑ j ɑ	43
pihta	p i h t ɑ	0
pihtipudas	p i h t i p u d ɑ s	3
pihtiputaalainen	p i h t i p u t ɑː l ɑ i̯ n e n	1
pihtivirtamittari	p i h t i ʋ i r t ɑ m i tː ɑ r i	0
pihviliha	p i h ʋ i l i h ɑ	0
pihvitomaatti	p i h ʋ i t o m ɑː tː i	0
pii	p iː	12
piia	p iː ɑ	53
piianpeili	p iː ɑ n p e i̯ l i	2
piiesine	p iː e s i n eˣ	0
piika	p iː k ɑ	5
piikata	p iː k ɑ t ɑˣ	1
piikikkäästi	p iː k i kː æː s t iˣ	0
piikittäminen	p iː k i tː æ m i n e n	0
piikittää	p iː k i tː æːˣ	3
piikivi	p iː k i ʋ i	1
piikkari	p iː kː ɑ r i	3
piikkauskone	p iː kː ɑ u s k o n eˣ	0
piikki	p iː kː i	30
piikkikampela	p iː kː i k ɑ m p e l ɑ	2
piikkimatto	p iː kː i m ɑ tː o	0
piikkipanssari	p iː kː i p ɑ n sː ɑ r i	0
piikkipensaikko	p iː kː i p e n s ɑ i̯ kː o	0
piikkipäinen	p iː kː i p æ i̯ n e n	0
piikkirima	p iː kː i r i m ɑ	0
piikkisalaatti	p iː kː i s ɑ l ɑː tː i	0
piikkisika	p iː kː i s i k ɑ	0
piikkisuora	p iː kː i s u o̯ r ɑ	0
piikkitaltta	p iː kː i t ɑ l tː ɑ	0
piikoa	p iː k o ɑˣ	0
piiksi	p iː k s i	1
piilevä	p iː l e ʋ æ	29
piileväanalyysi	p iː l e ʋ æ ɑ n ɑ l yː s i	0
piille	p iː lː eˣ	2
piillä	p iː lː æ	12
piillä	p iː lː æˣ	12
piilo	p iː l o	5
piilohallintaohjelma	p iː l o h ɑ lː i n t ɑ o h j e l m ɑ	0
piilokamera	p iː l o k ɑ m e r ɑ	3
piilokerros	p iː l o k e rː o s	0
piilokiteinen	p iː l o k i t e i̯ n e n	0
piilolinssi	p iː l o l i n sː i	5
piilopirtti	p iː l o p i r tː i	4
piilorasva	p iː l o r ɑ s ʋ ɑ	1
piilosilmukka	p iː l o s i l m u kː ɑ	0
piilottautua	p iː l o tː ɑ u t u ɑˣ	1
piiltä	p iː l t æ	0
piilu	p iː l u	0
piilukirves	p iː l u k i r ʋ e s	0
piilukko	p iː l u kː o	0
piilukkopyssy	p iː l u kː o p y sː y	0
piimittää	p iː m i tː æːˣ	0
piimä	p iː m æ	14
piimäjuusto	p iː m æ j uː s t o	0
piimävelli	p iː m æ ʋ e lː i	0
piina	p iː n ɑ	13
piinallisesti	p iː n ɑ lː i s e s t iˣ	0
piinata	p iː n ɑ t ɑˣ	0
piinkova	p iː n k o ʋ ɑ	1
piintyä	p iː n t y æˣ	0
piipottaa	p iː p o tː ɑːˣ	0
piippo	p iː pː o	21
piippuhylly	p iː pː u h y lː y	0
piippumassi	p iː pː u m ɑ sː i	0
piipunperskat	p iː p u n p e r s k ɑ t	0
piipunperät	p iː p u n p e r æ t	0
piiputtaa	p iː p u tː ɑːˣ	1
piirakka	p iː r ɑ kː ɑ	1
piirakkalasta	p iː r ɑ kː ɑ l ɑ s t ɑ	0
piirakkapulikka	p iː r ɑ kː ɑ p u l i kː ɑ	0
piirakkavuoka	p iː r ɑ kː ɑ ʋ u o̯ k ɑ	0
piiras	p iː r ɑ s	0
piirauta	p iː r ɑ u̯ t ɑ	0
piireittäin	p iː r e i̯ tː æ i̯ n	5
piiri	p iː r i	156
piirijako	p iː r i j ɑ k o	5
piirijärjestö	p iː r i j æ r j e s t ø	11
piirikaavio	p iː r i k ɑː ʋ i o	4
piirikokous	p iː r i k o k o u s	4
piirileikki	p iː r i l e i̯ kː i	0
piirilevy	p iː r i l e ʋ y	10
piirinmestari	p iː r i n m e s t ɑ r i	0
piirinmestaruuskilpailut	p iː r i n m e s t ɑ r uː s k i l p ɑ i̯ l u t	1
piirisyyttäjä	p iː r i s yː tː æ j æ	0
piiritysjoukot	p iː r i t y s j o u̯ k o t	0
piiritystaito	p iː r i t y s t ɑ i̯ t o	0
piironki	p iː r o ŋ k i	3
piirreirrotus	p iː rː eˣ i rː o t u s	0
piirrellä	p iː rː e lː æˣ	2
piirros	p iː rː o s	27
piirrosanimaatio	p iː rː o s ɑ n i m ɑː t i o	1
piirroselokuva	p iː rː o s e l o k u ʋ ɑ	0
piirrosfilmi	p iː rː o s f i l m i	0
piirrottaa	p iː rː o tː ɑːˣ	0
piirrättää	p iː rː æ tː æːˣ	0
piirtoalue	p iː r t o ɑ l u eˣ	0
piirtokirjoitus	p iː r t o k i r j o i̯ t u s	1
piirtopöytä	p iː r t o p ø y̯ t æ	0
piirtyä	p iː r t y æˣ	1
piirtää	p iː r t æːˣ	147
piiru	p iː r u	0
piirustella	p iː r u s t e lː ɑˣ	0
piirustus	p iː r u s t u s	40
piirustuskokoelma	p iː r u s t u s k o k o e l m ɑ	1
piirustuslauta	p iː r u s t u s l ɑ u̯ t ɑ	0
piirustusnasta	p iː r u s t u s n ɑ s t ɑ	0
piirustussali	p iː r u s t u s s ɑ l i	0
piirustustaide	p iː r u s t u s t ɑ i̯ d eˣ	0
piirustustaito	p iː r u s t u s t ɑ i̯ t o	1
piirustustarvikkeet	p iː r u s t u s t ɑ r ʋ i kː eː t	0
piirustusväline	p iː r u s t u s ʋ æ l i n eˣ	0
piisi	p iː s i	4
piisidos	p iː s i d o s	0
piiskanvarsi	p iː s k ɑ n ʋ ɑ r s i	0
piiskaraha	p iː s k ɑ r ɑ h ɑ	0
piisku	p iː s k u	0
piiskuri	p iː s k u r i	1
piiskuttaa	p iː s k u tː ɑːˣ	0
piispa	p iː s p ɑ	224
piispanmunkki	p iː s p ɑ n m u ŋ kː i	0
piispatar	p iː s p ɑ t ɑ r	1
piissä	p iː sː æ	1
piistä	p iː s t æ	3
piitta	p iː tː ɑ	0
piittä	p iː tː æ	0
pikaa	p i k ɑː	19
pikahaku	p i k ɑ h ɑ k u	2
pikahissi	p i k ɑ h i sː i	0
pikahiutaleet	p i k ɑ h i u̯ t ɑ l eː t	0
pikaistua	p i k ɑ i̯ s t u ɑˣ	0
pikaistuksissa	p i k ɑ i̯ s t u k s i sː ɑ	1
pikaistuksissaan	p i k ɑ i̯ s t u k s i sː ɑː n	1
pikakysely	p i k ɑ k y s e l y	2
pikaliitin	p i k ɑ l iː t i n	1
pikaluistin	p i k ɑ l u i̯ s t i n	0
pikana	p i k ɑ n ɑ	1
pikapankki	p i k ɑ p ɑ ŋ kː i	3
pikaposti	p i k ɑ p o s t i	1
pikapuolin	p i k ɑ p u o̯ l i n	2
pikaraitiovaunu	p i k ɑ r ɑ i̯ t i o ʋ ɑ u̯ n u	0
pikaruokala	p i k ɑ r u o̯ k ɑ l ɑ	1
pikateräs	p i k ɑ t e r æ s	0
pikauusinta	p i k ɑ uː s i n t ɑ	0
pikavippi	p i k ɑ ʋ i pː i	0
pikeentyä	p i k eː n t y æˣ	0
pikeytyä	p i k e y t y æˣ	0
piki	p i k i	4
pikiintyä	p i k iː n t y æˣ	0
pikimmiltä	p i k i mː i l t æ	0
pikimmiltään	p i k i mː i l t æː n	1
pikimmältä	p i k i mː æ l t æ	0
pikimmältään	p i k i mː æ l t æː n	0
pikinen	p i k i n e n	0
pikitie	p i k i t i e̯	0
pikkainen	p i kː ɑ i̯ n e n	0
pikkanen	p i kː ɑ n e n	0
pikkarainen	p i kː ɑ r ɑ i̯ n e n	29
pikku	p i kː u	425
pikkuaivomato	p i kː u ɑ i̯ ʋ o m ɑ t o	0
pikkuauto	p i kː u ɑ u t o	0
pikkuinen	p i kː u i̯ n e n	16
pikkujamssipapu	p i kː u j ɑ m sː i p ɑ p u	0
pikkujoulu	p i kː u j o u̯ l u	9
pikkukartta	p i kː u k ɑ r tː ɑ	0
pikkukengät	p i kː u k e ŋː æ t	2
pikkukiivi	p i kː u k iː ʋ i	0
pikkukylä	p i kː u k y l æ	2
pikkulantio	p i kː u l ɑ n t i o	0
pikkulintu	p i kː u l i n t u	3
pikkulämmin	p i kː u l æ mː i n	0
pikkumaisesti	p i kː u m ɑ i̯ s e s t iˣ	0
pikkupulla	p i kː u p u lː ɑ	0
pikkupöksyt	p i kː u p ø k s y t	0
pikkuruinen	p i kː u r u i̯ n e n	7
pikkuserkku	p i kː u s e r kː u	3
pikkuserkukset	p i kː u s e r k u k s e t	0
pikkusielu	p i kː u s i e̯ l u	0
pikkusormi	p i kː u s o r m i	0
pikkutakkisillaan	p i kː u t ɑ kː i s i lː ɑː n	0
pikkuvanhasti	p i kː u ʋ ɑ n h ɑ s t iˣ	0
pikkuvarpunen	p i kː u ʋ ɑ r p u n e n	1
pikkuviha	p i kː u ʋ i h ɑ	0
pikkuyksiö	p i kː u y k s i ø	0
pikosekunti	p i k o s e k u n t i	0
pikriitti	p i k r iː tː i	0
pikselöidä	p i k s e l ø i̯ d æˣ	0
pikti	p i k t i	0
pila	p i l ɑ	8
pilaaminen	p i l ɑː m i n e n	0
pilaannuttaa	p i l ɑː nː u tː ɑːˣ	0
pilaesitys	p i l ɑ e s i t y s	0
pilahinta	p i l ɑ h i n t ɑ	0
pilailuväline	p i l ɑ i̯ l u ʋ æ l i n eˣ	0
pilajuttu	p i l ɑ j u tː u	0
pilalaulu	p i l ɑ l ɑ u̯ l u	0
pilalehti	p i l ɑ l e h t i	0
pilanpäiten	p i l ɑ n p æ i̯ t e n	0
pilanteko	p i l ɑ n t e k o	0
pilapuhe	p i l ɑ p u h eˣ	0
pilariperustus	p i l ɑ r i p e r u s t u s	0
pilata	p i l ɑ t ɑˣ	37
piletti	p i l e tː i	0
pilkahdella	p i l k ɑ h d e lː ɑˣ	0
pilkahtaa	p i l k ɑ h t ɑːˣ	1
pilkallaan	p i l k ɑ lː ɑː n	0
pilke	p i l k eˣ	36
pilkistellä	p i l k i s t e lː æˣ	0
pilkka	p i l kː ɑ	9
pilkkakirves	p i l kː ɑ k i r ʋ e s	0
pilkkoisen	p i l kː o i̯ s e n	0
pilkku	p i l kː u	18
pilkkusääntö	p i l kː u s æː n t ø	0
pilkkuvirhe	p i l kː u ʋ i r h eˣ	0
pilkoittaa	p i l k o i̯ tː ɑːˣ	0
pilkottaa	p i l k o tː ɑːˣ	2
pilkunnussija	p i l k u n n u sː i j ɑ	0
pilkuttaa	p i l k u tː ɑːˣ	0
pillata	p i lː ɑ t ɑˣ	0
pillerihattu	p i lː e r i h ɑ tː u	0
pillerihumala	p i lː e r i h u m ɑ l ɑ	0
pillerirasia	p i lː e r i r ɑ s i ɑ	0
pilli	p i lː i	10
pillihousut	p i lː i h o u̯ s u t	0
pillimehu	p i lː i m e h u	0
pillisieni	p i lː i s i e̯ n i	0
pilliurut	p i lː i u r u t	0
pillupuhelin	p i lː u p u h e l i n	0
piloillaan	p i l o i̯ lː ɑː n	2
pilosyyttinen	p i l o s yː tː i n e n	0
pilssi	p i l sː i	0
pilssipumppu	p i l sː i p u m pː u	0
pilttuu	p i l tː uː	1
pilveillä	p i l ʋ e i̯ lː æˣ	0
pilvenhahtuva	p i l ʋ e n h ɑ h t u ʋ ɑ	0
pilvenhaituva	p i l ʋ e n h ɑ i̯ t u ʋ ɑ	0
pilvenkorkeus	p i l ʋ e n k o r k e u s	0
pilvenpiirtäjä	p i l ʋ e n p iː r t æ j æ	3
pilvenrako	p i l ʋ e n r ɑ k o	0
pilvenreuna	p i l ʋ e n r e u̯ n ɑ	0
pilvenveikko	p i l ʋ e n ʋ e i̯ kː o	0
pilvetön	p i l ʋ e t ø n	7
pilvi	p i l ʋ i	43
pilvikerros	p i l ʋ i k e rː o s	0
pilvimuodostelma	p i l ʋ i m u o̯ d o s t e l m ɑ	1
pilvimuodostuma	p i l ʋ i m u o̯ d o s t u m ɑ	0
pilvipalvelu	p i l ʋ i p ɑ l ʋ e l u	0
pilvipeite	p i l ʋ i p e i̯ t eˣ	2
pilvipouta	p i l ʋ i p o u̯ t ɑ	0
pilvipyörre	p i l ʋ i p y ø̯ rː eˣ	0
pilvirintama	p i l ʋ i r i n t ɑ m ɑ	1
pilviseinämä	p i l ʋ i s e i̯ n æ m æ	0
pilvitutka	p i l ʋ i t u t k ɑ	0
pilvivalli	p i l ʋ i ʋ ɑ lː i	0
pilviverho	p i l ʋ i ʋ e r h o	1
pimentyminen	p i m e n t y m i n e n	1
pimeä	p i m e æ	63
pimeäreaktio	p i m e æ r e ɑ k t i o	0
pimpparauta	p i m pː ɑ r ɑ u̯ t ɑ	0
pimppi	p i m pː i	0
pimpsikivi	p i m p s i k i ʋ i	0
pimputtaa	p i m p u tː ɑːˣ	0
pinaattikeitto	p i n ɑː tː i k e i̯ tː o	0
pinaattikiinankaali	p i n ɑː tː i k iː n ɑ n k ɑː l i	0
pinaattilettu	p i n ɑː tː i l e tː u	0
pinaattiohukainen	p i n ɑː tː i o h u k ɑ i̯ n e n	0
pingispallo	p i ŋː i s p ɑ lː o	2
pingottua	p i ŋː o tː u ɑˣ	0
pingviini	p i ŋ ʋ iː n i	5
pinja	p i n j ɑ	11
pinkki	p i ŋ kː i	3
pinkoa	p i ŋ k o ɑ	1
pinkoa	p i ŋ k o ɑˣ	1
pinkoittain	p i ŋ k o i̯ tː ɑ i̯ n	0
pinna	p i nː ɑ	12
pinnaaja	p i nː ɑː j ɑ	0
pinnakkain	p i nː ɑ kː ɑ i̯ n	3
pinnakkaisvedos	p i nː ɑ kː ɑ i̯ s ʋ e d o s	0
pinnallisesti	p i nː ɑ lː i s e s t iˣ	17
pinnanmuodostus	p i nː ɑ n m u o̯ d o s t u s	1
pinnari	p i nː ɑ r i	1
pinne	p i nː eˣ	1
pinnemmaksi	p i nː e mː ɑ k s i	0
pinnemmalla	p i nː e mː ɑ lː ɑ	0
pinnemmalle	p i nː e mː ɑ lː eˣ	0
pinnemmalta	p i nː e mː ɑ l t ɑ	0
pinnemmassa	p i nː e mː ɑ sː ɑ	0
pinnemmasta	p i nː e mː ɑ s t ɑ	0
pinnempaa	p i nː e m p ɑː	0
pinnempaan	p i nː e m p ɑː n	0
pinnempana	p i nː e m p ɑ n ɑ	0
pinni	p i nː i	9
pinnistellä	p i nː i s t e lː æˣ	3
pinnistyä	p i nː i s t y æˣ	0
pinniä	p i nː i æˣ	0
pinnoittaa	p i nː o i̯ tː ɑːˣ	6
pinnoitus	p i nː o i̯ t u s	15
pino	p i n o	16
pinojäljitys	p i n o j æ l j i t y s	0
pinokuutio	p i n o k uː t i o	0
pinokuutiometri	p i n o k uː t i o m e t r i	0
pinomuisti	p i n o m u i̯ s t i	0
pinosytoosi	p i n o s y t oː s i	0
pinotavara	p i n o t ɑ ʋ ɑ r ɑ	0
pinssi	p i n sː i	3
pinta	p i n t ɑ	350
pintajännitys	p i n t ɑ j æ nː i t y s	2
pintakaavio	p i n t ɑ k ɑː ʋ i o	1
pintakarkaisu	p i n t ɑ k ɑ r k ɑ i̯ s u	0
pintakudos	p i n t ɑ k u d o s	0
pintalujuus	p i n t ɑ l u j uː s	0
pintalämpötila	p i n t ɑ l æ m p ø t i l ɑ	10
pintalöytö	p i n t ɑ l ø y̯ t ø	0
pintametro	p i n t ɑ m e t r o	0
pintapaino	p i n t ɑ p ɑ i̯ n o	0
pintapoiminta	p i n t ɑ p o i̯ m i n t ɑ	0
pintapuolisesti	p i n t ɑ p u o̯ l i s e s t iˣ	7
pintatieto	p i n t ɑ t i e̯ t o	0
pintautua	p i n t ɑ u t u ɑˣ	0
pintaverkko	p i n t ɑ ʋ e r kː o	0
pinteli	p i n t e l i	0
pintominen	p i n t o m i n e n	0
pinttyä	p i n tː y æˣ	0
pioneerijoukot	p i o n eː r i j o u̯ k o t	0
pioneerisilta	p i o n eː r i s i l t ɑ	0
pioneerityö	p i o n eː r i t y ø̯	3
piparjuurikastike	p i p ɑ r j uː r i k ɑ s t i k eˣ	0
piparkakku	p i p ɑ r k ɑ kː u	0
piparkakkumuotti	p i p ɑ r k ɑ kː u m u o̯ tː i	0
piparkakkupossu	p i p ɑ r k ɑ kː u p o sː u	0
piparkakkutaikina	p i p ɑ r k ɑ kː u t ɑ i̯ k i n ɑ	0
piparminttutee	p i p ɑ r m i n tː u t eː	0
pipo	p i p o	13
pippalot	p i pː ɑ l o t	2
pippuri	p i pː u r i	8
pippuripihvi	p i pː u r i p i h ʋ i	0
piraattipainos	p i r ɑː tː i p ɑ i̯ n o s	0
pirahdella	p i r ɑ h d e lː ɑˣ	0
pirahtaa	p i r ɑ h t ɑːˣ	2
piraija	p i r ɑ i̯ j ɑ	1
pirana	p i r ɑ n ɑ	0
pirhonen	p i r h o n e n	19
piripinnassa	p i r i p i nː ɑ sː ɑ	0
piripintaan	p i r i p i n t ɑː n	6
piripintanaan	p i r i p i n t ɑ n ɑː n	0
piripolkka	p i r i p o l kː ɑ	0
piristysaine	p i r i s t y s ɑ i̯ n eˣ	0
piristyspilleri	p i r i s t y s p i lː e r i	0
pirita	p i r i t ɑ	10
piritta	p i r i tː ɑ	12
pirjo	p i r j o	444
pirkka	p i r kː ɑ	20
pirkkala	p i r kː ɑ l ɑ	21
pirkkalalainen	p i r kː ɑ l ɑ l ɑ i̯ n e n	1
pirkko	p i r kː o	355
pirskahdella	p i r s k ɑ h d e lː ɑˣ	0
pirskahtaa	p i r s k ɑ h t ɑːˣ	0
pirskauttaa	p i r s k ɑ u tː ɑːˣ	0
pirskua	p i r s k u ɑˣ	0
pirssi	p i r sː i	3
pirta	p i r t ɑ	2
pirtakoukku	p i r t ɑ k o u̯ kː u	0
pirtanauha	p i r t ɑ n ɑ u̯ h ɑ	1
pirtelö	p i r t e l ø	0
pirteä	p i r t e æ	35
pirtu	p i r t u	0
piru	p i r u	20
piruilla	p i r u i̯ lː ɑˣ	0
pirulainen	p i r u l ɑ i̯ n e n	2
pirullisesti	p i r u lː i s e s t iˣ	0
pirunnyrkki	p i r u n n y r kː i	1
pirunpelto	p i r u n p e l t o	1
piruuksissaan	p i r uː k s i sː ɑː n	0
piruuntua	p i r uː n t u ɑˣ	0
piruus	p i r uː s	0
pisama	p i s ɑ m ɑ	0
pisara	p i s ɑ r ɑ	16
pisaratartunta	p i s ɑ r ɑ t ɑ r t u n t ɑ	0
pisin	p i s i n	77
piski	p i s k i	1
piskuinen	p i s k u i̯ n e n	4
pissaliisa	p i sː ɑ l iː s ɑ	0
pissittää	p i sː i tː æːˣ	0
piste	p i s t eˣ	162
pisteaita	p i s t eˣ ɑ i̯ t ɑ	0
pistearvo	p i s t eˣ ɑ r ʋ o	0
pisteittää	p i s t e i̯ tː æːˣ	1
pistekaavio	p i s t eˣ k ɑː ʋ i o	0
pistekoko	p i s t eˣ k o k o	6
pistekota	p i s t eˣ k o t ɑ	0
pistekuorma	p i s t eˣ k u o̯ r m ɑ	0
pistelinko	p i s t eˣ l i ŋ k o	0
pisteliäästi	p i s t e l i æː s t iˣ	3
pistenäyttö	p i s t eˣ n æ y̯ tː ø	2
pisteputki	p i s t eˣ p u t k i	0
pistesilmä	p i s t eˣ s i l m æ	0
pistetodennäköisyysfunktio	p i s t eˣ t o d e n n æ k ø i̯ s yː s f u ŋ k t i o	0
pistevieras	p i s t eˣ ʋ i e̯ r ɑ s	0
pisteyttää	p i s t e y tː æːˣ	5
pistinkasvit	p i s t i n k ɑ s ʋ i t	0
pisto	p i s t o	13
pistoke	p i s t o k eˣ	6
pistokoe	p i s t o k o eˣ	0
pistokortti	p i s t o k o r tː i	0
pistoolikotelo	p i s t oː l i k o t e l o	0
pistäkää	p i s t æ k æː	5
pistää	p i s t æːˣ	124
pisu	p i s u	0
pitali	p i t ɑ l i	0
pitchi	p i t ʃ i	0
pitempi	p i t e m p i	82
piti	p i t i	1771
pitkikset	p i t k i k s e t	0
pitkistyä	p i t k i s t y æˣ	0
pitkittäistutkimus	p i t k i tː æ i̯ s t u t k i m u s	2
pitkulainen	p i t k u l ɑ i̯ n e n	2
pitkä	p i t k æ	1212
pitkäaaltoalue	p i t k æ ɑː l t o ɑ l u eˣ	0
pitkäaikaissokeri	p i t k æ ɑ i̯ k ɑ i̯ s s o k e r i	0
pitkäaikaissäilytys	p i t k æ ɑ i̯ k ɑ i̯ s s æ i̯ l y t y s	2
pitkäaikaisvaikutus	p i t k æ ɑ i̯ k ɑ i̯ s ʋ ɑ i̯ k u t u s	1
pitkähihainen	p i t k æ h i h ɑ i̯ n e n	2
pitkähäntämuurahaiskäpy	p i t k æ h æ n t æ m uː r ɑ h ɑ i̯ s k æ p y	0
pitkähöylä	p i t k æ h ø y̯ l æ	0
pitkäjännitteisesti	p i t k æ j æ nː i tː e i̯ s e s t iˣ	4
pitkäjänteisesti	p i t k æ j æ n t e i̯ s e s t iˣ	52
pitkäkestoinen	p i t k æ k e s t o i̯ n e n	28
pitkäkirkko	p i t k æ k i r kː o	3
pitkällinen	p i t k æ lː i n e n	13
pitkämiekka	p i t k æ m i e̯ kː ɑ	0
pitkämielisesti	p i t k æ m i e̯ l i s e s t iˣ	0
pitkänen	p i t k æ n e n	145
pitkänurkka	p i t k æ n u r kː ɑ	0
pitkänään	p i t k æ n æː n	0
pitkäperjantai	p i t k æ p e r j ɑ n t ɑ i̯	7
pitkäpinnainen	p i t k æ p i nː ɑ i̯ n e n	0
pitkäpääsara	p i t k æ p æː s ɑ r ɑ	1
pitkästi	p i t k æ s t iˣ	9
pitkäsäärinen	p i t k æ s æː r i n e n	0
pitkätakki	p i t k æ t ɑ kː i	0
pitkäthousut	p i t k æ t h o u̯ s u t	0
pitkäviha	p i t k æ ʋ i h ɑ	0
pito	p i t o	45
pitokokki	p i t o k o kː i	1
pitokytkin	p i t o k y t k i n	0
pitopaikka	p i t o p ɑ i̯ kː ɑ	16
pitopalvelu	p i t o p ɑ l ʋ e l u	10
pitopohja	p i t o p o h j ɑ	1
pitopohjasukset	p i t o p o h j ɑ s u k s e t	0
pitopöytä	p i t o p ø y̯ t æ	1
pitoruoka	p i t o r u o̯ k ɑ	0
pitoteippi	p i t o t e i̯ pː i	0
pitovaatteet	p i t o ʋ ɑː tː eː t	0
pitovaikeus	p i t o ʋ ɑ i̯ k e u s	0
pitovoima	p i t o ʋ o i̯ m ɑ	0
pitseria	p i t s e r i ɑ	0
pitsi	p i t s i	2
pitsisukat	p i t s i s u k ɑ t	0
pitskat	p i t s k ɑ t	0
pituinen	p i t u i̯ n e n	173
pituus	p i t uː s	824
pituushyppy	p i t uː s h y pː y	2
pituuskontraktio	p i t uː s k o n t r ɑ k t i o	0
pituusleikkaus	p i t uː s l e i̯ kː ɑ u s	1
pituusleikkuri	p i t uː s l e i̯ kː u r i	1
pituusmerkki	p i t uː s m e r kː i	0
pituusmitta	p i t uː s m i tː ɑ	0
pituussuunta	p i t uː s s uː n t ɑ	0
pituusyksikkö	p i t uː s y k s i kː ø	0
pitäjänmakasiini	p i t æ j æ n m ɑ k ɑ s iː n i	0
pitäjänneuvos	p i t æ j æ n n e u̯ ʋ o s	0
pitäytyä	p i t æ y t y æˣ	21
pitää	p i t æːˣ	7511
piukasti	p i u̯ k ɑ s t iˣ	0
piukkasara	p i u̯ kː ɑ s ɑ r ɑ	0
piupaut	p i u̯ p ɑ u t	0
piuru	p i u̯ r u	0
pivo	p i ʋ o	1
pivosirppi	p i ʋ o s i r pː i	0
pizza	p i t s ɑ	13
pizzaleikkuri	p i t s ɑ l e i̯ kː u r i	0
pizzamauste	p i t s ɑ m ɑ u̯ s t eˣ	0
pizzan	p i t s ɑ n	14
pi’issä	p i i sː æ	0
pkk	p eː k oː k oː	3
plagaali	p l ɑ ɡ ɑː l i	0
plagioklaasiporfyriitti	p l ɑ ɡ i o k l ɑː s i p o r f y r iː tː i	0
plakki	p l ɑ kː i	0
planeettakunta	p l ɑ n eː tː ɑ k u n t ɑ	0
planeettatutkimus	p l ɑ n eː tː ɑ t u t k i m u s	0
planeettavaihteisto	p l ɑ n eː tː ɑ ʋ ɑ i̯ h t e i̯ s t o	0
planimetri	p l ɑ n i m e t r i	0
planisfääri	p l ɑ n i s f æː r i	0
planktinen	p l ɑ ŋ k t i n e n	0
plankton	p l ɑ ŋ k t o n	5
plantaarinen	p l ɑ n t ɑː r i n e n	0
plasmaleikkaus	p l ɑ s m ɑ l e i̯ kː ɑ u s	1
plasmidi	p l ɑ s m i d i	0
plasmiini	p l ɑ s m iː n i	0
plasmodesmi	p l ɑ s m o d e s m i	0
plastidi	p l ɑ s t i d i	0
plastiikki	p l ɑ s t iː kː i	0
platinaryhmä	p l ɑ t i n ɑ r y h m æ	0
platykurtinen	p l ɑ t y k u r t i n e n	0
playback	p l e i̯ b æ kː	3
playboy	p l e i̯ b o i̯	3
plektra	p l e k t r ɑ	0
pleomorfismi	p l e o m o r f i s m i	0
pleuradreeni	p l e u̯ r ɑ d r eː n i	0
pleuriitti	p l e u̯ r iː tː i	0
plikka	p l i kː ɑ	0
ploki	p l o k i	0
plooturaha	p l oː t u r ɑ h ɑ	0
pluralisti	p l u r ɑ l i s t i	0
plusmerkki	p l u s m e r kː i	1
pluto	p l u t o	2
plätsähtää	p l æ t s æ h t æːˣ	0
podcast	p o d k æ s t	0
podcast	p o d k ɑ s t	0
pogostantauti	p o ɡ o s t ɑ n t ɑ u̯ t i	0
pohatta	p o h ɑ tː ɑ	1
pohja	p o h j ɑ	272
pohjagneissikompleksi	p o h j ɑ ɡ n e i̯ sː i k o m p l e k s i	0
pohjakonglomeraatti	p o h j ɑ k o ŋ l o m e r ɑː tː i	0
pohjakosketus	p o h j ɑ k o s k e t u s	2
pohjakoulutus	p o h j ɑ k o u̯ l u t u s	8
pohjalaisittain	p o h j ɑ l ɑ i̯ s i tː ɑ i̯ n	0
pohjalaismurre	p o h j ɑ l ɑ i̯ s m u rː eˣ	0
pohjalevy	p o h j ɑ l e ʋ y	5
pohjaliete	p o h j ɑ l i e̯ t eˣ	1
pohjalukema	p o h j ɑ l u k e m ɑ	0
pohjamaalata	p o h j ɑ m ɑː l ɑ t ɑˣ	1
pohjamaalaus	p o h j ɑ m ɑː l ɑ u s	3
pohjamajakka	p o h j ɑ m ɑ j ɑ kː ɑ	2
pohjamateriaali	p o h j ɑ m ɑ t e r i ɑː l i	3
pohjanuotta	p o h j ɑ n u o̯ tː ɑ	0
pohjapaine	p o h j ɑ p ɑ i̯ n eˣ	0
pohjapalkka	p o h j ɑ p ɑ l kː ɑ	0
pohjapato	p o h j ɑ p ɑ t o	2
pohjapiirros	p o h j ɑ p iː rː o s	7
pohjapiirustus	p o h j ɑ p iː r u s t u s	4
pohjasävel	p o h j ɑ s æ ʋ e l	0
pohjatiedot	p o h j ɑ t i e̯ d o t	16
pohjattomasti	p o h j ɑ tː o m ɑ s t iˣ	3
pohjauttaa	p o h j ɑ u tː ɑːˣ	0
pohjaverkko	p o h j ɑ ʋ e r kː o	1
pohje	p o h j eˣ	0
pohjeapu	p o h j eˣ ɑ p u	0
pohjehermo	p o h j eˣ h e r m o	0
pohjelihas	p o h j eˣ l i h ɑ s	0
pohjeluu	p o h j eˣ l uː	0
pohjeluulihas	p o h j eˣ l uː l i h ɑ s	0
pohjemmaksi	p o h j e mː ɑ k s i	0
pohjemmalla	p o h j e mː ɑ lː ɑ	0
pohjemmalle	p o h j e mː ɑ lː eˣ	0
pohjemmalta	p o h j e mː ɑ l t ɑ	0
pohjempaa	p o h j e m p ɑː	0
pohjempana	p o h j e m p ɑ n ɑ	0
pohjimmaksi	p o h j i mː ɑ k s i	0
pohjimmalla	p o h j i mː ɑ lː ɑ	0
pohjimmalle	p o h j i mː ɑ lː eˣ	0
pohjimmalta	p o h j i mː ɑ l t ɑ	0
pohjimmaltaan	p o h j i mː ɑ l t ɑː n	7
pohjimpaa	p o h j i m p ɑː	0
pohjimpana	p o h j i m p ɑ n ɑ	0
pohjittaa	p o h j i tː ɑːˣ	0
pohjoinen	p o h j o i̯ n e n	132
pohjoisemmaksi	p o h j o i̯ s e mː ɑ k s i	18
pohjoisemmas	p o h j o i̯ s e mː ɑ s	0
pohjoisempaa	p o h j o i̯ s e m p ɑː	5
pohjoisempana	p o h j o i̯ s e m p ɑ n ɑ	12
pohjoismurre	p o h j o i̯ s m u rː eˣ	0
pohjoismyrsky	p o h j o i̯ s m y r s k y	0
pohjoissilta	p o h j o i̯ s s i l t ɑ	0
pohjola	p o h j o l ɑ	123
pohjustusvoide	p o h j u s t u s ʋ o i̯ d eˣ	1
pohkeenväistö	p o h k eː n ʋ æ i̯ s t ø	0
pohtaa	p o h t ɑːˣ	0
pohtia	p o h t i ɑˣ	333
poiju	p o i̯ j u	11
poijuttaa	p o i̯ j u tː ɑːˣ	0
poika	p o i̯ k ɑ	881
poikakissa	p o i̯ k ɑ k i sː ɑ	0
poikakoira	p o i̯ k ɑ k o i̯ r ɑ	0
poikamaisesti	p o i̯ k ɑ m ɑ i̯ s e s t iˣ	0
poikamies	p o i̯ k ɑ m i e̯ s	5
poikamieselämä	p o i̯ k ɑ m i e̯ s e l æ m æ	0
poikaoppilas	p o i̯ k ɑ o pː i l ɑ s	2
poikavuosi	p o i̯ k ɑ ʋ u o̯ s i	0
poikaystävä	p o i̯ k ɑ y s t æ ʋ æ	6
poikia	p o i̯ k i ɑ	157
poikia	p o i̯ k i ɑˣ	157
poikitse	p o i̯ k i t s eˣ	0
poikkeamaraja	p o i̯ kː e ɑ m ɑ r ɑ j ɑ	0
poikkeavasti	p o i̯ kː e ɑ ʋ ɑ s t iˣ	13
poikkeusasema	p o i̯ kː e u s ɑ s e m ɑ	0
poikkeuslahjakkuus	p o i̯ kː e u s l ɑ h j ɑ kː uː s	0
poikkeuslaki	p o i̯ kː e u s l ɑ k i	0
poikkeusolot	p o i̯ kː e u s o l o t	1
poikkeustapaus	p o i̯ kː e u s t ɑ p ɑ u s	2
poikkeutuskela	p o i̯ kː e u t u s k e l ɑ	0
poikki	p o i̯ kː i	190
poikkihuilu	p o i̯ kː i h u i̯ l u	2
poikkikirves	p o i̯ kː i k i r ʋ e s	1
poikkipuolin	p o i̯ kː i p u o̯ l i n	1
poikkipuu	p o i̯ kː i p uː	1
poikkipääty	p o i̯ kː i p æː t y	0
poikkitela	p o i̯ kː i t e l ɑ	0
poikkiteloin	p o i̯ kː i t e l o i̯ n	4
poikkiviiva	p o i̯ kː i ʋ iː ʋ ɑ	2
poimia	p o i̯ m i ɑˣ	101
poimintalasta	p o i̯ m i n t ɑ l ɑ s t ɑ	0
poimiskella	p o i̯ m i s k e lː ɑˣ	0
poimu	p o i̯ m u	1
poimuajo	p o i̯ m u ɑ j o	0
poimuilla	p o i̯ m u i̯ lː ɑ	0
poimuilla	p o i̯ m u i̯ lː ɑˣ	0
poimulehti	p o i̯ m u l e h t i	0
poimuttaa	p o i̯ m u tː ɑːˣ	0
poimuttua	p o i̯ m u tː u ɑˣ	0
poimuuntua	p o i̯ m uː n t u ɑˣ	0
poimuvuori	p o i̯ m u ʋ u o̯ r i	0
pointteri	p o i̯ n tː e r i	1
pointti	p o i̯ n tː i	15
poismennyt	p o i̯ s m e nː y t	0
poisnukkunut	p o i̯ s n u kː u n u t	0
poissaolo	p o i̯ sː ɑ o l o	52
poistaa	p o i̯ s t ɑːˣ	863
poistattaa	p o i̯ s t ɑ tː ɑːˣ	1
poistella	p o i̯ s t e lː ɑˣ	1
poisto	p o i̯ s t o	99
poistoilmalämpöpumppu	p o i̯ s t o i l m ɑ l æ m p ø p u m pː u	5
poistonäppäin	p o i̯ s t o n æ pː æ i̯ n	0
poistopuhallin	p o i̯ s t o p u h ɑ lː i n	1
poistoventtiili	p o i̯ s t o ʋ e n tː iː l i	1
poistoviiva	p o i̯ s t o ʋ iː ʋ ɑ	0
poistumisnäppäin	p o i̯ s t u m i s n æ pː æ i̯ n	0
poistumistie	p o i̯ s t u m i s t i e̯	0
poi’ittaa	p o i̯ i tː ɑːˣ	0
poka	p o k ɑ	1
pokara	p o k ɑ r ɑ	0
pokasaha	p o k ɑ s ɑ h ɑ	1
pokata	p o k ɑ t ɑˣ	1
pokeri	p o k e r i	1
pokka	p o kː ɑ	16
pokkailla	p o kː ɑ i̯ lː ɑˣ	0
pokkari	p o kː ɑ r i	2
poksahtaa	p o k s ɑ h t ɑːˣ	1
poksauttaa	p o k s ɑ u tː ɑːˣ	1
pola	p o l ɑ	2
polaarihajotelma	p o l ɑː r i h ɑ j o t e l m ɑ	0
polaaripyörre	p o l ɑː r i p y ø̯ rː eˣ	1
polabi	p o l ɑ b i	0
polanteinen	p o l ɑ n t e i̯ n e n	1
polarisoida	p o l ɑ r i s o i̯ d ɑˣ	0
polarisoitua	p o l ɑ r i s o i̯ t u ɑˣ	0
polaroida	p o l ɑ r o i̯ d ɑˣ	0
polaroitua	p o l ɑ r o i̯ t u ɑˣ	0
poleemisesti	p o l eː m i s e s t iˣ	1
poliisi	p o l iː s i	546
poliisiasia	p o l iː s i ɑ s i ɑ	0
poliisihallinto	p o l iː s i h ɑ lː i n t o	2
poliisijärjestys	p o l iː s i j æ r j e s t y s	0
poliisikamari	p o l iː s i k ɑ m ɑ r i	0
poliisiketju	p o l iː s i k e t j u	0
poliisikonstaapeli	p o l iː s i k o n s t ɑː p e l i	0
poliisikoulu	p o l iː s i k o u̯ l u	1
poliisikunta	p o l iː s i k u n t ɑ	2
poliisikuulustelu	p o l iː s i k uː l u s t e l u	1
poliisimerkki	p o l iː s i m e r kː i	0
poliisimestari	p o l iː s i m e s t ɑ r i	0
poliisimies	p o l iː s i m i e̯ s	4
poliisineuvos	p o l iː s i n e u̯ ʋ o s	0
poliisipartio	p o l iː s i p ɑ r t i o	8
poliisipiiri	p o l iː s i p iː r i	0
poliisitalo	p o l iː s i t ɑ l o	1
poliisitarkastaja	p o l iː s i t ɑ r k ɑ s t ɑ j ɑ	0
poliisitiedotus	p o l iː s i t i e̯ d o t u s	0
poliisitutkinta	p o l iː s i t u t k i n t ɑ	5
poliisivalvonta	p o l iː s i ʋ ɑ l ʋ o n t ɑ	0
poliisivartio	p o l iː s i ʋ ɑ r t i o	0
poliisiviranomainen	p o l iː s i ʋ i r ɑ n o m ɑ i̯ n e n	3
poliittinen	p o l iː tː i n e n	363
poliittisesti	p o l iː tː i s e s t iˣ	138
polikliinisesti	p o l i k l iː n i s e s t iˣ	17
politologi	p o l i t o l o ɡ i	0
poljennollisesti	p o l j e nː o lː i s e s t iˣ	0
poljin	p o l j i n	7
polkea	p o l k e ɑˣ	10
polkeminen	p o l k e m i n e n	5
polkka	p o l kː ɑ	9
polkuhinta	p o l k u h i n t ɑ	0
polkuintegraali	p o l k u i n t e ɡ r ɑː l i	0
polkumiina	p o l k u m iː n ɑ	0
polkumyynti	p o l k u m yː n t i	0
polkunimi	p o l k u n i m i	0
polkupyörä	p o l k u p y ø̯ r æ	26
polkupyöräjoukot	p o l k u p y ø̯ r æ j o u̯ k o t	0
polkupyörälaukku	p o l k u p y ø̯ r æ l ɑ u̯ kː u	0
polkusara	p o l k u s ɑ r ɑ	0
polkusilta	p o l k u s i l t ɑ	0
polkuvene	p o l k u ʋ e n eˣ	0
polkuyhtenäinen	p o l k u y h t e n æ i̯ n e n	0
polkuyhtenäisyys	p o l k u y h t e n æ i̯ s yː s	0
polkuäes	p o l k u æ e s	0
pollari	p o lː ɑ r i	28
polle	p o lː e	1
pollina	p o lː i n ɑ	0
polo	p o l o	9
poloneesi	p o l o n eː s i	3
polottaa	p o l o tː ɑːˣ	0
polskahtaa	p o l s k ɑ h t ɑːˣ	1
polskauttaa	p o l s k ɑ u tː ɑːˣ	0
polsteri	p o l s t e r i	0
poltattaa	p o l t ɑ tː ɑːˣ	1
polte	p o l t eˣ	2
poltin	p o l t i n	11
polttaa	p o l tː ɑːˣ	113
polttarit	p o l tː ɑ r i t	3
poltteet	p o l tː eː t	0
polttiainen	p o l tː i ɑ i̯ n e n	0
polttiaiseläin	p o l tː i ɑ i̯ s e l æ i̯ n	0
polttimo	p o l tː i m o	3
polttoainepumppu	p o l tː o ɑ i̯ n eˣ p u m pː u	0
polttoainesauva	p o l tː o ɑ i̯ n eˣ s ɑ u̯ ʋ ɑ	1
polttokaasu	p o l tː o k ɑː s u	0
polttokalmisto	p o l tː o k ɑ l m i s t o	1
polttokammio	p o l tː o k ɑ mː i o	0
polttokenttäkalmisto	p o l tː o k e n tː æ k ɑ l m i s t o	0
polttokivi	p o l tː o k i ʋ i	0
polttolakata	p o l tː o l ɑ k ɑ t ɑˣ	0
polttolasi	p o l tː o l ɑ s i	1
polttoleikkaus	p o l tː o l e i̯ kː ɑ u s	0
polttomaalata	p o l tː o m ɑː l ɑ t ɑˣ	0
polttomerkitä	p o l tː o m e r k i t æˣ	0
polttomoottorivoimalaitos	p o l tː o m oː tː o r i ʋ o i̯ m ɑ l ɑ i̯ t o s	0
polttoneste	p o l tː o n e s t eˣ	2
polttopullo	p o l tː o p u lː o	2
polttorauta	p o l tː o r ɑ u̯ t ɑ	0
polttosäde	p o l tː o s æ d eˣ	0
polttotaisteluaine	p o l tː o t ɑ i̯ s t e l u ɑ i̯ n eˣ	0
polttotaso	p o l tː o t ɑ s o	0
polttoöljy	p o l tː o ø l j y	14
polunetsintä	p o l u n e t s i n t æ	0
polvarit	p o l ʋ ɑ r i t	0
polveilla	p o l ʋ e i̯ lː ɑˣ	1
polvekenauha	p o l ʋ e k eˣ n ɑ u̯ h ɑ	0
polvi	p o l ʋ i	64
polvijärveläinen	p o l ʋ i j æ r ʋ e l æ i̯ n e n	0
polvijärvi	p o l ʋ i j æ r ʋ i	9
polvilleen	p o l ʋ i lː eː n	11
polviltaan	p o l ʋ i l t ɑː n	0
polvistua	p o l ʋ i s t u ɑˣ	3
polvisukka	p o l ʋ i s u kː ɑ	0
polvitaive	p o l ʋ i t ɑ i̯ ʋ eˣ	0
polvitaklaus	p o l ʋ i t ɑ k l ɑ u s	0
polvivamma	p o l ʋ i ʋ ɑ mː ɑ	1
polyandria	p o l y ɑ n d r i ɑ	0
polydaktylia	p o l y d ɑ k t y l i ɑ	0
polyesterifilmi	p o l y e s t e r i f i l m i	0
polyfagi	p o l y f ɑ ɡ i	0
polygynia	p o l y ɡ y n i ɑ	0
polyhistori	p o l y h i s t o r i	0
polyketidi	p o l y k e t i d i	0
polykystinen	p o l y k y s t i n e n	0
polylaktidi	p o l y l ɑ k t i d i	0
polymeerinen	p o l y m eː r i n e n	1
polymeria	p o l y m e r i ɑ	0
polymeroituminen	p o l y m e r o i̯ t u m i n e n	1
polymiktinen	p o l y m i k t i n e n	0
polymyosiitti	p o l y m y o s iː tː i	1
polyneuropatia	p o l y n e u̯ r o p ɑ t i ɑ	0
polynomifunktio	p o l y n o m i f u ŋ k t i o	1
polynomirengas	p o l y n o m i r e ŋː ɑ s	0
polynukleaarinen	p o l y n u k l e ɑː r i n e n	0
polypeptidi	p o l y p e p t i d i	0
polyrytmi	p o l y r y t m i	0
polytooppi	p o l y t oː pː i	0
polytrooppi	p o l y t r oː pː i	0
polytrooppinen	p o l y t r oː pː i n e n	0
pomarkku	p o m ɑ r kː u	6
pomarkkulainen	p o m ɑ r kː u l ɑ i̯ n e n	0
pomeranssi	p o m e r ɑ n sː i	0
pommi	p o mː i	29
pommitella	p o mː i t e lː ɑˣ	0
pomo	p o m o	36
pomoilla	p o m o i̯ lː ɑ	1
pomoilla	p o m o i̯ lː ɑˣ	1
pomologi	p o m o l o ɡ i	0
pomologia	p o m o l o ɡ i ɑ	0
pompahdella	p o m p ɑ h d e lː ɑˣ	0
pompahtaa	p o m p ɑ h t ɑːˣ	1
pompi	p o m p iˣ	1
pomppia	p o m pː i ɑˣ	5
pomppoilla	p o m pː o i̯ lː ɑˣ	0
pomppukiekko	p o m pː u k i e̯ kː o	0
pomppulyönti	p o m pː u l y ø̯ n t i	0
pompula	p o m p u l ɑ	0
pomsi	p o m s i	0
ponnahdusvalikko	p o nː ɑ h d u s ʋ ɑ l i kː o	2
ponnahduttaa	p o nː ɑ h d u tː ɑːˣ	0
ponnauttaa	p o nː ɑ u tː ɑːˣ	0
ponneaine	p o nː eˣ ɑ i̯ n eˣ	1
ponnekkaasti	p o nː e kː ɑː s t iˣ	8
ponnistusvoima	p o nː i s t u s ʋ o i̯ m ɑ	1
ponsi	p o n s i	20
pontata	p o n t ɑ t ɑˣ	0
pontevasti	p o n t e ʋ ɑ s t iˣ	9
pontikankeitto	p o n t i k ɑ n k e i̯ tː o	1
ponttihirsi	p o n tː i h i r s i	0
poolinen	p oː l i n e n	0
poolisuus	p oː l i s uː s	0
pooliton	p oː l i t o n	0
poolopaita	p oː l o p ɑ i̯ t ɑ	0
poolopusero	p oː l o p u s e r o	0
pootoora	p oː t oː r ɑ	0
pop	p o p	47
popata	p o p ɑ t ɑˣ	0
popcorn	p o p k o r n	2
popliinitakki	p o p l iː n i t ɑ kː i	2
poppamies	p o pː ɑ m i e̯ s	1
poppi	p o pː i	4
poppoo	p o pː oː	12
popsima	p o p s i m ɑ	0
populaarikulttuuri	p o p u l ɑː r i k u l tː uː r i	4
populaatioekologia	p o p u l ɑː t i o e k o l o ɡ i ɑ	0
popularisoida	p o p u l ɑ r i s o i̯ d ɑˣ	1
porakaivo	p o r ɑ k ɑ i̯ ʋ o	4
porakone	p o r ɑ k o n eˣ	3
porakonepumppu	p o r ɑ k o n eˣ p u m pː u	0
poraruuvi	p o r ɑ r uː ʋ i	0
poravasara	p o r ɑ ʋ ɑ s ɑ r ɑ	0
poreilla	p o r e i̯ lː ɑ	0
poreilla	p o r e i̯ lː ɑˣ	0
porevesi	p o r eˣ ʋ e s i	0
porfyria	p o r f y r i ɑ	0
porfyroblasti	p o r f y r o b l ɑ s t i	0
porfyyrinen	p o r f yː r i n e n	0
pori	p o r i	121
porinaryhmä	p o r i n ɑ r y h m æ	0
porkkana	p o r kː ɑ n ɑ	45
porkkanakakku	p o r kː ɑ n ɑ k ɑ kː u	0
porkkananpunainen	p o r kː ɑ n ɑ n p u n ɑ i̯ n e n	0
porkkanasosekeitto	p o r kː ɑ n ɑ s o s eˣ k e i̯ tː o	0
pornahtava	p o r n ɑ h t ɑ ʋ ɑ	0
pornainen	p o r n ɑ i̯ n e n	1
pornaislainen	p o r n ɑ i̯ s l ɑ i̯ n e n	0
pornalainen	p o r n ɑ l ɑ i̯ n e n	0
porno	p o r n o	8
pornografia	p o r n o ɡ r ɑ f i ɑ	11
pornografinen	p o r n o ɡ r ɑ f i n e n	0
pornolehti	p o r n o l e h t i	1
pornovideo	p o r n o ʋ i d e o	0
poro	p o r o	19
poroaita	p o r o ɑ i̯ t ɑ	0
poroerotus	p o r o e r o t u s	0
porohärkä	p o r o h æ r k æ	0
porokarja	p o r o k ɑ r j ɑ	0
porokoira	p o r o k o i̯ r ɑ	1
porokolari	p o r o k o l ɑ r i	0
porolappalainen	p o r o l ɑ pː ɑ l ɑ i̯ n e n	0
poromerkki	p o r o m e r kː i	0
poronhoito	p o r o n h o i̯ t o	8
poronhoitoalue	p o r o n h o i̯ t o ɑ l u eˣ	3
poronjäkälä	p o r o n j æ k æ l æ	0
poronkusema	p o r o n k u s e m ɑ	0
poronliha	p o r o n l i h ɑ	5
poronluu	p o r o n l uː	0
poronsarvijauhe	p o r o n s ɑ r ʋ i j ɑ u̯ h eˣ	0
poronvaljaat	p o r o n ʋ ɑ l j ɑː t	0
poropeukalo	p o r o p e u̯ k ɑ l o	1
poropietari	p o r o p i e t ɑ r i	0
porosuoja	p o r o s u o̯ j ɑ	0
porotalous	p o r o t ɑ l o u s	5
porras	p o rː ɑ s	25
porraselementti	p o rː ɑ s e l e m e n tː i	1
porrashissi	p o rː ɑ s h i sː i	0
porraskivi	p o rː ɑ s k i ʋ i	0
porrasmatriisi	p o rː ɑ s m ɑ t r iː s i	0
porrasmuoto	p o rː ɑ s m u o̯ t o	0
porrasperä	p o rː ɑ s p e r æ	0
porrassyöksy	p o rː ɑ s s y ø̯ k s y	0
porrastasanne	p o rː ɑ s t ɑ s ɑ nː eˣ	0
porrasteinen	p o rː ɑ s t e i̯ n e n	1
porrasteisesti	p o rː ɑ s t e i̯ s e s t iˣ	0
porrastua	p o rː ɑ s t u ɑˣ	0
porro	p o rː o	0
porsas	p o r s ɑ s	10
porsasmaisesti	p o r s ɑ s m ɑ i̯ s e s t iˣ	0
porsastella	p o r s ɑ s t e lː ɑˣ	0
porsittaa	p o r s i tː ɑːˣ	0
porskutella	p o r s k u t e lː ɑˣ	0
porskuttaa	p o r s k u tː ɑːˣ	9
porstua	p o r s t u ɑ	2
portaattomasti	p o r t ɑː tː o m ɑ s t iˣ	25
portaittain	p o r t ɑ i̯ tː ɑ i̯ n	8
portaittainen	p o r t ɑ i̯ tː ɑ i̯ n e n	1
portata	p o r t ɑ t ɑˣ	0
portfoliosijoitus	p o r t f o l i o s i j o i̯ t u s	0
portiikki	p o r t iː kː i	0
portsariraha	p o r t s ɑ r i r ɑ h ɑ	0
portti	p o r tː i	89
porttikäytävä	p o r tː i k æ y̯ t æ ʋ æ	1
porttirakennus	p o r tː i r ɑ k e nː u s	2
portto	p o r tː o	4
portugali	p o r tː u ɡ ɑ l i	31
porukka	p o r u kː ɑ	168
porvarillisesti	p o r ʋ ɑ r i lː i s e s t iˣ	0
porvarillistua	p o r ʋ ɑ r i lː i s t u ɑˣ	0
porvoo	p o r ʋ oː	103
porvoolainen	p o r ʋ oː l ɑ i̯ n e n	5
porvoonjoki	p o r ʋ oː n j o k i	4
posauttaa	p o s ɑ u tː ɑːˣ	0
posio	p o s i o	6
posiolainen	p o s i o l ɑ i̯ n e n	0
positiividefiniitti	p o s i t iː ʋ i d e f i n iː tː i	0
positiivinen	p o s i t iː ʋ i n e n	347
positroni	p o s i t r o n i	2
poskettomasti	p o s k e tː o m ɑ s t iˣ	0
poski	p o s k i	7
poskiontelontulehdus	p o s k i o n t e l o n t u l e h d u s	1
poskipuna	p o s k i p u n ɑ	0
poskipää	p o s k i p æː	0
poskipäälihas	p o s k i p æː l i h ɑ s	0
posliini	p o s l iː n i	4
posliinikauppa	p o s l iː n i k ɑ u̯ pː ɑ	0
posliininmaalaus	p o s l iː n i n m ɑː l ɑ u s	8
posliinipillu	p o s l iː n i p i lː u	0
posliinisavi	p o s l iː n i s ɑ ʋ i	0
posmittaa	p o s m i tː ɑːˣ	0
posottaa	p o s o tː ɑːˣ	0
possessiivipronomini	p o sː e sː iː ʋ i p r o n o m i n i	1
possessiivisuffiksi	p o sː e sː iː ʋ i s u fː i k s i	0
possu	p o sː u	15
postalveolaarinen	p o s t ɑ l ʋ e o l ɑː r i n e n	0
postaus	p o s t ɑ u s	0
posteri	p o s t e r i	8
posteriorinen	p o s t e r i o r i n e n	0
postiauto	p o s t i ɑ u t o	2
postibussi	p o s t i b u sː i	0
postiennakko	p o s t i e nː ɑ kː o	10
postihallitus	p o s t i h ɑ lː i t u s	0
postikulut	p o s t i k u l u t	48
postilaitos	p o s t i l ɑ i̯ t o s	4
postiluukku	p o s t i l uː kː u	2
postilähetys	p o s t i l æ h e t y s	1
postimerkkeillä	p o s t i m e r kː e i̯ lː æˣ	0
postimerkki	p o s t i m e r kː i	7
postimerkkikansio	p o s t i m e r kː i k ɑ n s i o	0
postimies	p o s t i m i e̯ s	3
postipaketti	p o s t i p ɑ k e tː i	4
postipalveluauto	p o s t i p ɑ l ʋ e l u ɑ u t o	0
postitaide	p o s t i t ɑ i̯ d eˣ	0
postitoimipaikka	p o s t i t o i̯ m i p ɑ i̯ kː ɑ	9
postivaunu	p o s t i ʋ ɑ u̯ n u	0
postorogeeninen	p o s t o r o ɡ eː n i n e n	0
postpositio	p o s t p o s i t i o	0
postpositsiooni	p o s t p o s i t s i oː n i	0
potaskankeitto	p o t ɑ s k ɑ n k e i̯ tː o	0
potea	p o t e ɑˣ	0
potenssifunktio	p o t e n sː i f u ŋ k t i o	0
potenssiinkorotus	p o t e n sː iː n k o r o t u s	0
potenssiinkorotusmenetelmä	p o t e n sː iː n k o r o t u s m e n e t e l m æ	0
potenssilääke	p o t e n sː i l æː k eˣ	1
potenssimenetelmä	p o t e n sː i m e n e t e l m æ	0
potentiaaliero	p o t e n tː i ɑː l i e r o	5
potentiaaliteoria	p o t e n t i ɑː l i t e o r i ɑ	0
potentiometri	p o t e n t i o m e t r i	2
potentti	p o t e n tː i	1
poterni	p o t e r n i	0
potikka	p o t i kː ɑ	0
potilasturvallisuus	p o t i l ɑ s t u r ʋ ɑ lː i s uː s	4
potilasvaatteet	p o t i l ɑ s ʋ ɑː tː eː t	0
potka	p o t k ɑ	2
potkaista	p o t k ɑ i̯ s t ɑˣ	4
potki	p o t k i	19
potki	p o t k iˣ	19
potkia	p o t k i ɑ	8
potkia	p o t k i ɑˣ	8
potkiaiset	p o t k i ɑ i̯ s e t	0
potkiminen	p o t k i m i n e n	7
potkiskella	p o t k i s k e lː ɑˣ	0
potkuhousut	p o t k u h o u̯ s u t	0
potkupallo	p o t k u p ɑ lː o	4
potkurinlapa	p o t k u r i n l ɑ p ɑ	0
potkuriturbiinikone	p o t k u r i t u r b iː n i k o n eˣ	0
potkuriturbiinimoottori	p o t k u r i t u r b iː n i m oː tː o r i	0
potkuverkko	p o t k u ʋ e r kː o	0
potlohko	p o t l o h k o	0
potta	p o tː ɑ	2
pottatuoli	p o tː ɑ t u o̯ l i	0
pottu	p o tː u	3
pottumaisesti	p o tː u m ɑ i̯ s e s t iˣ	0
pottumaito	p o tː u m ɑ i̯ t o	0
pottuuntua	p o tː uː n t u ɑˣ	0
potuttaa	p o t u tː ɑːˣ	0
poukahdella	p o u̯ k ɑ h d e lː ɑˣ	0
poukahtaa	p o u̯ k ɑ h t ɑːˣ	0
poukama	p o u̯ k ɑ m ɑ	1
poukata	p o u̯ k ɑ t ɑˣ	0
poukauttaa	p o u̯ k ɑ u tː ɑːˣ	0
poukkoilla	p o u̯ kː o i̯ lː ɑˣ	0
pounu	p o u̯ n u	0
pouta	p o u̯ t ɑ	6
poutailma	p o u̯ t ɑ i l m ɑ	0
poutapilvi	p o u̯ t ɑ p i l ʋ i	0
poutasää	p o u̯ t ɑ s æː	0
poutia	p o u̯ t i ɑˣ	0
povaaja	p o ʋ ɑː j ɑ	0
povailla	p o ʋ ɑ i̯ lː ɑˣ	2
povari	p o ʋ ɑ r i	0
povauttaa	p o ʋ ɑ u tː ɑːˣ	0
povi	p o ʋ i	1
prebioottinen	p r e b i oː tː i n e n	1
predispositio	p r e d i s p o s i t i o	0
preerialokki	p r eː r i ɑ l o kː i	0
preesens	p r eː s e n s	11
prejudikaatti	p r e j u d i k ɑː tː i	0
prekompakti	p r e k o m p ɑ k t i	0
preparointi	p r e p ɑ r o i̯ n t i	0
prepositio	p r e p o s i t i o	2
prepositionaali	p r e p o s i t i o n ɑː l i	3
presedenssi	p r e s e d e n sː i	0
preskriptivismi	p r e s k r i p t i ʋ i s m i	0
preussi	p r e u̯ sː i	3
priapismi	p r i ɑ p i s m i	1
priimi	p r iː m i	0
prikaatikenraali	p r i k ɑː t i k e n r ɑː l i	1
prikantiini	p r i k ɑ n t iː n i	0
primaarirakenne	p r i m ɑː r i r ɑ k e nː eˣ	0
primatologi	p r i m ɑ t o l o ɡ i	0
primatologia	p r i m ɑ t o l o ɡ i ɑ	0
primäärienergia	p r i m æː r i e n e r ɡ i ɑ	1
prinsessakakku	p r i n s e sː ɑ k ɑ kː u	0
prinssi	p r i n sː i	42
prinssinakki	p r i n sː i n ɑ kː i	0
printti	p r i n tː i	2
prioriteettijono	p r i o r i t eː tː i j o n o	1
prismapinta	p r i s m ɑ p i n t ɑ	0
prismasauva	p r i s m ɑ s ɑ u̯ ʋ ɑ	0
prismatoidi	p r i s m ɑ t o i̯ d i	0
prismoidi	p r i s m o i̯ d i	0
professori	p r o f e sː o r i	1517
profossi	p r o f o sː i	0
proge	p r o ɡ e	2
progesteroni	p r o ɡ e s t e r o n i	2
prognoosi	p r o ɡ n oː s i	0
projektisykli	p r o j e k t i s y k l i	0
proktologi	p r o k t o l o ɡ i	0
prokura	p r o k u r ɑ	0
prokuraattori	p r o k u r ɑː tː o r i	2
prokuristi	p r o k u r i s t i	3
prokuura	p r o k uː r ɑ	0
proliferatiivinen	p r o l i f e r ɑ t iː ʋ i n e n	2
prolyyli	p r o l yː l i	0
pronaatio	p r o n ɑː t i o	0
proosateksti	p r oː s ɑ t e k s t i	0
propaani	p r o p ɑː n i	2
propaganda	p r o p ɑ ɡ ɑ n d ɑ	0
propagandatarkoitus	p r o p ɑ ɡ ɑ n d ɑ t ɑ r k o i̯ t u s	0
propositiologiikka	p r o p o s i t i o l o ɡ iː kː ɑ	0
propuska	p r oː p u s k ɑ	0
proseduraalinen	p r o s e d u r ɑː l i n e n	0
prosenttiarvo	p r o s e n tː i ɑ r ʋ o	0
prosenttikerroin	p r o s e n tː i k e rː o i̯ n	0
prosenttipiste	p r o s e n tː i p i s t eˣ	2
prosessi	p r o s e sː i	436
prosessimalli	p r o s e sː i m ɑ lː i	4
prosessiväri	p r o s e sː i ʋ æ r i	0
prosessointiviive	p r o s e sː o i̯ n t i ʋ iː ʋ e	0
prospekti	p r o s p e k t i	0
prostituutio	p r o s t i t uː t i o	20
proteettinen	p r o t eː tː i n e n	2
proteiinikinaasi	p r o t e i̯ː n i k i n ɑː s i	1
proteiinipatukka	p r o t e i̯ː n i p ɑ t u kː ɑ	0
proteiinisynteesi	p r o t e i̯ː n i s y n t eː s i	1
proteomi	p r o t e o m i	0
protium	p r o t i u m	0
proto	p r o t o	5
protokolla	p r o t o k o lː ɑ	26
protokollapino	p r o t o k o lː ɑ p i n o	0
protolysoituminen	p r o t o l y s o i̯ t u m i n e n	0
protolyysi	p r o t o l yː s i	0
protoni	p r o t o n i	1
protonipumppu	p r o t o n i p u m pː u	0
provenienssi	p r o ʋ e n i e n sː i	0
provosoitua	p r o ʋ o s o i̯ t u ɑˣ	1
pruutta	p r uː tː ɑ	0
prässirauta	p r æ sː i r ɑ u̯ t ɑ	0
prätkä	p r æ t k æ	0
prötti	p r ø tː i	0
psammiitti	p s ɑ mː iː tː i	0
psammiittinen	p s ɑ mː iː tː i n e n	0
pseudepigrafi	p s e u̯ d e p i ɡ r ɑ f i	0
pseudoinverssi	p s e u̯ d o i n ʋ e r sː i	0
pseudokoodi	p s e u̯ d o k oː d i	0
pseudovektori	p s e u̯ d o ʋ e k t o r i	0
psii	p s iː	0
psoriasis	p s o r i ɑ s i s	12
psykiatri	p s y k i ɑ t r i	24
psykiatria	p s y k i ɑ t r i ɑ	15
psykobiologi	p s y k o b i o l o ɡ i	0
psykofysiologi	p s y k o f y s i o l o ɡ i	0
psykolingvistinen	p s y k o l i ŋ ʋ i s t i n e n	0
psykoosi	p s y k oː s i	4
psykopatologi	p s y k o p ɑ t o l o ɡ i	0
psykrofiili	p s y k r o f iː l i	0
psykrofiilinen	p s y k r o f iː l i n e n	0
psyyke	p s yː k e	14
psyyke	p s yː k eˣ	14
ptruu	p t r uː	0
pudasjärveläinen	p u d ɑ s j æ r ʋ e l æ i̯ n e n	2
pudasjärvi	p u d ɑ s j æ r ʋ i	7
pudota	p u d o t ɑˣ	42
pudotussondi	p u d o t u s s o n d i	0
pudotusvasara	p u d o t u s ʋ ɑ s ɑ r ɑ	0
pueskella	p u e s k e lː ɑˣ	0
puhahtaa	p u h ɑ h t ɑːˣ	0
puhallin	p u h ɑ lː i n	21
puhallusilma	p u h ɑ lː u s i l m ɑ	2
puhalluslamppu	p u h ɑ lː u s l ɑ m pː u	0
puhdas	p u h d ɑ s	265
puhdaskielinen	p u h d ɑ s k i e̯ l i n e n	0
puhdaskielisyys	p u h d ɑ s k i e̯ l i s yː s	0
puhde	p u h d e	0
puhdistajarapu	p u h d i s t ɑ j ɑ r ɑ p u	0
puhdistaminen	p u h d i s t ɑ m i n e n	34
puhdistautuminen	p u h d i s t ɑ u t u m i n e n	2
puhdistusharja	p u h d i s t u s h ɑ r j ɑ	0
puhdistusjauhe	p u h d i s t u s j ɑ u̯ h eˣ	0
puhdistusmenot	p u h d i s t u s m e n o t	0
puhe	p u h eˣ	200
puheanalyysi	p u h eˣ ɑ n ɑ l yː s i	0
puheenjohtaja	p u h eː n j o h t ɑ j ɑ	2444
puheentunnistus	p u h eː n t u nː i s t u s	6
puheenvuoro	p u h eː n ʋ u o̯ r o	64
puheilla	p u h e i̯ lː ɑ	11
puheille	p u h e i̯ lː eˣ	27
puheilta	p u h e i̯ l t ɑ	1
puhekela	p u h eˣ k e l ɑ	1
puhekeskus	p u h eˣ k e s k u s	0
puhekone	p u h eˣ k o n eˣ	0
puhekorpus	p u h eˣ k o r p u s	0
puheli	p u h e l i	1
puhelin	p u h e l i n	729
puhelinkeskus	p u h e l i n k e s k u s	9
puhelinkone	p u h e l i n k o n eˣ	2
puhelinluettelo	p u h e l i n l u e tː e l o	20
puhelinnumero	p u h e l i n n u m e r o	157
puhelinsoitto	p u h e l i n s o i̯ tː o	9
puhelintekniikka	p u h e l i n t e k n iː kː ɑ	1
puhelinuutiset	p u h e l i n uː t i s e t	0
puhelinvaihde	p u h e l i n ʋ ɑ i̯ h d eˣ	13
puhelinvastaaja	p u h e l i n ʋ ɑ s t ɑː j ɑ	4
puhella	p u h e lː ɑˣ	1
puhelu	p u h e l u	57
puhelukortti	p u h e l u k o r tː i	0
puhemies	p u h eˣ m i e̯ s	65
puheopettaja	p u h eˣ o p e tː ɑ j ɑ	2
puhetekniikka	p u h eˣ t e k n iː kː ɑ	0
puhevalta	p u h eˣ ʋ ɑ l i t ɑ	9
puhevammainen	p u h eˣ ʋ ɑ mː ɑ i̯ n e n	0
puhevika	p u h eˣ ʋ i k ɑ	0
puhevälit	p u h eˣ ʋ æ l i t	0
puhjeta	p u h j e t ɑˣ	7
puhkaiseminen	p u h k ɑ i̯ s e m i n e n	3
puhkeilla	p u h k e i̯ lː ɑˣ	0
puhkia	p u h k i ɑˣ	0
puhkoa	p u h k o ɑˣ	1
puhkuri	p u h k u r i	1
puhletti	p u h l e tː i	0
puhtaaksileikkaus	p u h t ɑː k s i l e i̯ kː ɑ u s	0
puhtaanapito	p u h t ɑː n ɑ p i t o	21
puhu	p u h uˣ	137
puhua	p u h u ɑˣ	745
puhujantunnistus	p u h u j ɑ n t u nː i s t u s	0
puhuminen	p u h u m i n e n	84
puhuri	p u h u r i	3
puhuroida	p u h u r o i̯ d ɑˣ	0
puhutteleva	p u h u tː e l e ʋ ɑ	6
puhuttelutapa	p u h u tː e l u t ɑ p ɑ	0
puhvelihärkä	p u h ʋ e l i h æ r k æ	0
puhvetti	p u h ʋ e tː i	1
puida	p u i̯ d ɑˣ	4
puijaaminen	p u i̯ j ɑː m i n e n	0
puikahtaa	p u i̯ k ɑ h t ɑːˣ	0
puikea	p u i̯ k e ɑ	0
puikelo	p u i̯ k e l o	0
puikkari	p u i̯ kː ɑ r i	1
puikko	p u i̯ kː o	8
puikula	p u i̯ k u l ɑ	4
puintihäkki	p u i̯ n t i h æ kː i	0
puintiväline	p u i̯ n t i ʋ æ l i n eˣ	0
puisevasti	p u i̯ s e ʋ ɑ s t iˣ	0
puisto	p u i̯ s t o	128
puistoalue	p u i̯ s t o ɑ l u eˣ	29
puistokemisti	p u i̯ s t o k e m i s t i	0
puistotie	p u i̯ s t o t i e̯	6
puit	p u i̯ t	0
puiteohjelma	p u i̯ t eˣ o h j e l m ɑ	8
puitetalous	p u i̯ t eˣ t ɑ l o u s	0
pujahtaa	p u j ɑ h t ɑːˣ	6
pujoparta	p u j o p ɑ r t ɑ	0
pujottautua	p u j o tː ɑ u t u ɑˣ	0
pujottua	p u j o tː u ɑˣ	0
pujotuspuikko	p u j o t u s p u i̯ kː o	0
pukahtaa	p u k ɑ h t ɑːˣ	2
pukari	p u k ɑ r i	2
pukata	p u k ɑ t ɑˣ	3
pukea	p u k e ɑˣ	25
pukeet	p u k eː t	0
pukeutua	p u k e u t u ɑˣ	31
pukinjuuri	p u k i n j uː r i	0
pukittaa	p u k i tː ɑːˣ	0
pukkailla	p u kː ɑ i̯ lː ɑˣ	0
pukki	p u kː i	29
pukkila	p u kː i l ɑ	19
pukkilainen	p u kː i l ɑ i̯ n e n	0
pukkilalainen	p u kː i l ɑ l ɑ i̯ n e n	0
pukkinosturi	p u kː i n o s t u r i	0
puksprööti	p u k s p r øː t i	0
puku	p u k u	49
pukujuhla	p u k u j u h l ɑ	0
pukukoru	p u k u k o r u	0
pukuraha	p u k u r ɑ h ɑ	0
pulakausi	p u l ɑ k ɑ u̯ s i	3
pulauttaa	p u l ɑ u tː ɑːˣ	0
puli	p u l i	2
pulista	p u l i s t ɑˣ	0
pulittaa	p u l i tː ɑːˣ	3
pulituuri	p u l i t uː r i	0
puliveivata	p u l i ʋ e i̯ ʋ ɑ t ɑˣ	0
pulkka	p u l kː ɑ	6
pulkkinen	p u l kː i n e n	105
pulla	p u lː ɑ	15
pullakahvi	p u lː ɑ k ɑ h ʋ i	0
pullakko	p u lː ɑ kː o	0
pullamössö	p u lː ɑ m ø sː ø	0
pullamössösukupolvi	p u lː ɑ m ø sː ø s u k u p o l ʋ i	0
pullauttaa	p u lː ɑ u tː ɑːˣ	1
pullea	p u lː e ɑ	8
pulleasti	p u lː e ɑ s t iˣ	0
pulleus	p u lː e u s	0
pulloharja	p u lː o h ɑ r j ɑ	1
pulloittain	p u lː o i̯ tː ɑ i̯ n	0
pullolaiva	p u lː o l ɑ i̯ ʋ ɑ	0
pullolleen	p u lː o lː eː n	1
pullolääke	p u lː o l æː k eˣ	0
pullomaito	p u lː o m ɑ i̯ t o	0
pullonkaulailmiö	p u lː o n k ɑ u̯ l ɑ i l m i ø	0
pullonkorkki	p u lː o n k o r kː i	1
pullonpalautus	p u lː o n p ɑ l ɑ u t u s	0
pullonpalautusautomaatti	p u lː o n p ɑ l ɑ u t u s ɑ u t o m ɑː tː i	1
pullonpalautuskone	p u lː o n p ɑ l ɑ u t u s k o n eˣ	0
pullonpohjalasi	p u lː o n p o h j ɑ l ɑ s i	0
pullopersepaviaani	p u lː o p e r s eˣ p ɑ ʋ i ɑː n i	0
pullottaa	p u lː o tː ɑːˣ	4
pullotunkki	p u lː o t u ŋ kː i	0
pullulaani	p u lː u l ɑː n i	0
pulma	p u l m ɑ	28
pulmapeli	p u l m ɑ p e l i	0
pulpa	p u l p ɑ	0
pulpahdella	p u l p ɑ h d e lː ɑˣ	0
pulpperi	p u l pː e r i	0
pulppuilla	p u l pː u i̯ lː ɑˣ	0
pulsari	p u l s ɑ r i	1
pulskasti	p u l s k ɑ s t iˣ	0
pulskistua	p u l s k i s t u ɑˣ	0
pultinkanta	p u l t i n k ɑ n t ɑ	0
pultinreikä	p u l t i n r e i̯ k æ	0
pultittaa	p u l t i tː ɑːˣ	0
pulttikiinnitys	p u l tː i k iː nː i t y s	0
pulttipistooli	p u l tː i p i s t oː l i	0
pulu	p u l u	2
pulveroitua	p u l ʋ e r o i̯ t u ɑˣ	0
pumi	p u m i	1
pumppu	p u m pː u	76
pumppuhuone	p u m pː u h u o̯ n eˣ	0
pumppukaivo	p u m pː u k ɑ i̯ ʋ o	0
pumppuventtiili	p u m pː u ʋ e n tː iː l i	0
pumppuvoimalaitos	p u m pː u ʋ o i̯ m ɑ l ɑ i̯ t o s	0
pumpulinkevyt	p u m p u l i n k e ʋ y t	0
pumpulinpehmeä	p u m p u l i n p e h m e æ	0
puna	p u n ɑ	5
punahonka	p u n ɑ h o ŋ k ɑ	0
punainen	p u n ɑ i̯ n e n	412
punajuurikeitto	p u n ɑ j uː r i k e i̯ tː o	1
punajuuripihvi	p u n ɑ j uː r i p i h ʋ i	0
punakaali	p u n ɑ k ɑː l i	0
punakoitua	p u n ɑ k o i̯ t u ɑˣ	0
punalevä	p u n ɑ l e ʋ æ	0
punamultahauta	p u n ɑ m u l t ɑ h ɑ u̯ t ɑ	0
punamultamaali	p u n ɑ m u l t ɑ m ɑː l i	1
punapaita	p u n ɑ p ɑ i̯ t ɑ	0
punapapu	p u n ɑ p ɑ p u	0
punapeippi	p u n ɑ p e i̯ pː i	0
punaposkinen	p u n ɑ p o s k i n e n	1
punapuu	p u n ɑ p uː	0
punasipuli	p u n ɑ s i p u l i	0
punasleipä	p u n ɑ s l e i̯ p æ	0
punatakki	p u n ɑ t ɑ kː i	0
punatiili	p u n ɑ t iː l i	1
punaviherkupla	p u n ɑ ʋ i h e r k u p l ɑ	0
punavihervärisokea	p u n ɑ ʋ i h e r ʋ æ r i s o k e ɑ	0
punavihreä	p u n ɑ ʋ i h r e æ	5
punerruttaa	p u n e rː u tː ɑːˣ	0
punerva	p u n e r ʋ ɑ	0
punkalaidun	p u ŋ k ɑ l ɑ i̯ d u n	4
punkalaitumelainen	p u ŋ k ɑ l ɑ i̯ t u m e l ɑ i̯ n e n	1
punkki	p u ŋ kː i	8
punkkipihdit	p u ŋ kː i p i h d i t	0
punkteerata	p u ŋ k t eː r ɑ t ɑˣ	0
punnita	p u nː i t ɑˣ	27
punoa	p u n o ɑˣ	0
punontatyö	p u n o n t ɑ t y ø̯	0
punos	p u n o s	6
punssi	p u n sː i	0
punta	p u n t ɑ	10
puntarpää	p u n t ɑ r p æː	0
puntti	p u n tː i	3
puohde	p u o̯ h d eˣ	0
puola	p u o̯ l ɑ	53
puolalaismies	p u o̯ l ɑ l ɑ i̯ s m i e̯ s	0
puolalaisnainen	p u o̯ l ɑ l ɑ i̯ s n ɑ i̯ n e n	0
puolanka	p u o̯ l ɑ ŋ k ɑ	4
puolankalainen	p u o̯ l ɑ ŋ k ɑ l ɑ i̯ n e n	0
puolapuu	p u o̯ l ɑ p uː	0
puoleettomuus	p u o̯ l eː tː o m uː s	0
puolesta	p u o̯ l e s t ɑ	1758
puoli	p u o̯ l i	941
puoliaalto	p u o̯ l i ɑː l t o	0
puoliaavikko	p u o̯ l i ɑː ʋ i kː o	0
puolialaston	p u o̯ l i ɑ l ɑ s t o n	0
puoliapina	p u o̯ l i ɑ p i n ɑ	0
puoliavoin	p u o̯ l i ɑ ʋ o i̯ n	2
puolihorroksiin	p u o̯ l i h o rː o k s iː n	0
puolihorroksissa	p u o̯ l i h o rː o k s i sː ɑ	0
puolihorroksista	p u o̯ l i h o rː o k s i s t ɑ	0
puoliintumisaika	p u o̯ l iː n t u m i s ɑ i̯ k ɑ	29
puolijohde	p u o̯ l i j o h d eˣ	2
puolijohdelevy	p u o̯ l i j o h d eˣ l e ʋ y	0
puolijohdetekniikka	p u o̯ l i j o h d eˣ t e k n iː kː ɑ	0
puolijumala	p u o̯ l i j u m ɑ l ɑ	0
puolijuoksua	p u o̯ l i j u o̯ k s u ɑ	3
puolijänteinen	p u o̯ l i j æ n t e i̯ n e n	0
puolikaari	p u o̯ l i k ɑː r i	0
puolikalvoinen	p u o̯ l i k ɑ l ʋ o i̯ n e n	0
puolikko	p u o̯ l i kː o	0
puolikostea	p u o̯ l i k o s t e ɑ	0
puolikova	p u o̯ l i k o ʋ ɑ	3
puolikuiva	p u o̯ l i k u i̯ ʋ ɑ	5
puolikupoli	p u o̯ l i k u p o l i	0
puolikuuro	p u o̯ l i k uː r o	0
puolikypsä	p u o̯ l i k y p s æ	0
puolilainausmerkki	p u o̯ l i l ɑ i̯ n ɑ u s m e r kː i	0
puolillaan	p u o̯ l i lː ɑː n	5
puolilleen	p u o̯ l i lː eː n	6
puoliloinen	p u o̯ l i l o i̯ n e n	0
puolimalli	p u o̯ l i m ɑ lː i	0
puolimmainen	p u o̯ l i mː ɑ i̯ n e n	0
puolimäessä	p u o̯ l i m æ e sː æ	0
puolimäestä	p u o̯ l i m æ e s t æ	0
puolimäkeen	p u o̯ l i m æ k eː n	0
puolinainen	p u o̯ l i n ɑ i̯ n e n	1
puolinaisesti	p u o̯ l i n ɑ i̯ s e s t iˣ	2
puoliperävaunuyhdistelmä	p u o̯ l i p e r æ ʋ ɑ u̯ n u y h d i s t e l m æ	0
puolipiiri	p u o̯ l i p iː r i	0
puolipilvinen	p u o̯ l i p i l ʋ i n e n	2
puolipiste	p u o̯ l i p i s t eˣ	3
puolipolveen	p u o̯ l i p o l ʋ eː n	0
puolipukeissa	p u o̯ l i p u k e i̯ sː ɑ	1
puolipukeissaan	p u o̯ l i p u k e i̯ sː ɑː n	0
puolipylväs	p u o̯ l i p y l ʋ æ s	0
puolipäivätyö	p u o̯ l i p æ i̯ ʋ æ t y ø̯	1
puolireaktio	p u o̯ l i r e ɑ k t i o	0
puolireidessä	p u o̯ l i r e i̯ d e sː æ	0
puolireiteen	p u o̯ l i r e i̯ t eː n	1
puolirengas	p u o̯ l i r e ŋː ɑ s	0
puoliryijy	p u o̯ l i r y i̯ j y	0
puoliselkään	p u o̯ l i s e l k æː n	0
puoliselässä	p u o̯ l i s e l æ sː æ	0
puolisen	p u o̯ l i s e n	70
puolisenkymmentä	p u o̯ l i s e n k y mː e n t æ	2
puolisensataa	p u o̯ l i s e n s ɑ t ɑː	0
puolisentoista	p u o̯ l i s e n t o i̯ s t ɑ	10
puolisentoistasataa	p u o̯ l i s e n t o i̯ s t ɑ s ɑ t ɑː	1
puolisisarukset	p u o̯ l i s i s ɑ r u k s e t	0
puoliso	p u o̯ l i s o	242
puolisukeltaja	p u o̯ l i s u k e l t ɑ j ɑ	0
puolisummain	p u o̯ l i s u mː ɑ i̯ n	0
puolisuora	p u o̯ l i s u o̯ r ɑ	0
puolisuppea	p u o̯ l i s u pː e ɑ	0
puolisuunnikassääntö	p u o̯ l i s uː nː i k ɑ s s æː n t ø	0
puolisävelaskel	p u o̯ l i s æ ʋ e l ɑ s k e l	0
puolisääreen	p u o̯ l i s æː r eː n	1
puolisääressä	p u o̯ l i s æː r e sː æ	0
puolitakki	p u o̯ l i t ɑ kː i	0
puolitalveen	p u o̯ l i t ɑ l ʋ eː n	0
puolitalvessa	p u o̯ l i t ɑ l ʋ e sː ɑ	0
puolitalvesta	p u o̯ l i t ɑ l ʋ e s t ɑ	0
puolitaso	p u o̯ l i t ɑ s o	0
puolitauko	p u o̯ l i t ɑ u̯ k o	0
puolitiehen	p u o̯ l i t i e̯ h e n	20
puolitiessä	p u o̯ l i t i e̯ sː æ	3
puolitiestä	p u o̯ l i t i e̯ s t æ	0
puolitse	p u o̯ l i t s eˣ	0
puolittainen	p u o̯ l i tː ɑ i̯ n e n	2
puolituoppi	p u o̯ l i t u o̯ pː i	0
puolitushaku	p u o̯ l i t u s h ɑ k u	0
puolitusmenetelmä	p u o̯ l i t u s m e n e t e l m æ	0
puoliuneen	p u o̯ l i u n eː n	0
puolivahingossa	p u o̯ l i ʋ ɑ h i ŋː o sː ɑ	4
puolivaiheilla	p u o̯ l i ʋ ɑ i̯ h e i̯ lː ɑ	0
puolivaiheille	p u o̯ l i ʋ ɑ i̯ h e i̯ lː eˣ	0
puolivalmis	p u o̯ l i ʋ ɑ l m i s	3
puolivalmiste	p u o̯ l i ʋ ɑ l m i s t eˣ	1
puolivarjo	p u o̯ l i ʋ ɑ r j o	1
puoliverho	p u o̯ l i ʋ e r h o	0
puolivillaisesti	p u o̯ l i ʋ i lː ɑ i̯ s e s t iˣ	0
puolivilli	p u o̯ l i ʋ i lː i	0
puolivuotiskausi	p u o̯ l i ʋ u o̯ t i s k ɑ u̯ s i	1
puoliväljä	p u o̯ l i ʋ æ l j æ	0
puoliympyrä	p u o̯ l i y m p y r æ	0
puolla	p u o̯ lː ɑ	22
puoltaa	p u o̯ l t ɑː	193
puoltaa	p u o̯ l t ɑːˣ	193
puoltaminen	p u o̯ l t ɑ m i n e n	3
puolue	p u o̯ l u eˣ	139
puolueittain	p u o̯ l u e i̯ tː ɑ i̯ n	4
puoluekokousedustaja	p u o̯ l u eˣ k o k o u s e d u s t ɑ j ɑ	0
puoluelainen	p u o̯ l u e l ɑ i̯ n e n	0
puoluepolitiikka	p u o̯ l u eˣ p o l i t iː kː ɑ	2
puolueraja	p u o̯ l u eˣ r ɑ j ɑ	0
puoluevirkailija	p u o̯ l u eˣ ʋ i r k ɑ i̯ l i j ɑ	1
puolueväki	p u o̯ l u eˣ ʋ æ k i	0
puolukka	p u o̯ l u kː ɑ	13
puolukkahillo	p u o̯ l u kː ɑ h i lː o	0
puolukkatyyppi	p u o̯ l u kː ɑ t yː pː i	0
puolustaminen	p u o̯ l u s t ɑ m i n e n	40
puolustuksellisesti	p u o̯ l u s t u k s e lː i s e s t iˣ	1
puolustusasema	p u o̯ l u s t u s ɑ s e m ɑ	6
puolustusjärjestö	p u o̯ l u s t u s j æ r j e s t ø	0
puolustuskomitea	p u o̯ l u s t u s k o m i t e ɑ	1
puolustusmenot	p u o̯ l u s t u s m e n o t	3
puomi	p u o̯ m i	18
puomittaa	p u o̯ m i tː ɑːˣ	0
puoshaka	p u o̯ s h ɑ k ɑ	0
puosu	p u o̯ s u	0
puppeli	p u pː e l i	0
pupu	p u p u	17
puputtaa	p u p u tː ɑːˣ	0
purasruoho	p u r ɑ s r u o̯ h o	0
pureksia	p u r e k s i ɑˣ	0
pureskella	p u r e s k e lː ɑˣ	7
pureutua	p u r e u t u ɑˣ	15
puristaminen	p u r i s t ɑ m i n e n	3
puriste	p u r i s t eˣ	0
puristeinen	p u r i s t e i̯ n e n	0
puristeisesti	p u r i s t e i̯ s e s t iˣ	0
puristelasi	p u r i s t eˣ l ɑ s i	0
puristella	p u r i s t e lː ɑˣ	5
puristemehu	p u r i s t eˣ m e h u	0
puristinosa	p u r i s t i n o s ɑ	0
puristisesti	p u r i s t i s e s t iˣ	0
puristusliitos	p u r i s t u s l iː t o s	0
puristuslujuus	p u r i s t u s l u j uː s	5
puristuspaine	p u r i s t u s p ɑ i̯ n eˣ	1
puristussovitus	p u r i s t u s s o ʋ i t u s	0
puristustela	p u r i s t u s t e l ɑ	0
puristusventtiili	p u r i s t u s ʋ e n tː iː l i	0
puristusvoima	p u r i s t u s ʋ o i̯ m ɑ	8
puritaanisesti	p u r i t ɑː n i s e s t iˣ	0
purje	p u r j eˣ	12
purjeala	p u r j eˣ ɑ l ɑ	0
purjeenteko	p u r j eː n t e k o	0
purjehdus	p u r j e h d u s	29
purjehdussää	p u r j e h d u s s æː	0
purjehtia	p u r j e h t i ɑˣ	10
purjelaiva	p u r j eˣ l ɑ i̯ ʋ ɑ	7
purjelento	p u r j eˣ l e n t o	2
purjelotja	p u r j eˣ l o t j ɑ	0
purjeneula	p u r j eˣ n e u̯ l ɑ	0
purjevene	p u r j eˣ ʋ e n eˣ	7
purjo	p u r j o	3
purkaa	p u r k ɑː	301
purkaa	p u r k ɑːˣ	301
purkaja	p u r k ɑ j ɑ	2
purkamistyö	p u r k ɑ m i s t y ø̯	0
purkauspaikka	p u r k ɑ u s p ɑ i̯ kː ɑ	0
purkaussatama	p u r k ɑ u s s ɑ t ɑ m ɑ	0
purkaustyö	p u r k ɑ u s t y ø̯	0
purkautumistie	p u r k ɑ u t u m i s t i e̯	1
purkinavaaja	p u r k i n ɑ ʋ ɑː j ɑ	1
purkka	p u r kː ɑ	1
purkki	p u r kː i	13
purkukielto	p u r k u k i e̯ l t o	0
purkulaite	p u r k u l ɑ i̯ t eˣ	0
purkulupa	p u r k u l u p ɑ	0
purkusuunnitelma	p u r k u s uː nː i t e l m ɑ	0
purkutyö	p u r k u t y ø̯	3
puronieriä	p u r o n i e̯ r i æ	2
purppura	p u r pː u r ɑ	5
purppurapilvi	p u r pː u r ɑ p i l ʋ i	0
purra	p u rː ɑˣ	13
pursi	p u r s i	2
pursimies	p u r s i m i e̯ s	0
purskahtaa	p u r s k ɑ h t ɑːˣ	3
purske	p u r s k eˣ	0
purskutella	p u r s k u t e lː ɑˣ	1
purskuttaa	p u r s k u tː ɑːˣ	1
pursua	p u r s u ɑˣ	2
pursuilla	p u r s u i̯ lː ɑˣ	0
purtilo	p u r t i l o	1
purtojuuri	p u r t o j uː r i	0
puru	p u r u	1
puruimuri	p u r u i m u r i	0
puruluu	p u r u l uː	0
purupihka	p u r u p i h k ɑ	0
pururata	p u r u r ɑ t ɑ	14
purut	p u r u t	5
purée	p y r eː	0
pusata	p u s ɑ t ɑˣ	0
puseroisillaan	p u s e r o i̯ s i lː ɑː n	0
puseroisilleen	p u s e r o i̯ s i lː eː n	0
pusertautua	p u s e r t ɑ u t u ɑˣ	0
puska	p u s k ɑ	23
puskea	p u s k e ɑˣ	8
puskeutua	p u s k e u t u ɑˣ	0
puskin	p u s k i n	2
puskuriliuos	p u s k u r i l i u̯ o s	0
pusla	p u s l ɑ	1
pussailu	p u sː ɑ i̯ l u	0
pussata	p u sː ɑ t ɑˣ	0
pusseittain	p u sː e i̯ tː ɑ i̯ n	0
pussi	p u sː i	25
pussieläin	p u sː i e l æ i̯ n	0
pussihiha	p u sː i h i h ɑ	0
pussihousut	p u sː i h o u̯ s u t	2
pussihyppyrotta	p u sː i h y pː y r o tː ɑ	0
pussijuoksu	p u sː i j u o̯ k s u	0
pussikalja	p u sː i k ɑ l j ɑ	2
pussikas	p u sː i k ɑ s	0
pussikatu	p u sː i k ɑ t u	0
pussikehrääjä	p u sː i k e h r æː j æ	0
pussikeitto	p u sː i k e i̯ tː o	0
pussikontiainen	p u sː i k o n t i ɑ i̯ n e n	0
pussikärsäpäästäinen	p u sː i k æ r s æ p æː s t æ i̯ n e n	0
pussimaamyyrä	p u sː i m ɑː m yː r æ	0
pussimatti	p u sː i m ɑ tː i	0
pussinperä	p u sː i n p e r æ	1
pussipoimulepakko	p u sː i p o i̯ m u l e p ɑ kː o	0
pussipäästäinen	p u sː i p æː s t æ i̯ n e n	0
pussirotta	p u sː i r o tː ɑ	1
pussitee	p u sː i t eː	1
pussittaa	p u sː i tː ɑːˣ	2
pussitus	p u sː i t u s	0
pussiäyriäinen	p u sː i æ y r i æ i̯ n e n	0
pusu	p u s u	1
pusukala	p u s u k ɑ l ɑ	1
putata	p u t ɑ t ɑˣ	1
putina	p u t i n ɑ	0
putka	p u t k ɑ	4
putkahdella	p u t k ɑ h d e lː ɑˣ	1
putki	p u t k i	92
putkikirves	p u t k i k i r ʋ e s	0
putkilo	p u t k i l o	1
putkilokasvi	p u t k i l o k ɑ s ʋ i	0
putkilukko	p u t k i l u kː o	0
putkimies	p u t k i m i e̯ s	2
putkipihdit	p u t k i p i h d i t	0
putkiremontti	p u t k i r e m o n tː i	1
putkirikko	p u t k i r i kː o	0
putkiruuvipenkki	p u t k i r uː ʋ i p e ŋ kː i	0
putkisilta	p u t k i s i l t ɑ	0
putkisolu	p u t k i s o l u	0
putkitongit	p u t k i t o ŋː i t	0
putkittaa	p u t k i tː ɑːˣ	2
putkityö	p u t k i t y ø̯	0
putoamisaika	p u t o ɑ m i s ɑ i̯ k ɑ	1
putoamiskiihtyvyys	p u t o ɑ m i s k iː h t y ʋ yː s	1
putoamisliike	p u t o ɑ m i s l iː k eˣ	0
putputtaa	p u t p u tː ɑːˣ	0
putteri	p u tː e r i	1
putti	p u tː i	3
puu	p uː	312
puuaine	p uː ɑ i̯ n eˣ	2
puuaines	p uː ɑ i̯ n e s	14
puuastia	p uː ɑ s t i ɑ	0
puucee	p uː s eː	4
puuduksiin	p uː d u k s iː n	1
puuduksissa	p uː d u k s i sː ɑ	0
puuha	p uː h ɑ	2
puuhake	p uː h ɑ k eˣ	0
puuhakkaasti	p uː h ɑ kː ɑː s t iˣ	0
puuhaku	p uː h ɑ k u	0
puuhamaa	p uː h ɑ m ɑː	1
puuhastella	p uː h ɑ s t e lː ɑˣ	3
puuhka	p uː h k ɑ	0
puuhöylä	p uː h ø y̯ l æ	0
puujakso	p uː j ɑ k s o	0
puujauho	p uː j ɑ u̯ h o	0
puujuna	p uː j u n ɑ	0
puukaasu	p uː k ɑː s u	0
puukaupunki	p uː k ɑ u̯ p u ŋ k i	8
puukerros	p uː k e rː o s	3
puukiipijä	p uː k iː p i j æ	2
puukko	p uː kː o	24
puukkohippa	p uː kː o h i pː ɑ	0
puukottaa	p uː k o tː ɑːˣ	2
puukottaja	p uː k o tː ɑ j ɑ	0
puukoulu	p uː k o u̯ l u	8
puulaiva	p uː l ɑ i̯ ʋ ɑ	0
puulajitiede	p uː l ɑ j i t i e̯ d eˣ	0
puulautanen	p uː l ɑ u̯ t ɑ n e n	0
puulelu	p uː l e l u	0
puulevy	p uː l e ʋ y	1
puuliesi	p uː l i e̯ s i	2
puuliima	p uː l iː m ɑ	0
puuliitos	p uː l iː t o s	0
puulla	p uː lː ɑ	39
puulukko	p uː l u kː o	0
puuluokka	p uː l u o̯ kː ɑ	0
puulusikka	p uː l u s i kː ɑ	1
puuma	p uː m ɑ	0
puumala	p uː m ɑ l ɑ	19
puumalainen	p uː m ɑ l ɑ i̯ n e n	20
puumalalainen	p uː m ɑ l ɑ l ɑ i̯ n e n	0
puumerkki	p uː m e r kː i	7
puunaama	p uː n ɑː m ɑ	0
puunaula	p uː n ɑ u̯ l ɑ	0
puuni	p uː n i	0
puunjalostus	p uː n j ɑ l o s t u s	18
puunjalostusteollisuus	p uː n j ɑ l o s t u s t e o lː i s uː s	8
puunjuuri	p uː n j uː r i	0
puunkanto	p uː n k ɑ n t o	0
puunkorjuu	p uː n k o r j uː	11
puunkuori	p uː n k u o̯ r i	2
puunkyllästysaine	p uː n k y lː æ s t y s ɑ i̯ n eˣ	0
puuntyöstö	p uː n t y ø̯ s t ø	0
puupaneeli	p uː p ɑ n eː l i	0
puupelletti	p uː p e lː e tː i	1
puupiirros	p uː p iː rː o s	3
puupino	p uː p i n o	0
puupora	p uː p o r ɑ	0
puupöly	p uː p ø l y	1
puurakenne	p uː r ɑ k e nː eˣ	3
puurakennus	p uː r ɑ k e nː u s	8
puurakentaminen	p uː r ɑ k e n t ɑ m i n e n	8
puuro	p uː r o	16
puurojauho	p uː r o j ɑ u̯ h o	0
puuroriisi	p uː r o r iː s i	0
puurouttaa	p uː r o u tː ɑːˣ	1
puurtaminen	p uː r t ɑ m i n e n	5
puuruuvi	p uː r uː ʋ i	0
puusavanni	p uː s ɑ ʋ ɑ nː i	0
puuseita	p uː s e i̯ t ɑ	0
puusepänlakka	p uː s e p æ n l ɑ kː ɑ	0
puusilta	p uː s i l t ɑ	5
puuska	p uː s k ɑ	4
puuskassa	p uː s k ɑ sː ɑ	0
puuskittain	p uː s k i tː ɑ i̯ n	0
puuskittaisesti	p uː s k i tː ɑ i̯ s e s t iˣ	0
puustavi	p uː s t ɑ ʋ i	0
puutaloalue	p uː t ɑ l o ɑ l u eˣ	2
puutarhakasvi	p uː t ɑ r h ɑ k ɑ s ʋ i	0
puutarhakaupunki	p uː t ɑ r h ɑ k ɑ u̯ p u ŋ k i	1
puutarhakeinu	p uː t ɑ r h ɑ k e i̯ n u	0
puutarhaletku	p uː t ɑ r h ɑ l e t k u	0
puutarhamansikka	p uː t ɑ r h ɑ m ɑ n s i kː ɑ	0
puutarhamulta	p uː t ɑ r h ɑ m u l t ɑ	1
puutarhaneuvos	p uː t ɑ r h ɑ n e u̯ ʋ o s	2
puutarhanviljely	p uː t ɑ r h ɑ n ʋ i l j e l y	1
puutarhapalsta	p uː t ɑ r h ɑ p ɑ l s t ɑ	0
puutarhapöytä	p uː t ɑ r h ɑ p ø y̯ t æ	0
puutarhasakset	p uː t ɑ r h ɑ s ɑ k s e t	0
puutarhasuunnittelu	p uː t ɑ r h ɑ s uː nː i tː e l u	0
puutarhataide	p uː t ɑ r h ɑ t ɑ i̯ d eˣ	1
puutarhatalous	p uː t ɑ r h ɑ t ɑ l o u s	0
puutarhatila	p uː t ɑ r h ɑ t i l ɑ	0
puutarhatuoli	p uː t ɑ r h ɑ t u o̯ l i	0
puutarhatyö	p uː t ɑ r h ɑ t y ø̯	0
puutarhatyökalu	p uː t ɑ r h ɑ t y ø̯ k ɑ l u	0
puutavaramarkkinat	p uː t ɑ ʋ ɑ r ɑ m ɑ r kː i n ɑ t	1
puute	p uː t eˣ	476
puuteollisuus	p uː t e o lː i s uː s	2
puuteri	p uː t e r i	1
puuterisokeri	p uː t e r i s o k e r i	0
puutomaatti	p uː t o m ɑː tː i	0
puuton	p uː t o n	4
puutosoire	p uː t o s o i̯ r eˣ	0
puutostauti	p uː t o s t ɑ u̯ t i	0
puutteellisesti	p uː tː eː lː i s e s t iˣ	54
puuttua	p uː tː u ɑˣ	252
puutua	p uː t u ɑˣ	3
puutuoli	p uː t u o̯ l i	0
puutyökalu	p uː t y ø̯ k ɑ l u	0
puuvarsi	p uː ʋ ɑ r s i	0
puuvasara	p uː ʋ ɑ s ɑ r ɑ	0
puuvene	p uː ʋ e n eˣ	1
puuvilla	p uː ʋ i lː ɑ	28
puuvillansiemenöljy	p uː ʋ i lː ɑ n s i e̯ m e n ø l j y	0
puvunhousut	p u ʋ u n h o u̯ s u t	0
pyhiinvaellus	p y h iː n ʋ ɑ e lː u s	2
pyhimys	p y h i m y s	12
pyhisin	p y h i s i n	3
pyhittäytyä	p y h i tː æ y t y æˣ	0
pyhtää	p y h t æː	7
pyhtääläinen	p y h t æː l æ i̯ n e n	2
pyhä	p y h æ	435
pyhäaamu	p y h æ ɑː m u	0
pyhäinkuva	p y h æ i̯ n k u ʋ ɑ	0
pyhäinkuvakaappi	p y h æ i̯ n k u ʋ ɑ k ɑː pː i	0
pyhäinmiestenpäivä	p y h æ i̯ n m i e̯ s t e n p æ i̯ ʋ æ	0
pyhäinpäivä	p y h æ i̯ n p æ i̯ ʋ æ	2
pyhäisin	p y h æ i̯ s i n	4
pyhäjokelainen	p y h æ j o k e l ɑ i̯ n e n	0
pyhäjoki	p y h æ j o k i	6
pyhäjokinen	p y h æ j o k i n e n	0
pyhäjärveläinen	p y h æ j æ r ʋ e l æ i̯ n e n	0
pyhäjärvi	p y h æ j æ r ʋ i	31
pyhäjärvinen	p y h æ j æ r ʋ i n e n	0
pyhäntä	p y h æ n t æ	7
pyhäntäläinen	p y h æ n t æ l æ i̯ n e n	0
pyhäpukeissaan	p y h æ p u k e i̯ sː ɑː n	0
pyhäranta	p y h æ r ɑ n t ɑ	5
pyhärantalainen	p y h æ r ɑ n t ɑ l ɑ i̯ n e n	0
pyhätyö	p y h æ t y ø̯	0
pyjama	p y j ɑ m ɑ	1
pyjamaisillaan	p y j ɑ m ɑ i̯ s i lː ɑː n	0
pykiä	p y k i æ	0
pykiä	p y k i æˣ	0
pyknometri	p y k n o m e t r i	0
pykälikkö	p y k æ l i kː ø	1
pykälittäin	p y k æ l i tː æ i̯ n	2
pykällys	p y k æ lː y s	0
pykälä	p y k æ l æ	85
pykäläpuu	p y k æ l æ p uː	0
pykätä	p y k æ t æˣ	3
pyllistellä	p y lː i s t e lː æˣ	0
pyllähtää	p y lː æ h t æːˣ	0
pylläyttää	p y lː æ y tː æːˣ	0
pylväsjärjestelmä	p y l ʋ æ s j æ r j e s t e l m æ	1
pylväskaappi	p y l ʋ æ s k ɑː pː i	0
pylväskuvio	p y l ʋ æ s k u ʋ i o	1
pylväskäytävä	p y l ʋ æ s k æ y̯ t æ ʋ æ	1
pylväsporakone	p y l ʋ æ s p o r ɑ k o n eˣ	0
pylvässali	p y l ʋ æ s s ɑ l i	0
pyntätä	p y n t æ t æˣ	0
pyranometri	p y r ɑ n o m e t r i	2
pyreneittenkoira	p y r e n e i̯ tː e n k o i̯ r ɑ	0
pyrheliometri	p y r h e l i o m e t r i	0
pyristellä	p y r i s t e lː æˣ	1
pyrkiä	p y r k i æˣ	424
pyrofylliitti	p y r o f y lː iː tː i	0
pyroklastinen	p y r o k l ɑ s t i n e n	0
pyrokseniitti	p y r o k s e n iː tː i	0
pyromorfiitti	p y r o m o r f iː tː i	0
pyrooppi	p y r oː pː i	0
pyrskiä	p y r s k i æˣ	0
pyrskähdellä	p y r s k æ h d e lː æˣ	0
pyrskähtää	p y r s k æ h t æːˣ	0
pyruvaldehydi	p y r u ʋ ɑ l d e h y d i	0
pyry	p y r y	20
pyryilma	p y r y i l m ɑ	0
pyrytellä	p y r y t e lː æˣ	0
pyryttyä	p y r y tː y æˣ	0
pyrähdellä	p y r æ h d e lː æˣ	0
pyssy	p y sː y	5
pyssyttää	p y sː y tː æːˣ	0
pysty	p y s t y	692
pysty	p y s t yˣ	692
pystyerottelu	p y s t y e r o tː e l u	0
pystyillä	p y s t y i̯ lː æˣ	0
pystykomponentti	p y s t y k o m p o n e n tː i	0
pystylaudoitus	p y s t y l ɑ u̯ d o i̯ t u s	0
pystypiano	p y s t y p i ɑ n o	0
pystyraitainen	p y s t y r ɑ i̯ t ɑ i̯ n e n	0
pystyrukki	p y s t y r u kː i	0
pystysauma	p y s t y s ɑ u̯ m ɑ	1
pystystä	p y s t y s t æ	2
pystysuorasti	p y s t y s u o̯ r ɑ s t iˣ	1
pystysuunta	p y s t y s uː n t ɑ	1
pystytellä	p y s t y t e lː æˣ	1
pystytuki	p y s t y t u k i	0
pystyvektori	p y s t y ʋ e k t o r i	0
pystyviiva	p y s t y ʋ iː ʋ ɑ	2
pystö	p y s t ø	1
pysyttäytyä	p y s y tː æ y t y æˣ	4
pysyttää	p y s y tː æːˣ	7
pysyväisesti	p y s y ʋ æ i̯ s e s t iˣ	2
pysyä	p y s y æˣ	242
pysähdellä	p y s æ h d e lː æˣ	1
pysähtymisongelma	p y s æ h t y m i s o ŋː e l m ɑ	0
pysähtää	p y s æ h t æːˣ	0
pysäköimisalue	p y s æ k ø i̯ m i s ɑ l u eˣ	0
pysäköintikiekko	p y s æ k ø i̯ n t i k i e̯ kː o	2
pysäköintiruutu	p y s æ k ø i̯ n t i r uː t u	0
pysäytyskoukku	p y s æ y t y s k o u̯ kː u	0
pysäytyskuva	p y s æ y t y s k u ʋ ɑ	2
pyterliitti	p y t e r l iː tː i	0
pythagoras	p y t ɑ ɡ o r ɑ s	2
pytinki	p y t i ŋ k i	5
pytonkäärme	p y t o n k æː r m eˣ	0
pytonkäärme	p yː tː o n k æː r m eˣ	0
pyttyillä	p y tː y i̯ lː æˣ	0
pytyttää	p y t y tː æːˣ	0
pyy	p yː	16
pyydystellä	p yː d y s t e lː æˣ	0
pyydystää	p yː d y s t æːˣ	15
pyyhkiä	p yː h k i æˣ	19
pyyhkäistä	p yː h k æ i̯ s t æˣ	7
pyyhkäisy	p yː h k æ i̯ s y	1
pyykinpesuaine	p yː k i n p e s u ɑ i̯ n eˣ	0
pyykittää	p yː k i tː æːˣ	0
pyykki	p yː kː i	13
pyykkikaappi	p yː kː i k ɑː pː i	0
pyykkikarttu	p yː kː i k ɑ r tː u	0
pyykkipoika	p yː kː i p o i̯ k ɑ	0
pyykkääminen	p yː kː æː m i n e n	0
pyyntialue	p yː n t i ɑ l u eˣ	0
pyyntielinkeino	p yː n t i e l i n k e i̯ n o	0
pyyntikausi	p yː n t i k ɑ u̯ s i	1
pyyntikuoppa	p yː n t i k u o̯ pː ɑ	0
pyyntilonkero	p yː n t i l o ŋ k e r o	0
pyyntipaikka	p yː n t i p ɑ i̯ kː ɑ	1
pyyntipäivä	p yː n t i p æ i̯ ʋ æ	0
pyyntiretki	p yː n t i r e t k i	0
pyyntitalous	p yː n t i t ɑ l o u s	1
pyyntitapa	p yː n t i t ɑ p ɑ	1
pyyntiväline	p yː n t i ʋ æ l i n eˣ	2
pyypilli	p yː p i lː i	0
pyyteettömästi	p yː t eː tː ø m æ s t iˣ	4
pyytää	p yː t æːˣ	1150
pyökki	p y ø̯ kː i	6
pyöreä	p y ø̯ r e æ	77
pyörijä	p y ø̯ r i j æ	1
pyörimisenergia	p y ø̯ r i m i s e n e r ɡ i ɑ	0
pyörimisnopeus	p y ø̯ r i m i s n o p e u s	9
pyörimissuunta	p y ø̯ r i m i s s uː n t ɑ	3
pyöriskellä	p y ø̯ r i s k e lː æˣ	0
pyöristyskone	p y ø̯ r i s t y s k o n eˣ	0
pyöristyssäde	p y ø̯ r i s t y s s æ d eˣ	0
pyöristysvirhe	p y ø̯ r i s t y s ʋ i r h eˣ	0
pyöriä	p y ø̯ r i æ	58
pyöriä	p y ø̯ r i æˣ	58
pyöriö	p y ø̯ r i ø	0
pyörryksiin	p y ø̯ rː y k s iː n	0
pyörryksissä	p y ø̯ rː y k s i sː æ	0
pyörryksistä	p y ø̯ rː y k s i s t æ	0
pyörtyillä	p y ø̯ r t y i̯ lː æˣ	0
pyörtyminen	p y ø̯ r t y m i n e n	0
pyörtyä	p y ø̯ r t y æˣ	3
pyörtäminen	p y ø̯ r t æ m i n e n	0
pyörtää	p y ø̯ r t æː	0
pyörtää	p y ø̯ r t æːˣ	0
pyörä	p y ø̯ r æ	83
pyörähdellä	p y ø̯ r æ h d e lː æˣ	0
pyörähdysaika	p y ø̯ r æ h d y s ɑ i̯ k ɑ	3
pyörähdyttää	p y ø̯ r æ h d y tː æːˣ	0
pyöräilyshortsit	p y ø̯ r æ i̯ l y ʃ o r t s i t	0
pyöräilysortsit	p y ø̯ r æ i̯ l y s o r t s i t	0
pyörälle	p y ø̯ r æ lː eˣ	7
pyöränpinna	p y ø̯ r æ n p i nː ɑ	0
pyöräpoliisi	p y ø̯ r æ p o l iː s i	0
pyörätuolicurling	p y ø̯ r æ t u o̯ l i k u r l i ŋ	0
pyörätuolicurling	p y ø̯ r æ t u o̯ l i k øː r l i ŋ	0
pyörätuolikoripallo	p y ø̯ r æ t u o̯ l i k o r i p ɑ lː o	0
pyörätuolimiekkailu	p y ø̯ r æ t u o̯ l i m i e̯ kː ɑ i̯ l u	0
pyörätuolirugby	p y ø̯ r æ t u o̯ l i r u ɡ b y	0
pyörätuolirugby	p y ø̯ r æ t u o̯ l i r ɑ ɡ b i	0
pyörätuolitennis	p y ø̯ r æ t u o̯ l i t e nː i s	0
pyöräytellä	p y ø̯ r æ y t e lː æˣ	0
pyöräyttää	p y ø̯ r æ y tː æːˣ	5
pyörö	p y ø̯ r ø	0
pyöröharja	p y ø̯ r ø h ɑ r j ɑ	0
pyöröhionta	p y ø̯ r ø h i o n t ɑ	0
pyöröhirsi	p y ø̯ r ø h i r s i	3
pyöröikkuna	p y ø̯ r ø i kː u n ɑ	0
pyörökaari	p y ø̯ r ø k ɑː r i	0
pyörönen	p y ø̯ r ø n e n	0
pyöröpaalain	p y ø̯ r ø p ɑː l ɑ i̯ n	1
pyöröpuu	p y ø̯ r ø p uː	0
pyörösaha	p y ø̯ r ø s ɑ h ɑ	0
pyöveli	p y ø̯ ʋ e l i	2
pähkinä	p æ h k i n æ	5
pähkinäinen	p æ h k i n æ i̯ n e n	2
pähkinälehto	p æ h k i n æ l e h t o	0
pähkinänsydän	p æ h k i n æ n s y d æ n	0
pähkinäsakset	p æ h k i n æ s ɑ k s e t	0
pähkinäsuklaa	p æ h k i n æ s u k l ɑː	0
pähkinävoi	p æ h k i n æ ʋ o i̯	0
pähkiä	p æ h k i æˣ	0
pähkylä	p æ ç k y l æ	1
pähkäillä	p æ h k æ i̯ lː æˣ	4
pähkämö	p æ h k æ m ø	0
päihde	p æ i̯ h d eˣ	12
päihdehäiriö	p æ i̯ h d eˣ h æ i̯ r i ø	0
päihdeongelma	p æ i̯ h d eˣ o ŋː e l m ɑ	17
päihdyksiin	p æ i̯ h d y k s iː n	0
päihdyksissä	p æ i̯ h d y k s i sː æ	0
päijänne	p æ i̯ j æ nː eˣ	8
päikkäin	p æ i̯ kː æ i̯ n	0
päikseen	p æ i̯ k s eː n	1
päilyä	p æ i̯ l y æˣ	0
päinsä	p æ i̯ n s æˣ	18
päissään	p æ i̯ sː æː n	2
päistär	p æ i̯ s t æ r	0
päittäin	p æ i̯ tː æ i̯ n	0
päivemmäksi	p æ i̯ ʋ e mː æ k s i	0
päivemmälle	p æ i̯ ʋ e mː æ lː eˣ	0
päivemmällä	p æ i̯ ʋ e mː æ lː æ	0
päivempänä	p æ i̯ ʋ e m p æ n æ	0
päivettyä	p æ i̯ ʋ e tː y æˣ	0
päivettää	p æ i̯ ʋ e tː æːˣ	0
päivi	p æ i̯ ʋ i	483
päivikki	p æ i̯ ʋ i kː i	9
päivikkikasvi	p æ i̯ ʋ i kː i k ɑ s ʋ i	0
päivittyä	p æ i̯ ʋ i tː y æˣ	0
päivittäin	p æ i̯ ʋ i tː æ i̯ n	871
päivittää	p æ i̯ ʋ i tː æːˣ	231
päiviö	p æ i̯ ʋ i ø	13
päivystys	p æ i̯ ʋ y s t y s	78
päivä	p æ i̯ ʋ æ	1609
päiväeläin	p æ i̯ ʋ æ e l æ i̯ n	2
päiväjuna	p æ i̯ ʋ æ j u n ɑ	0
päiväkausi	p æ i̯ ʋ æ k ɑ u̯ s i	0
päiväkirja	p æ i̯ ʋ æ k i r j ɑ	48
päiväkoulu	p æ i̯ ʋ æ k o u̯ l u	1
päivälleen	p æ i̯ ʋ æ lː eː n	8
päivällisaika	p æ i̯ ʋ æ lː i s ɑ i̯ k ɑ	0
päivälliskortti	p æ i̯ ʋ æ lː i s k o r tː i	0
päivälämpötila	p æ i̯ ʋ æ l æ m p ø t i l ɑ	5
päivämatka	p æ i̯ ʋ æ m ɑ t k ɑ	1
päivänkakkara	p æ i̯ ʋ æ n k ɑ kː ɑ r ɑ	2
päivännäkemätön	p æ i̯ ʋ æ n n æ k e m æ t ø n	0
päivänseisaus	p æ i̯ ʋ æ n s e i̯ s ɑ u s	0
päiväntasaaja	p æ i̯ ʋ æ n t ɑ s ɑː j ɑ	1
päiväntasaus	p æ i̯ ʋ æ n t ɑ s ɑ u s	0
päiväpalaveri	p æ i̯ ʋ æ p ɑ l ɑ ʋ e r i	0
päiväpalkka	p æ i̯ ʋ æ p ɑ l kː ɑ	9
päiväpeitto	p æ i̯ ʋ æ p e i̯ tː o	0
päiväperhonen	p æ i̯ ʋ æ p e r h o n e n	0
päiväpetolintu	p æ i̯ ʋ æ p e t o l i n t u	0
päiväpulkka	p æ i̯ ʋ æ p u l kː ɑ	0
päiväsairaala	p æ i̯ ʋ æ s ɑ i̯ r ɑː l ɑ	5
päiväsairaalatoiminta	p æ i̯ ʋ æ s ɑ i̯ r ɑː l ɑ t o i̯ m i n t ɑ	0
päiväseltään	p æ i̯ ʋ æ s e l t æː n	2
päivätanssit	p æ i̯ ʋ æ t ɑ n sː i t	0
päivätyökapula	p æ i̯ ʋ æ t y ø̯ k ɑ p u l ɑ	0
päivätyökeräys	p æ i̯ ʋ æ t y ø̯ k e r æ y s	0
päiväuni	p æ i̯ ʋ æ u n i	2
päiväurakka	p æ i̯ ʋ æ u r ɑ kː ɑ	0
päivävoide	p æ i̯ ʋ æ ʋ o i̯ d eˣ	3
päivää	p æ i̯ ʋ æː	1256
päiväämätön	p æ i̯ ʋ æː m æ t ø n	0
päkiä	p æ k i æ	0
pälkähtää	p æ l k æ h t æːˣ	3
pälkäne	p æ l k æ n eˣ	23
pälkäneläinen	p æ l k æ n e l æ i̯ n e n	1
pällistellä	p æ lː i s t e lː æˣ	0
pälvikalju	p æ l ʋ i k ɑ l j u	1
pälvisokeus	p æ l ʋ i s o k e u s	0
pälvittäin	p æ l ʋ i tː æ i̯ n	0
päläs	p æ l æ s	0
päre	p æ r eˣ	3
pärehöylä	p æ r eˣ h ø y̯ l æ	2
pärekate	p æ r eˣ k ɑ t eˣ	0
pärekatto	p æ r eˣ k ɑ tː o	1
pärepihdit	p æ r eˣ p i h d i t	0
päretuli	p æ r eˣ t u l i	0
päretyö	p æ r eˣ t y ø̯	0
päristin	p æ r i s t i n	0
pärisyttää	p æ r i s y tː æːˣ	0
pärjäillä	p æ r j æ i̯ lː æˣ	0
pärjätä	p æ r j æ t æˣ	45
pärpättää	p æ r p æ tː æːˣ	0
pärskiä	p æ r s k i æˣ	0
pärskytellä	p æ r s k y t e lː æˣ	0
pärskyttää	p æ r s k y tː æːˣ	0
pärskähtää	p æ r s k æ h t æːˣ	1
pärskäjuuri	p æ r s k æ j uː r i	0
pärskäyttää	p æ r s k æ y tː æːˣ	0
pärstäkerroin	p æ r s t æ k e rː o i̯ n	1
pärähtää	p æ r æ h t æːˣ	2
päräyttää	p æ r æ y tː æːˣ	3
pässinpökkimät	p æ sː i n p ø kː i m æ t	0
pätevyyskoe	p æ t e ʋ yː s k o eˣ	1
päteä	p æ t e æˣ	2
pätkittäin	p æ t k i tː æ i̯ n	3
pätkiä	p æ t k i æ	25
pätkiä	p æ t k i æˣ	25
pätkätyöllisyys	p æ t k æ t y ø̯ lː i s yː s	0
pätkätyöläinen	p æ t k æ t y ø̯ l æ i̯ n e n	0
pätsi	p æ t s i	9
pää	p æː	353
pääaihe	p æː ɑ i̯ h eˣ	3
pääakseli	p æː ɑ k s e l i	0
pääanalyytikko	p æː ɑ n ɑ l yː t i kː o	0
pääarvo	p æː ɑ r ʋ o	0
pääateria	p æː ɑ t e r i ɑ	3
päädyitse	p æː d y i̯ t s e	0
päädyittäin	p æː d y i̯ tː æ i̯ n	0
päädytysten	p æː d y t y s t e n	0
päähänpälkähdys	p æː h æ n p æ l k æ h d y s	0
pääideaali	p æː i d e ɑː l i	0
pääideaalirengas	p æː i d e ɑː l i r e ŋː ɑ s	0
pääkallo	p æː k ɑ lː o	3
pääkallokeli	p æː k ɑ lː o k e l i	1
pääkallokiitäjä	p æː k ɑ lː o k iː t æ j æ	0
pääkansi	p æː k ɑ n s i	0
pääkaupunkiseutulainen	p æː k ɑ u̯ p u ŋ k i s e u̯ t u l ɑ i̯ n e n	1
pääkkäin	p æː kː æ i̯ n	0
pääkone	p æː k o n eˣ	0
pääkuva	p æː k u ʋ ɑ	0
pääkvanttiluku	p æː k ʋ ɑ n tː i l u k u	0
pääkytkin	p æː k y t k i n	3
päälaenluu	p æː l ɑ e n l uː	0
päälakiluu	p æː l ɑ k i l uː	0
pääliina	p æː l iː n ɑ	0
päälinja	p æː l i n j ɑ	6
päälista	p æː l i s t ɑ	1
päälle	p æː lː eˣ	1681
päälleajaja	p æː lː eˣ ɑ j ɑ j ɑ	0
päälleajo	p æː lː eˣ ɑ j o	0
päällekirjoitus	p æː lː eˣ k i r j o i̯ t u s	1
päällekkäinen	p æː lː e kː æ i̯ n e n	5
päällemaalaus	p æː lː eˣ m ɑː l ɑ u s	2
päällepainatus	p æː lː eˣ p ɑ i̯ n ɑ t u s	0
päällettäin	p æː lː eˣ tː æ i̯ n	0
päälletysten	p æː lː eˣ t y s t e n	0
päällimmiten	p æː lː i mː i t e n	0
päällitse	p æː lː i t s eˣ	0
päällys	p æː lː y s	4
päällyshiha	p æː lː y s h i h ɑ	0
päällyshousut	p æː lː y s h o u̯ s u t	0
päällyskasvi	p æː lː y s k ɑ s ʋ i	0
päällystakki	p æː lː y s t ɑ kː i	2
päällysvaate	p æː lː y s ʋ ɑː t eˣ	0
päällä	p æː lː æ	1056
päälläseisonta	p æː lː æ s e i̯ s o n t ɑ	1
päältä	p æː l t æ	218
pääluettelo	p æː l u e tː e l o	1
pääluottamusmies	p æː l u o̯ tː ɑ m u s m i e̯ s	37
pääläri	p æː l æ r i	0
päämies	p æː m i e̯ s	30
päämineraali	p æː m i n e r ɑː l i	0
pääministerikausi	p æː m i n i s t e r i k ɑ u̯ s i	0
päämäärä	p æː m æː r æ	158
päämäärättömästi	p æː m æː r æ tː ø m æ s t iˣ	2
päämäärätön	p æː m æː r æ t ø n	0
päänalunen	p æː n ɑ l u n e n	0
päänalus	p æː n ɑ l u s	0
päänaluslauta	p æː n ɑ l u s l ɑ u̯ t ɑ	0
päänalusta	p æː n ɑ l u s t ɑ	0
päänauha	p æː n ɑ u̯ h ɑ	0
päänavaaja	p æː n ɑ ʋ ɑː j ɑ	1
päänkoriste	p æː n k o r i s t eˣ	0
päänmitta	p æː n m i tː ɑ	0
päänmuoto	p æː n m u o̯ t o	0
päänmyötäinen	p æː n m y ø̯ t æ i̯ n e n	0
päännyökähdys	p æː n n y ø̯ k æ h d y s	0
päännyökäytys	p æː n n y ø̯ k æ y t y s	0
päänormaali	p æː n o r m ɑː l i	0
päänpudistus	p æː n p u d i s t u s	0
päänpuoleinen	p æː n p u o̯ l e i̯ n e n	0
päänpuoli	p æː n p u o̯ l i	1
päänpyöritys	p æː n p y ø̯ r i t y s	0
päänsilitys	p æː n s i l i t y s	0
päänsuojain	p æː n s u o̯ j ɑ i̯ n	0
päänsuojus	p æː n s u o̯ j u s	0
päänsärky	p æː n s æ r k y	50
päänsärkylääke	p æː n s æ r k y l æː k eˣ	0
päänsärkypulveri	p æː n s æ r k y p u l ʋ e r i	0
päänsärkytabletti	p æː n s æ r k y t ɑ b l e tː i	0
päänuppi	p æː n u pː i	0
päänvaiva	p æː n ʋ ɑ i̯ ʋ ɑ	2
pääomalaina	p æː o m ɑ l ɑ i̯ n ɑ	10
pääomamarkkinat	p æː o m ɑ m ɑ r kː i n ɑ t	2
pääomasijoittaja	p æː o m ɑ s i j o i̯ tː ɑ j ɑ	9
pääomavaltaistua	p æː o m ɑ ʋ ɑ l t ɑ i̯ s t u ɑˣ	0
pääomittaa	p æː o m i tː ɑːˣ	1
pääpiirteisesti	p æː p iː r t e i̯ s e s t iˣ	0
pääpiirteittäin	p æː p iː r t e i̯ tː æ i̯ n	23
pääpolynomi	p æː p o l y n o m i	0
pääpukari	p æː p u k ɑ r i	0
pääpuoli	p æː p u o̯ l i	1
päärynä	p æː r y n æ	4
päärynäinen	p æː r y n æ i̯ n e n	0
päärynäjäätelö	p æː r y n æ j æː t e l ø	0
päärynälihavuus	p æː r y n æ l i h ɑ ʋ uː s	0
päärynämeloni	p æː r y n ɑ m e l o n i	0
päärynäpallo	p æː r y n æ p ɑ lː o	0
päärynävartalo	p æː r y n æ ʋ ɑ r t ɑ l o	0
pääseminen	p æː s e m i n e n	61
pääsivu	p æː s i ʋ u	26
pääsiäisaamu	p æː s i æ i̯ s ɑː m u	0
pääsiäisaatto	p æː s i æ i̯ s ɑː tː o	0
pääsiäisateria	p æː s i æ i̯ s ɑ t e r i ɑ	0
pääsiäisjuhla	p æː s i æ i̯ s j u h l ɑ	1
pääsiäiskakku	p æː s i æ i̯ s k ɑ kː u	0
pääsiäiskirkko	p æː s i æ i̯ s k i r kː o	0
pääsiäiskokko	p æː s i æ i̯ s k o kː o	1
pääsiäiskoriste	p æː s i æ i̯ s k o r i s t eˣ	0
pääsiäiskortti	p æː s i æ i̯ s k o r tː i	0
pääsiäislammas	p æː s i æ i̯ s l ɑ mː ɑ s	0
pääsiäislauantai	p æː s i æ i̯ s l ɑ u̯ ɑ n t ɑ i̯	2
pääsiäislilja	p æː s i æ i̯ s l i l j ɑ	0
pääsiäisloma	p æː s i æ i̯ s l o m ɑ	3
pääsiäismaanantai	p æː s i æ i̯ s m ɑː n ɑ n t ɑ i̯	2
pääsiäismessu	p æː s i æ i̯ s m e sː u	0
pääsiäisnoita	p æː s i æ i̯ s n o i̯ t ɑ	0
pääsiäispyhä	p æː s i æ i̯ s p y h æ	0
pääsiäispäivä	p æː s i æ i̯ s p æ i̯ ʋ æ	2
pääsiäispöytä	p æː s i æ i̯ s p ø y̯ t æ	0
pääsiäisruoka	p æː s i æ i̯ s r u o̯ k ɑ	0
pääsiäistipu	p æː s i æ i̯ s t i p u	0
pääsiäisviikko	p æː s i æ i̯ s ʋ iː kː o	0
pääsiäisyö	p æː s i æ i̯ s y ø	0
pääsky	p æː s k y	6
päästellä	p æː s t e lː æˣ	2
päästä	p æː s t æ	1745
päästä	p æː s t æˣ	1745
päästäminen	p æː s t æ m i n e n	11
päästävedettävä	p æː s t æ ʋ e d e tː æ ʋ æ	1
päästää	p æː s t æːˣ	131
päästö	p æː s t ø	8
päästökauppa	p æː s t ø k ɑ u̯ pː ɑ	11
päästöoikeus	p æː s t ø o i̯ k e u s	0
päästöskenaario	p æː s t ø s k e n ɑː r i o	0
päästösuunta	p æː s t ø s uː n t ɑ	0
päästövähennysyksikkö	p æː s t ø ʋ æ h e nː y s y k s i kː ø	0
pääsuunnittelija	p æː s uː nː i tː e l i j ɑ	11
pääsylipputulot	p æː s y l i pː u t u l o t	1
pääsylista	p æː s y l i s t ɑ	1
pääsytie	p æː s y t i e̯	1
pääsääntö	p æː s æː n t ø	23
päätarkoitus	p æː t ɑ r k o i̯ t u s	25
päätaulu	p æː t ɑ u̯ l u	0
päätavoite	p æː t ɑ ʋ o i̯ t eˣ	38
pääte	p æː t eˣ	25
päätehakkuu	p æː t eˣ h ɑ kː uː	1
päätellä	p æː t e lː æˣ	230
päätemoreeni	p æː t eˣ m o r eː n i	0
päätepuskin	p æː t eˣ p u s k i n	0
päätesolmu	p æː t eˣ s o l m u	1
päätetyö	p æː t eˣ t y ø̯	1
päätevastus	p æː t eˣ ʋ ɑ s t u s	0
päätteellinen	p æː tː eː lː i n e n	0
päätteetön	p æː tː eː t ø n	0
päätteleminen	p æː tː e l e m i n e n	0
päättymisajankohta	p æː tː y m i s ɑ j ɑ n k o h t ɑ	1
päättymishetki	p æː tː y m i s h e t k i	0
päättymispäivämäärä	p æː tː y m i s p æ i̯ ʋ æ m æː r æ	0
päättyvä	p æː tː y ʋ æ	19
päättyä	p æː tː y æˣ	43
päättäminen	p æː tː æ m i n e n	84
päättäri	p æː tː æ r i	0
päättävästi	p æː tː æ ʋ æ s t iˣ	0
päättää	p æː tː æːˣ	3232
päättötodistus	p æː tː ø t o d i s t u s	10
päätuomari	p æː t u o̯ m ɑ r i	27
päätyraja	p æː t y r ɑ j ɑ	0
päätyyppi	p æː t yː pː i	2
päätyö	p æː t y ø̯	5
päätähti	p æː t æ h t i	2
päätähuimaava	p æː t æ h u i̯ m ɑː ʋ ɑ	1
päätäntäelin	p æː t æ n t æ e l i n	0
päätäntävalta	p æː t æ n t æ ʋ ɑ l t ɑ	11
päätäpahkainen	p æː t æ p ɑ h k ɑ i̯ n e n	0
päätösesitys	p æː t ø s e s i t y s	67
päätösongelma	p æː t ø s o ŋː e l m ɑ	0
päätössanat	p æː t ø s s ɑ n ɑ t	2
päätösviiva	p æː t ø s ʋ iː ʋ ɑ	0
päävamma	p æː ʋ ɑ mː ɑ	1
pääverbi	p æː ʋ e r b i	1
päävirta	p æː ʋ i r t ɑ	1
päävoitto	p æː ʋ o i̯ tː o	14
pöhö	p ø h ø	0
pöhöttää	p ø h ø tː æːˣ	0
pökerryksiin	p ø k e rː y k s iː n	1
pökerryksistä	p ø k e rː y k s i s t æ	0
pökertyä	p ø k e r t y æˣ	0
pökkiä	p ø kː i æˣ	0
pökät	p ø k æ t	1
pökätä	p ø k æ t æˣ	1
pölhö	p ø l h ø	3
pölistä	p ø l i s t æˣ	0
pölkkytuoli	p ø l kː y t u o̯ l i	0
pöllytellä	p ø lː y t e lː æˣ	0
pöllähdellä	p ø lː æ h d e lː æˣ	0
pöllähtää	p ø lː æ h t æːˣ	0
pöllämystynyt	p ø lː æ m y s t y n y t	0
pöllämystyä	p ø lː æ m y s t y æˣ	0
pölläyttää	p ø lː æ y tː æːˣ	0
pöllö	p ø lː ø	12
pöllösti	p ø lː ø s t iˣ	0
pölpöttää	p ø l p ø tː æːˣ	0
pöly	p ø l y	65
pölyharja	p ø l y h ɑ r j ɑ	0
pölyhiukkanen	p ø l y h i u̯ kː ɑ n e n	0
pölyhuisku	p ø l y h u i̯ s k u	0
pölykansi	p ø l y k ɑ n s i	1
pölykasetti	p ø l y k ɑ s e tː i	0
pölykerros	p ø l y k e rː o s	0
pölyliina	p ø l y l iː n ɑ	0
pölymaa	p ø l y m ɑː	0
pölymoppi	p ø l y m o pː i	0
pölynimuri	p ø l y n i m u r i	6
pölynkerääjä	p ø l y n k e r æː j æ	1
pölynpesä	p ø l y n p e s æ	0
pölynpitävä	p ø l y n p i t æ ʋ æ	0
pölynsitomisaine	p ø l y n s i t o m i s ɑ i̯ n eˣ	0
pölypatsas	p ø l y p ɑ t s ɑ s	0
pölypussi	p ø l y p u sː i	1
pölyriepu	p ø l y r i e̯ p u	0
pölyrätti	p ø l y r æ tː i	0
pölysokeri	p ø l y s o k e r i	0
pölysuojaus	p ø l y s u o̯ j ɑ u s	0
pölytiivis	p ø l y t iː ʋ i s	1
pölyttyä	p ø l y tː y æˣ	0
pölyttäjähyönteinen	p ø l y tː æ j æ h y ø̯ n t e i̯ n e n	0
pölytys	p ø l y t y s	4
pölytön	p ø l y t ø n	10
pölyyntyä	p ø l yː n t y æˣ	1
pölyyttää	p ø l yː tː æːˣ	0
pölähdellä	p ø l æ h d e lː æˣ	0
pölähtää	p ø l æ h t æːˣ	3
pöläyttää	p ø l æ y tː æːˣ	0
pömppövatsa	p ø m pː ø ʋ ɑ t s ɑ	0
pömpöllään	p ø m p ø lː æː n	0
pömpöttää	p ø m p ø tː æːˣ	0
pönttö	p ø n tː ø	9
pönttötuoli	p ø n tː ø t u o̯ l i	0
pönäköityä	p ø n æ k ø i̯ t y æˣ	0
pönöttää	p ø n ø tː æːˣ	0
pöpperöinen	p ø pː e r ø i̯ n e n	0
pöpperössä	p ø pː e r ø sː æ	0
pöpöttää	p ø p ø tː æːˣ	0
pörhölle	p ø r h ø lː eˣ	0
pörhölleen	p ø r h ø lː eː n	0
pörhöllä	p ø r h ø lː æ	0
pörhöllään	p ø r h ø lː æː n	0
pörhössä	p ø r h ø sː æ	0
pörhöön	p ø r h øː n	0
pörräillä	p ø rː æ i̯ lː æˣ	0
pörrölle	p ø rː ø lː eˣ	0
pörrölleen	p ø rː ø lː eː n	0
pörröllä	p ø rː ø lː æ	0
pörröllään	p ø rː ø lː æː n	0
pörrössä	p ø rː ø sː æ	0
pörröttyä	p ø rː ø tː y æˣ	0
pörröön	p ø rː øː n	0
pörssiarvo	p ø r sː i ɑ r ʋ o	2
pörssitähti	p ø r sː i t æ h t i	0
pörttei	p ø r tː e i̯	0
pösö	p ø s ø	8
pötki	p ø t k i	0
pötki	p ø t k iˣ	0
pötkölleen	p ø t k ø lː eː n	0
pötköllään	p ø t k ø lː æː n	1
pötsi	p ø t s i	3
pöydänjalka	p ø y̯ d æ n j ɑ l k ɑ	0
pöyhistellä	p ø y̯ h i s t e lː æˣ	0
pöyhistyä	p ø y̯ h i s t y æˣ	0
pöyhiä	p ø y̯ h i æˣ	5
pöyhkeästi	p ø y̯ h k e æ s t iˣ	0
pöyhölle	p ø y̯ h ø lː eˣ	0
pöyhölleen	p ø y̯ h ø lː eː n	0
pöyhöllä	p ø y̯ h ø lː æ	0
pöyhöllään	p ø y̯ h ø lː æː n	0
pöyhöttää	p ø y̯ h ø tː æːˣ	0
pöyristyttää	p ø y̯ r i s t y tː æːˣ	0
pöyristyä	p ø y̯ r i s t y æˣ	0
pöytiintarjoilu	p ø y̯ t iː n t ɑ r j o i̯ l u	1
pöytye	p ø y̯ t y eˣ	0
pöytyri	p ø y̯ t y r i	0
pöytyä	p ø y̯ t y æ	7
pöytyäläinen	p ø y̯ t y æ l æ i̯ n e n	3
pöytä	p ø y̯ t æ	76
pöytähopeat	p ø y̯ t æ h o p e ɑ t	1
pöytäkello	p ø y̯ t æ k e lː o	1
pöytäkone	p ø y̯ t æ k o n eˣ	0
pöytälaatikko	p ø y̯ t æ l ɑː t i kː o	1
pöytäradio	p ø y̯ t æ r ɑ d i o	0
pöytäsirkkeli	p ø y̯ t æ s i r kː e l i	0
pöytätavat	p ø y̯ t æ t ɑ ʋ ɑ t	1
pöytätennispallo	p ø y̯ t æ t e nː i s p ɑ lː o	0
pöytäviini	p ø y̯ t æ ʋ iː n i	0
pöytävitriini	p ø y̯ t æ ʋ i t r iː n i	0
pöytävuori	p ø y̯ t æ ʋ u o̯ r i	0
quebec	k e b e k	3
queensland	k ʋ iː n s l æ n d	1
quisling	k ʋ i s l i ŋː i	1
raadella	r ɑː d e lː ɑˣ	1
raaentaa	r ɑː e n t ɑːˣ	0
raahata	r ɑː h ɑ t ɑ	5
raahe	r ɑː h e	35
raahelainen	r ɑː h e l ɑ i̯ n e n	7
raaistaa	r ɑː i s t ɑːˣ	0
raaja	r ɑː j ɑ	8
raajarikko	r ɑː j ɑ r i kː o	0
raaka	r ɑː k ɑ	39
raakadata	r ɑː k ɑ d ɑ t ɑ	0
raakakivi	r ɑː k ɑ k i ʋ i	1
raakakupari	r ɑː k ɑ k u p ɑ r i	0
raakakäännös	r ɑː k ɑ k æː nː ø s	0
raakamaa	r ɑː k ɑ m ɑː	0
raakamaito	r ɑː k ɑ m ɑ i̯ t o	0
raakamakkara	r ɑː k ɑ m ɑ kː ɑ r ɑ	0
raakapakaste	r ɑː k ɑ p ɑ k ɑ s t eˣ	0
raakapihvi	r ɑː k ɑ p i h ʋ i	0
raakapurje	r ɑː k ɑ p u r j eˣ	0
raakarauta	r ɑː k ɑ r ɑ u̯ t ɑ	0
raakasuklaa	r ɑː k ɑ s u k l ɑː	0
raakateksti	r ɑː k ɑ t e k s t i	0
raakateräs	r ɑː k ɑ t e r æ s	0
raakel	r ɑː k e l	12
raamattu	r ɑː m ɑ tː u	319
raamattutieto	r ɑː m ɑ tː u t i e̯ t o	1
raamatunkäännös	r ɑː m ɑ t u n k æː nː ø s	3
raamatunteksti	r ɑː m ɑ t u n t e k s t i	1
raamisaha	r ɑː m i s ɑ h ɑ	0
raamittaa	r ɑː m i tː ɑːˣ	3
raamiäes	r ɑː m i æ e s	0
raapaista	r ɑː p ɑ i̯ s t ɑˣ	0
raapata	r ɑː p ɑ t ɑˣ	0
raapia	r ɑː p i ɑˣ	6
raapiintua	r ɑː p iː n t u ɑˣ	0
raappia	r ɑː pː i ɑˣ	0
raappiintua	r ɑː pː iː n t u ɑˣ	0
raappiutua	r ɑː pː i u t u ɑˣ	0
raapustaa	r ɑː p u s t ɑːˣ	1
raaputella	r ɑː p u t e lː ɑˣ	0
raaputtaa	r ɑː p u tː ɑːˣ	4
raasepori	r ɑː s e p o r i	1
raaseporilainen	r ɑː s e p o r i l ɑ i̯ n e n	0
raaskia	r ɑː s k i ɑˣ	0
raastaa	r ɑː s t ɑːˣ	2
raastin	r ɑː s t i n	1
raastinrauta	r ɑː s t i n r ɑ u̯ t ɑ	0
raataa	r ɑː t ɑːˣ	4
raataminen	r ɑː t ɑ m i n e n	4
raate	r ɑː t e ʔ	1
raatelujalka	r ɑː t e l u j ɑ l k ɑ	0
raati	r ɑː t i	71
raato	r ɑː t o	3
raatsia	r ɑː t s i ɑˣ	0
raavas	r ɑː ʋ ɑ s	1
raa’asti	r ɑː ʔ ɑ s t iˣ	0
radeerata	r ɑ d eː r ɑ t ɑˣ	0
radikuliitti	r ɑ d i k u l iː tː i	0
radioamatööriasema	r ɑ d i o ɑ m ɑ t øː r i ɑ s e m ɑ	2
radioastronomi	r ɑ d i o ɑ s t r o n o m i	1
radiobiologi	r ɑ d i o b i o l o ɡ i	0
radiohäirintä	r ɑ d i o h æ i̯ r i n t æ	0
radiojodi	r ɑ d i o j o d i	0
radiokasettisoitin	r ɑ d i o k ɑ s e tː i s o i̯ t i n	0
radiologi	r ɑ d i o l o ɡ i	5
radioluotaus	r ɑ d i o l u o̯ t ɑ u s	0
radiolyysi	r ɑ d i o l yː s i	0
radiometri	r ɑ d i o m e t r i	3
radiometrinen	r ɑ d i o m e t r i n e n	2
radiopatologia	r ɑ d i o p ɑ t o l o ɡ i ɑ	0
radiositeetti	r ɑ d i o s i t eː tː i	0
radiosondi	r ɑ d i o s o n d i	0
radiosuuntimislaite	r ɑ d i o s uː n t i m i s l ɑ i̯ t eˣ	0
radiotähti	r ɑ d i o t æ h t i	1
radiouutiset	r ɑ d i o uː t i s e t	0
radon	r ɑː d o n	23
rae	r ɑ eˣ	4
raekuuro	r ɑ eˣ k uː r o	0
raffinoitunut	r ɑ fː i n o i̯ t u n u t	0
raflaava	r ɑ f l ɑː ʋ ɑ	2
raflaavasti	r ɑ f l ɑː ʋ ɑ s t iˣ	0
ragoût	r ɑ ɡ uː	0
raguu	r ɑ ɡ uː	0
raha	r ɑ h ɑ	238
rahahuoli	r ɑ h ɑ h u o̯ l i	0
rahajärjestelmä	r ɑ h ɑ j æ r j e s t e l m æ	0
rahakammio	r ɑ h ɑ k ɑ mː i o	4
rahakanta	r ɑ h ɑ k ɑ n t ɑ	0
rahakirstu	r ɑ h ɑ k i r s t u	0
rahakokoelma	r ɑ h ɑ k o k o e l m ɑ	1
rahakortti	r ɑ h ɑ k o r tː i	0
rahaksimuutto	r ɑ h ɑ k s i m uː tː o	1
rahakukkaro	r ɑ h ɑ k u kː ɑ r o	1
rahalahja	r ɑ h ɑ l ɑ h j ɑ	1
rahalahjoitus	r ɑ h ɑ l ɑ h j o i̯ t u s	0
rahalaina	r ɑ h ɑ l ɑ i̯ n ɑ	0
rahalaitos	r ɑ h ɑ l ɑ i̯ t o s	2
rahaliike	r ɑ h ɑ l iː k eˣ	0
rahaliikenne	r ɑ h ɑ l iː k e nː eˣ	12
rahalipas	r ɑ h ɑ l i p ɑ s	1
rahallisesti	r ɑ h ɑ lː i s e s t iˣ	36
rahaluotto	r ɑ h ɑ l u o̯ tː o	0
rahalähde	r ɑ h ɑ l æ h d eˣ	0
rahalähetys	r ɑ h ɑ l æ h e t y s	1
rahalöytö	r ɑ h ɑ l ø y̯ t ø	0
rahamaailma	r ɑ h ɑ m ɑː i l m ɑ	1
rahamalmi	r ɑ h ɑ m ɑ l m i	0
rahametalli	r ɑ h ɑ m e t ɑ lː i	0
rahaministeri	r ɑ h ɑ m i n i s t e r i	0
rahamuuli	r ɑ h ɑ m uː l i	0
rahamylly	r ɑ h ɑ m y lː y	0
rahamäärä	r ɑ h ɑ m æː r æ	32
rahanahneus	r ɑ h ɑ n ɑ h n e u s	0
rahanarvo	r ɑ h ɑ n ɑ r ʋ o	1
rahanarvoinen	r ɑ h ɑ n ɑ r ʋ o i̯ n e n	1
rahankeräys	r ɑ h ɑ n k e r æ y s	1
rahankierto	r ɑ h ɑ n k i e̯ r t o	1
rahankäyttö	r ɑ h ɑ n k æ y̯ tː ø	7
rahanlajittelukone	r ɑ h ɑ n l ɑ j i tː e l u k o n eˣ	0
rahanlaskukone	r ɑ h ɑ n l ɑ s k u k o n eˣ	0
rahanlähde	r ɑ h ɑ n l æ h d eˣ	0
rahanmeno	r ɑ h ɑ n m e n o	3
rahanpesu	r ɑ h ɑ n p e s u	3
rahanpuute	r ɑ h ɑ n p uː t eˣ	2
rahanreikä	r ɑ h ɑ n r e i̯ k æ	0
rahansäästö	r ɑ h ɑ n s æː s t ø	0
rahantarve	r ɑ h ɑ n t ɑ r ʋ eˣ	2
rahantulo	r ɑ h ɑ n t u l o	1
rahanuudistus	r ɑ h ɑ n uː d i s t u s	0
rahanväärennys	r ɑ h ɑ n ʋ æː r e nː y s	0
rahanväärentäjä	r ɑ h ɑ n ʋ æː r e n t æ j æ	0
rahapaja	r ɑ h ɑ p ɑ j ɑ	7
rahapalkinto	r ɑ h ɑ p ɑ l k i n t o	5
rahapalkka	r ɑ h ɑ p ɑ l kː ɑ	1
rahapalkkio	r ɑ h ɑ p ɑ l kː i o	1
rahapanos	r ɑ h ɑ p ɑ n o s	0
rahapoliittinen	r ɑ h ɑ p o l iː tː i n e n	1
rahapuhelin	r ɑ h ɑ p u h e l i n	0
rahareformi	r ɑ h ɑ r e f o r m i	0
rahareikä	r ɑ h ɑ r e i̯ k æ	2
raharikas	r ɑ h ɑ r i k ɑ s	0
raharuhtinas	r ɑ h ɑ r u h t i n ɑ s	0
rahasampo	r ɑ h ɑ s ɑ m p o	5
rahastaa	r ɑ h ɑ s t ɑːˣ	12
rahastoanti	r ɑ h ɑ s t o ɑ n t i	3
rahastoyhtiö	r ɑ h ɑ s t o y h t i ø	30
rahasumma	r ɑ h ɑ s u mː ɑ	12
rahasuoritus	r ɑ h ɑ s u o̯ r i t u s	1
rahatalletus	r ɑ h ɑ t ɑ lː e t u s	0
rahatalous	r ɑ h ɑ t ɑ l o u s	1
rahatilanne	r ɑ h ɑ t i l ɑ nː eˣ	7
rahatoimi	r ɑ h ɑ t o i̯ m i	3
rahatulo	r ɑ h ɑ t u l o	0
rahauudistus	r ɑ h ɑ uː d i s t u s	0
rahavaikeus	r ɑ h ɑ ʋ ɑ i̯ k e u s	0
rahavalta	r ɑ h ɑ ʋ ɑ l t ɑ	1
rahavarat	r ɑ h ɑ ʋ ɑ r ɑ t	13
rahavirta	r ɑ h ɑ ʋ i r t ɑ	5
rahdinantaja	r ɑ h d i n ɑ n t ɑ j ɑ	0
rahdinkuljettaja	r ɑ h d i n k u l j e tː ɑ j ɑ	7
rahdittaa	r ɑ h d i tː ɑːˣ	0
rahi	r ɑ h i	3
rahistaa	r ɑ h i s t ɑːˣ	0
rahje	r ɑ h j eˣ	0
rahka	r ɑ h k ɑ	5
rahkaneva	r ɑ h k ɑ n e ʋ ɑ	0
rahkapiirakka	r ɑ h k ɑ p iː r ɑ kː ɑ	0
rahkapulla	r ɑ h k ɑ p u lː ɑ	0
rahkaräme	r ɑ h k ɑ r æ m eˣ	0
rahkasammal	r ɑ h k ɑ s ɑ mː ɑ l	1
rahkoittua	r ɑ h k o i̯ tː u ɑˣ	0
rahoittaa	r ɑ h o i̯ tː ɑː	217
rahoittaa	r ɑ h o i̯ tː ɑːˣ	217
rahoitushakemus	r ɑ h o i̯ t u s h ɑ k e m u s	7
rahoitusmahdollisuus	r ɑ h o i̯ t u s m ɑ h d o lː i s uː s	0
rahoitusmatematiikka	r ɑ h o i̯ t u s m ɑ t e m ɑ t iː kː ɑ	0
rahoitusmuoto	r ɑ h o i̯ t u s m u o̯ t o	4
rahoitusneuvos	r ɑ h o i̯ t u s n e u̯ ʋ o s	0
rahoitusosuus	r ɑ h o i̯ t u s o s uː s	48
rahoituspäätös	r ɑ h o i̯ t u s p æː t ø s	5
rahoitussuunnitelma	r ɑ h o i̯ t u s s uː nː i t e l m ɑ	14
rahoitustarkastus	r ɑ h o i̯ t u s t ɑ r k ɑ s t u s	143
rahtaaja	r ɑ h t ɑː j ɑ	2
rahtaussopimus	r ɑ h t ɑ u s s o p i m u s	0
rahti	r ɑ h t i	5
rahtiasema	r ɑ h t i ɑ s e m ɑ	0
rahtijuna	r ɑ h t i j u n ɑ	0
rahtikone	r ɑ h t i k o n eˣ	1
rahtikulut	r ɑ h t i k u l u t	5
rahtitila	r ɑ h t i t i l ɑ	0
rahtityö	r ɑ h t i t y ø̯	0
rahvas	r ɑ h ʋ ɑ s	7
raide	r ɑ i̯ d eˣ	6
raidetaksi	r ɑ i̯ d eˣ t ɑ k s i	0
raidoittaa	r ɑ i̯ d o i̯ tː ɑːˣ	0
raiheinä	r ɑ i̯ h e i̯ n æ	4
raihnaisesti	r ɑ i̯ h n ɑ i̯ s e s t iˣ	0
raija	r ɑ i̯ j ɑ	221
raijata	r ɑ i̯ j ɑ t ɑˣ	0
raikas	r ɑ i̯ k ɑ s	52
raikkaus	r ɑ i̯ kː ɑ u s	3
raikua	r ɑ i̯ k u ɑˣ	0
raila	r ɑ i̯ l ɑ	14
railakkaasti	r ɑ i̯ l ɑ kː ɑː s t iˣ	5
raili	r ɑ i̯ l i	118
railoilla	r ɑ i̯ l o i̯ lː ɑˣ	0
raimo	r ɑ i̯ m o	498
rainata	r ɑ i̯ n ɑ t ɑˣ	0
raine	r ɑ i̯ n e	12
raine	r ɑ i̯ n eˣ	12
raino	r ɑ i̯ n o	6
raippa	r ɑ i̯ pː ɑ	0
rairuoho	r ɑ i̯ r u o̯ h o	0
raisa	r ɑ i̯ s ɑ	19
raisio	r ɑ i̯ s i o	49
raisiolainen	r ɑ i̯ s i o l ɑ i̯ n e n	5
raiskaaja	r ɑ i̯ s k ɑː j ɑ	1
raiskata	r ɑ i̯ s k ɑ t ɑˣ	3
raiskaus	r ɑ i̯ s k ɑ u s	10
raisu	r ɑ i̯ s u	6
raisusti	r ɑ i̯ s u s t iˣ	0
raita	r ɑ i̯ t ɑ	34
raitaa	r ɑ i̯ t ɑː	26
raiteilla	r ɑ i̯ t e i̯ lː ɑˣ	5
raitio	r ɑ i̯ t i o	12
raitiolinja	r ɑ i̯ t i o l i n j ɑ	5
raitiotie	r ɑ i̯ t i o t i e̯	2
raitiovaunukaista	r ɑ i̯ t i o ʋ ɑ u̯ n u k ɑ i̯ s t ɑ	0
raitiovaunuliikenne	r ɑ i̯ t i o ʋ ɑ u̯ n u l iː k e nː eˣ	1
raitis	r ɑ i̯ t i s	26
raitisilma	r ɑ i̯ t i s i l m ɑ	2
raitisilmasuodatin	r ɑ i̯ t i s i l m ɑ s u o̯ d ɑ t i n	2
raitisilmaventtiili	r ɑ i̯ t i s i l m ɑ ʋ e n tː iː l i	0
raitistella	r ɑ i̯ t i s t e lː ɑˣ	0
raitistuminen	r ɑ i̯ t i s t u m i n e n	0
raitti	r ɑ i̯ tː i	15
raittiisti	r ɑ i̯ tː iː s t iˣ	1
raittikylä	r ɑ i̯ tː i k y l æ	0
raittiustyö	r ɑ i̯ tː i u s t y ø̯	3
raivaaja	r ɑ i̯ ʋ ɑː j ɑ	0
raivauttaa	r ɑ i̯ ʋ ɑ u tː ɑːˣ	0
raivautua	r ɑ i̯ ʋ ɑ u t u ɑˣ	0
raivo	r ɑ i̯ ʋ o	11
raivoaminen	r ɑ i̯ ʋ o ɑ m i n e n	1
raivoihinsa	r ɑ i̯ ʋ o i̯ h i n s ɑ	0
raivoisasti	r ɑ i̯ ʋ o i̯ s ɑ s t iˣ	4
raivoissaan	r ɑ i̯ ʋ o i̯ sː ɑː n	5
raivopäinen	r ɑ i̯ ʋ o p æ i̯ n e n	0
raivota	r ɑ i̯ ʋ o t ɑˣ	0
raja	r ɑ j ɑ	342
rajaa	r ɑ j ɑː	202
rajaa	r ɑ j ɑːˣ	202
rajaheitto	r ɑ j ɑ h e i̯ tː o	2
rajajoukko	r ɑ j ɑ j o u̯ kː o	0
rajajoukot	r ɑ j ɑ j o u̯ k o t	0
rajajääkäri	r ɑ j ɑ j æː k æ r i	0
rajakahdennus	r ɑ j ɑ k ɑ h d e nː u s	0
rajakauppa	r ɑ j ɑ k ɑ u̯ pː ɑ	3
rajakkain	r ɑ j ɑ kː ɑ i̯ n	0
rajakkainen	r ɑ j ɑ kː ɑ i̯ n e n	0
rajakulma	r ɑ j ɑ k u l m ɑ	0
rajakytkin	r ɑ j ɑ k y t k i n	1
rajala	r ɑ j ɑ l ɑ	133
rajalinja	r ɑ j ɑ l i n j ɑ	3
rajallinen	r ɑ j ɑ lː i n e n	61
rajallisesti	r ɑ j ɑ lː i s e s t iˣ	15
rajamerkki	r ɑ j ɑ m e r kː i	5
rajanaapuri	r ɑ j ɑ n ɑː p u r i	4
rajanaapurukset	r ɑ j ɑ n ɑː p u r u k s e t	0
rajanhaltija	r ɑ j ɑ n h ɑ l t i j ɑ	0
rajankäynti	r ɑ j ɑ n k æ y̯ n t i	11
rajanopeus	r ɑ j ɑ n o p e u s	1
rajapinta	r ɑ j ɑ p i n t ɑ	28
rajarauha	r ɑ j ɑ r ɑ u̯ h ɑ	0
rajata	r ɑ j ɑ t ɑˣ	124
rajataajuus	r ɑ j ɑ t ɑː j uː s	2
rajatapaus	r ɑ j ɑ t ɑ p ɑ u s	4
rajatarkastus	r ɑ j ɑ t ɑ r k ɑ s t u s	0
rajatarkistus	r ɑ j ɑ t ɑ r k i s t u s	0
rajatieto	r ɑ j ɑ t i e̯ t o	1
rajaton	r ɑ j ɑ t o n	42
rajatuksin	r ɑ j ɑ t u k s i n	0
rajatusten	r ɑ j ɑ t u s t e n	0
rajauskynä	r ɑ j ɑ u s k y n æ	0
rajautua	r ɑ j ɑ u t u ɑˣ	7
rajavartioasema	r ɑ j ɑ ʋ ɑ r t i o ɑ s e m ɑ	2
rajoitin	r ɑ j o i̯ t i n	4
rajoittaa	r ɑ j o i̯ tː ɑːˣ	386
rajoittaminen	r ɑ j o i̯ tː ɑ m i n e n	46
rajoittuma	r ɑ j o i̯ tː u m ɑ	0
rajoitusalue	r ɑ j o i̯ t u s ɑ l u eˣ	0
rajoitusehto	r ɑ j o i̯ t u s e h t o	1
raju	r ɑ j u	74
rajuilma	r ɑ j u i l m ɑ	3
rakas	r ɑ k ɑ s	84
rakastaa	r ɑ k ɑ s t ɑːˣ	165
rakastaminen	r ɑ k ɑ s t ɑ m i n e n	12
rakastan	r ɑ k ɑ s t ɑ n	81
rakasteleminen	r ɑ k ɑ s t e l e m i n e n	0
rakastella	r ɑ k ɑ s t e lː ɑˣ	3
rakastellen	r ɑ k ɑ s t e lː e n	0
rakastelu	r ɑ k ɑ s t e l u	4
rakastua	r ɑ k ɑ s t u ɑˣ	8
rakenne	r ɑ k e nː eˣ	688
rakennebiologia	r ɑ k e nː eˣ b i o l o ɡ i ɑ	1
rakenneisomeria	r ɑ k e nː eˣ i s o m e r i ɑ	0
rakennella	r ɑ k e nː e lː ɑˣ	10
rakennemalli	r ɑ k e nː eˣ m ɑ lː i	1
rakennepiirustus	r ɑ k e nː eˣ p iː r u s t u s	0
rakennesuunnittelu	r ɑ k e nː e sː uː nː i tː e l u	20
rakennetyyppi	r ɑ k e nː eˣ t yː pː i	1
rakennusaine	r ɑ k e nː u s ɑ i̯ n eˣ	3
rakennusautomaatio	r ɑ k e nː u s ɑ u t o m ɑː t i o	5
rakennuselementti	r ɑ k e nː u s e l e m e n tː i	1
rakennusfirma	r ɑ k e nː u s f i r m ɑ	0
rakennushistoriallinen	r ɑ k e nː u s h i s t o r i ɑ lː i n e n	4
rakennusinventointi	r ɑ k e nː u s i n ʋ e n t o i̯ n t i	0
rakennuskaavoitus	r ɑ k e nː u s k ɑː ʋ o i̯ t u s	3
rakennuskanta	r ɑ k e nː u s k ɑ n t ɑ	36
rakennuskate	r ɑ k e nː u s k ɑ t eˣ	0
rakennuskielto	r ɑ k e nː u s k i e̯ l t o	15
rakennuskivi	r ɑ k e nː u s k i ʋ i	0
rakennuskone	r ɑ k e nː u s k o n eˣ	8
rakennuskulttuuri	r ɑ k e nː u s k u l tː uː r i	2
rakennuskustannukset	r ɑ k e nː u s k u s t ɑ nː u k s e t	39
rakennusmies	r ɑ k e nː u s m i e̯ s	2
rakennusmuistomerkki	r ɑ k e nː u s m u i̯ s t o m e r kː i	0
rakennusneuvos	r ɑ k e nː u s n e u̯ ʋ o s	6
rakennusohje	r ɑ k e nː u s o h j eˣ	2
rakennusperinne	r ɑ k e nː u s p e r i nː eˣ	6
rakennusperintö	r ɑ k e nː u s p e r i n t ø	4
rakennuspiirustus	r ɑ k e nː u s p iː r u s t u s	0
rakennuspohja	r ɑ k e nː u s p o h j ɑ	0
rakennusryhmä	r ɑ k e nː u s r y h m æ	9
rakennussarja	r ɑ k e nː u s s ɑ r j ɑ	3
rakennussirkkeli	r ɑ k e nː u s s i r kː e l i	0
rakennussuojelu	r ɑ k e nː u s s u o̯ j e l u	2
rakennussuunnittelu	r ɑ k e nː u s s uː nː i tː e l u	12
rakennustaide	r ɑ k e nː u s t ɑ i̯ d eˣ	6
rakennustaiteellinen	r ɑ k e nː u s t ɑ i̯ t eː lː i n e n	1
rakennustarkastaja	r ɑ k e nː u s t ɑ r k ɑ s t ɑ j ɑ	159
rakennustarkastus	r ɑ k e nː u s t ɑ r k ɑ s t u s	0
rakennustarvike	r ɑ k e nː u s t ɑ r ʋ i k eˣ	1
rakennustekniikka	r ɑ k e nː u s t e k n iː kː ɑ	5
rakennustuote	r ɑ k e nː u s t u o̯ t eˣ	2
rakennustutkimus	r ɑ k e nː u s t u t k i m u s	3
rakennustyömies	r ɑ k e nː u s t y ø̯ m i e̯ s	0
rakennusvalvonta	r ɑ k e nː u s ʋ ɑ l ʋ o n t ɑ	23
rakentaa	r ɑ k e n t ɑːˣ	1506
rakentamismääräys	r ɑ k e n t ɑ m i s m æː r æ y s	3
rakenteellisesti	r ɑ k e n t eː lː i s e s t iˣ	37
rakenteille	r ɑ k e n t e i̯ lː eˣ	21
rakenteinen	r ɑ k e n t e i̯ n e n	5
rakenteisuus	r ɑ k e n t e i̯ s uː s	0
rakettivaihe	r ɑ k e tː i ʋ ɑ i̯ h eˣ	0
raki	r ɑ k i	0
rakka	r ɑ kː ɑ	2
rakkakuoppa	r ɑ kː ɑ k u o̯ pː ɑ	0
rakkari	r ɑ kː ɑ r i	0
rakkaus	r ɑ kː ɑ u s	345
rakkausasiat	r ɑ kː ɑ u s ɑ s i ɑ t	0
rakki	r ɑ kː i	1
rakkikoira	r ɑ kː i k o i̯ r ɑ	1
rakko	r ɑ kː o	1
rakkoilla	r ɑ kː o i̯ lː ɑˣ	0
rakkokivi	r ɑ kː o k i ʋ i	0
rako	r ɑ k o	19
rakosellaan	r ɑ k o s e lː ɑː n	0
rakottua	r ɑ k o tː u ɑˣ	0
rakotuli	r ɑ k o t u l i	0
raksahtaa	r ɑ k s ɑ h t ɑːˣ	0
raksauttaa	r ɑ k s ɑ u tː ɑːˣ	0
rakuuna	r ɑ k uː n ɑ	8
rallatella	r ɑ lː ɑ t e lː ɑˣ	1
rallattaa	r ɑ lː ɑ tː ɑːˣ	0
ralli	r ɑ lː i	33
rallienglanti	r ɑ lː i e ŋ l ɑ n t i	0
rambutani	r ɑ m b u t ɑ n i	0
rami	r ɑ m i	58
ramina	r ɑ m i n ɑ	0
rampa	r ɑ m p ɑ	7
ramppikulma	r ɑ m pː i k u l m ɑ	0
ramppivalot	r ɑ m pː i ʋ ɑ l o t	0
rangaista	r ɑ ŋː ɑ i̯ s t ɑˣ	42
rangaistuspotku	r ɑ ŋː ɑ i̯ s t u s p o t k u	3
rangaistusväline	r ɑ ŋː ɑ i̯ s t u s ʋ æ l i n eˣ	0
ranka	r ɑ ŋ k ɑ	0
rankaista	r ɑ ŋ k ɑ i̯ s t ɑˣ	1
rankaisutapa	r ɑ ŋ k ɑ i̯ s u t ɑ p ɑ	0
rankarakenne	r ɑ ŋ k ɑ r ɑ k e nː eˣ	0
rankasti	r ɑ ŋ k ɑ s t iˣ	18
rankata	r æ ŋ k æ t æˣ	0
rankata	r ɑ ŋ k ɑ t ɑˣ	0
rankinen	r ɑ ŋ k i n e n	3
rankka	r ɑ ŋ kː ɑ	49
rannansiirtyminen	r ɑ nː ɑ n s iː r t y m i n e n	0
ranne	r ɑ nː eˣ	17
rannekanava	r ɑ nː eˣ k ɑ n ɑ ʋ ɑ	1
rannekoru	r ɑ nː eˣ k o r u	0
rannemmaksi	r ɑ nː e mː ɑ k s i	0
rannemmalla	r ɑ nː e mː ɑ lː ɑ	0
rannemmalle	r ɑ nː e mː ɑ lː eˣ	0
rannemmalta	r ɑ nː e mː ɑ l t ɑ	0
rannemmas	r ɑ nː e mː ɑ s	1
rannempaa	r ɑ nː e m p ɑː	0
rannempana	r ɑ nː e m p ɑ n ɑ	0
rannerengas	r ɑ nː eˣ r e ŋː ɑ s	2
rannesuoja	r ɑ nː eˣ s u o̯ j ɑ	0
rannikkoalus	r ɑ nː i kː o ɑ l u s	0
rannikkoasema	r ɑ nː i kː o ɑ s e m ɑ	0
rannikkohöyry	r ɑ nː i kː o h ø y̯ r y	0
rannikkokanava	r ɑ nː i kː o k ɑ n ɑ ʋ ɑ	0
rannikkopuolustus	r ɑ nː i kː o p u o̯ l u s t u s	0
rannikkoyhteisö	r ɑ nː i kː o y h t e i̯ s ø	0
ranska	r ɑ n s k ɑ	199
ranskalaismies	r ɑ n s k ɑ l ɑ i̯ s m i e̯ s	0
ranskalaisnainen	r ɑ n s k ɑ l ɑ i̯ s n ɑ i̯ n e n	0
ranstakka	r ɑ n s t ɑ kː ɑ	0
ransu	r ɑ n s u	1
ranta	r ɑ n t ɑ	147
rantaa	r ɑ n t ɑː	99
rantaelämä	r ɑ n t ɑ e l æ m æ	1
rantahiekka	r ɑ n t ɑ h i e̯ kː ɑ	1
rantahietikko	r ɑ n t ɑ h i e̯ t i kː o	0
rantahotelli	r ɑ n t ɑ h o t e lː i	0
rantakaava	r ɑ n t ɑ k ɑː ʋ ɑ	20
rantakaavoitus	r ɑ n t ɑ k ɑː ʋ o i̯ t u s	1
rantakahvila	r ɑ n t ɑ k ɑ h ʋ i l ɑ	1
rantakaislikko	r ɑ n t ɑ k ɑ i̯ s l i kː o	0
rantakala	r ɑ n t ɑ k ɑ l ɑ	2
rantakallio	r ɑ n t ɑ k ɑ lː i o	3
rantakasvi	r ɑ n t ɑ k ɑ s ʋ i	0
rantakasvillisuus	r ɑ n t ɑ k ɑ s ʋ i lː i s uː s	2
rantakatu	r ɑ n t ɑ k ɑ t u	13
rantakirppu	r ɑ n t ɑ k i r pː u	0
rantakivi	r ɑ n t ɑ k i ʋ i	1
rantakivikko	r ɑ n t ɑ k i ʋ i kː o	0
rantakoivikko	r ɑ n t ɑ k o i̯ ʋ i kː o	0
rantakoivu	r ɑ n t ɑ k o i̯ ʋ u	0
rantala	r ɑ n t ɑ l ɑ	105
rantaleijona	r ɑ n t ɑ l e i̯ j o n ɑ	0
rantaleikki	r ɑ n t ɑ l e i̯ kː i	0
rantalentopallo	r ɑ n t ɑ l e n t o p ɑ lː o	3
rantalintu	r ɑ n t ɑ l i n t u	0
rantaloma	r ɑ n t ɑ l o m ɑ	2
rantamaisema	r ɑ n t ɑ m ɑ i̯ s e m ɑ	0
rantamatalikko	r ɑ n t ɑ m ɑ t ɑ l i kː o	0
rantamerkki	r ɑ n t ɑ m e r kː i	0
rantamuodostuma	r ɑ n t ɑ m u o̯ d o s t u m ɑ	0
rantamuoti	r ɑ n t ɑ m u o̯ t i	0
rantamökki	r ɑ n t ɑ m ø kː i	2
rantanen	r ɑ n t ɑ n e n	126
rantaniitty	r ɑ n t ɑ n iː tː y	6
rantaoikeus	r ɑ n t ɑ o i̯ k e u s	0
rantapalle	r ɑ n t ɑ p ɑ lː eˣ	0
rantapalsta	r ɑ n t ɑ p ɑ l s t ɑ	2
rantapatja	r ɑ n t ɑ p ɑ t j ɑ	0
rantapetäjä	r ɑ n t ɑ p e t æ j æ	0
rantapuku	r ɑ n t ɑ p u k u	0
rantaremmi	r ɑ n t ɑ r e mː i	0
rantarosvo	r ɑ n t ɑ r o s ʋ o	0
rantaruotsalainen	r ɑ n t ɑ r u o̯ t s ɑ l ɑ i̯ n e n	0
rantasalmelainen	r ɑ n t ɑ s ɑ l m e l ɑ i̯ n e n	1
rantasalmi	r ɑ n t ɑ s ɑ l m i	12
rantasappi	r ɑ n t ɑ s ɑ pː i	0
rantatasanko	r ɑ n t ɑ t ɑ s ɑ ŋ k o	0
rantatie	r ɑ n t ɑ t i e̯	36
rantatontti	r ɑ n t ɑ t o n tː i	3
rantatörmä	r ɑ n t ɑ t ø r m æ	3
rantatöyräs	r ɑ n t ɑ t ø y̯ r æ s	0
rantautua	r ɑ n t ɑ u t u ɑˣ	4
rantavahti	r ɑ n t ɑ ʋ ɑ h t i	1
rantavalvoja	r ɑ n t ɑ ʋ ɑ l ʋ o j ɑ	0
rantavesi	r ɑ n t ɑ ʋ e s i	1
rantavyöhyke	r ɑ n t ɑ ʋ y ø̯ h y k eˣ	8
rantayrtti	r ɑ n t ɑ y r tː i	0
rante	r ɑ n t eˣ	0
rantojensuojelu	r ɑ n t o j e n s u o̯ j e l u	0
ranttaliksi	r ɑ n tː ɑ l i k s i	0
ranua	r ɑ n u ɑ	5
ranualainen	r ɑ n u ɑ l ɑ i̯ n e n	0
raollaan	r ɑ o lː ɑː n	14
raolleen	r ɑ o lː eː n	12
raotella	r ɑ o t e lː ɑˣ	0
raottaa	r ɑ o tː ɑːˣ	14
rap	r æ p	20
rap	r ɑ p	20
rapa	r ɑ p ɑ	4
rapakeli	r ɑ p ɑ k e l i	0
rapakivigraniitti	r ɑ p ɑ k i ʋ i ɡ r ɑ n iː tː i	1
rapapalli	r ɑ p ɑ p ɑ lː i	0
raparperi	r ɑ p ɑ r p e r i	0
raparperikeitto	r ɑ p ɑ r p e r i k e i̯ tː o	0
raparperikiisseli	r ɑ p ɑ r p e r i k iː sː e l i	0
raparperipiirakka	r ɑ p ɑ r p e r i p iː r ɑ kː ɑ	0
rapata	r ɑ p ɑ t ɑˣ	0
rapautuma	r ɑ p ɑ u t u m ɑ	0
rapea	r ɑ p e ɑ	3
rapista	r ɑ p i s t ɑˣ	2
rapistella	r ɑ p i s t e lː ɑˣ	0
rapisuttaa	r ɑ p i s u tː ɑːˣ	1
raplata	r ɑ p l ɑ t ɑˣ	0
raportoiminen	r ɑ p o r t o i̯ m i n e n	4
rappauslaasti	r ɑ pː ɑ u s l ɑː s t i	0
rappausverkko	r ɑ pː ɑ u s ʋ e r kː o	1
rappeutua	r ɑ pː e u t u ɑ	3
rappeutumissairaus	r ɑ pː e u t u m i s s ɑ i̯ r ɑ u s	0
rappio	r ɑ pː i o	6
rappioalkoholisti	r ɑ pː i o ɑ l k o h o l i s t i	0
rappioittaa	r ɑ pː i o i̯ tː ɑːˣ	0
rapsahdella	r ɑ p s ɑ h d e lː ɑˣ	0
rapsahtaa	r ɑ p s ɑ h t ɑːˣ	1
rapsauttaa	r ɑ p s ɑ u tː ɑːˣ	1
rapsi	r ɑ p s i	6
rapsikuoriainen	r ɑ p s i k u o̯ r i ɑ i̯ n e n	0
rapsikärsäkäs	r ɑ p s i k æ r s æ k æ s	0
rapsinsiemen	r ɑ p s i n s i e̯ m e n	0
rapsipelto	r ɑ p s i p e l t o	0
rapsiöljy	r ɑ p s i ø l j y	0
rapsutin	r ɑ p s u t i n	0
rapu	r ɑ p u	22
rapueläin	r ɑ p u e l æ i̯ n	0
rapujuhla	r ɑ p u j u h l ɑ	0
rapukanta	r ɑ p u k ɑ n t ɑ	3
rapukeitto	r ɑ p u k e i̯ tː o	0
rapukestit	r ɑ p u k e s t i t	0
rapulokki	r ɑ p u l o kː i	0
rasagiliini	r ɑ s ɑ ɡ i l iː n i	0
rasahdella	r ɑ s ɑ h d e lː ɑˣ	0
rasavilli	r ɑ s ɑ ʋ i lː i	1
rasemisaatio	r ɑ s e m i s ɑː t i o	0
rasia	r ɑ s i ɑ	9
rasioita	r ɑ s i o i̯ t ɑ	6
rasismi	r ɑ s i s m i	37
rasistisesti	r ɑ s i s t i s e s t iˣ	1
rasittaa	r ɑ s i tː ɑːˣ	69
rasitussairaus	r ɑ s i t u s s ɑ i̯ r ɑ u s	0
raskaana	r ɑ s k ɑː n ɑ	115
raskas	r ɑ s k ɑ s	169
raskaslastialus	r ɑ s k ɑ s l ɑ s t i ɑ l u s	0
raskaudenkeskeytys	r ɑ s k ɑ u d e n k e s k e y t y s	5
raskaus	r ɑ s k ɑ u s	67
raskausarpi	r ɑ s k ɑ u s ɑ r p i	0
raskauskoe	r ɑ s k ɑ u s k o eˣ	0
raskauskuukausi	r ɑ s k ɑ u s k uː k ɑ u̯ s i	0
raskausviikko	r ɑ s k ɑ u s ʋ iː kː o	1
raski	r ɑ s k i	6
raskia	r ɑ s k i ɑˣ	0
rastas	r ɑ s t ɑ s	21
rasteri	r ɑ s t e r i	0
rasterikulma	r ɑ s t e r i k u l m ɑ	0
rasterikuva	r ɑ s t e r i k u ʋ ɑ	0
rasteritiheys	r ɑ s t e r i t i h e y s	1
rasti	r ɑ s t i	89
rasti	r ɑ s t iˣ	89
rastuli	r ɑ s t u l i	0
rasva	r ɑ s ʋ ɑ	72
rasvaa	r ɑ s ʋ ɑː	124
rasvaa	r ɑ s ʋ ɑːˣ	124
rasvahiiri	r ɑ s ʋ ɑ h iː r i	0
rasvahäntä	r ɑ s ʋ ɑ h æ n t æ	0
rasvailla	r ɑ s ʋ ɑ i̯ lː ɑˣ	0
rasvakala	r ɑ s ʋ ɑ k ɑ l ɑ	0
rasvakalvo	r ɑ s ʋ ɑ k ɑ l ʋ o	0
rasvakasvain	r ɑ s ʋ ɑ k ɑ s ʋ ɑ i̯ n	0
rasvakattila	r ɑ s ʋ ɑ k ɑ tː i l ɑ	0
rasvakehrääjä	r ɑ s ʋ ɑ k e h r æː j æ	0
rasvakerros	r ɑ s ʋ ɑ k e rː o s	3
rasvakeräymä	r ɑ s ʋ ɑ k e r æ y m æ	0
rasvakiilto	r ɑ s ʋ ɑ k iː l t o	0
rasvakimpale	r ɑ s ʋ ɑ k i m p ɑ l eˣ	0
rasvakoe	r ɑ s ʋ ɑ k o eˣ	0
rasvakoostumus	r ɑ s ʋ ɑ k oː s t u m u s	0
rasvakovetustauti	r ɑ s ʋ ɑ k o ʋ e t u s t ɑ u̯ t i	0
rasvakynä	r ɑ s ʋ ɑ k y n æ	0
rasvaletti	r ɑ s ʋ ɑ l e tː i	0
rasvaliitu	r ɑ s ʋ ɑ l iː t u	0
rasvaliitupiirros	r ɑ s ʋ ɑ l iː t u p iː rː o s	0
rasvaliukoinen	r ɑ s ʋ ɑ l i u̯ k o i̯ n e n	5
rasvaliukoisuus	r ɑ s ʋ ɑ l i u̯ k o i̯ s uː s	0
rasvamuodostuma	r ɑ s ʋ ɑ m u o̯ d o s t u m ɑ	0
rasvamäärä	r ɑ s ʋ ɑ m æː r æ	1
rasvanahka	r ɑ s ʋ ɑ n ɑ h k ɑ	0
rasvapallo	r ɑ s ʋ ɑ p ɑ lː o	0
rasvapalo	r ɑ s ʋ ɑ p ɑ l o	2
rasvapitoisuus	r ɑ s ʋ ɑ p i t o i̯ s uː s	9
rasvapoimu	r ɑ s ʋ ɑ p o i̯ m u	0
rasvaprosentti	r ɑ s ʋ ɑ p r o s e n tː i	8
rasvasekoite	r ɑ s ʋ ɑ s e k o i̯ t eˣ	0
rasvasilli	r ɑ s ʋ ɑ s i lː i	0
rasvasisältö	r ɑ s ʋ ɑ s i s æ l t ø	0
rasvasolukko	r ɑ s ʋ ɑ s o l u kː o	0
rasvasuodatin	r ɑ s ʋ ɑ s u o̯ d ɑ t i n	4
rasvatahra	r ɑ s ʋ ɑ t ɑ h r ɑ	0
rasvoittaa	r ɑ s ʋ o i̯ tː ɑːˣ	0
rata	r ɑ t ɑ	294
ratamestari	r ɑ t ɑ m e s t ɑ r i	14
ratapyörä	r ɑ t ɑ p y ø̯ r æ	0
ratapölkkysieni	r ɑ t ɑ p ø l kː y s i e̯ n i	0
rataresonanssi	r ɑ t ɑ r e s o n ɑ n sː i	0
ratas	r ɑ t ɑ s	5
ratasmylly	r ɑ t ɑ s m y lː y	0
ratasnivel	r ɑ t ɑ s n i ʋ e l	0
rataspakka	r ɑ t ɑ s p ɑ kː ɑ	0
ratautua	r ɑ t ɑ u t u ɑˣ	0
ratavirkailija	r ɑ t ɑ ʋ i r k ɑ i̯ l i j ɑ	0
ratayhteys	r ɑ t ɑ y h t e y s	2
rationaaliluku	r ɑ t i o n ɑː l i l u k u	2
ratkaisu	r ɑ t k ɑ i̯ s u	1252
ratkaisukaava	r ɑ t k ɑ i̯ s u k ɑː ʋ ɑ	0
ratkaisutapa	r ɑ t k ɑ i̯ s u t ɑ p ɑ	2
ratkeama	r ɑ t k e ɑ m ɑ	0
ratkeamattomuus	r ɑ t k e ɑ m ɑ tː o m uː s	0
ratkeilla	r ɑ t k e i̯ lː ɑˣ	0
ratketa	r ɑ t k e t ɑˣ	6
ratsain	r ɑ t s ɑ i̯ n	6
ratsastaa	r ɑ t s ɑ s t ɑːˣ	29
ratsastella	r ɑ t s ɑ s t e lː ɑˣ	0
ratsastuksenopettaja	r ɑ t s ɑ s t u k s e n o p e tː ɑ j ɑ	0
ratsastus	r ɑ t s ɑ s t u s	35
ratsastushousut	r ɑ t s ɑ s t u s h o u̯ s u t	0
ratsastussaapas	r ɑ t s ɑ s t u s s ɑː p ɑ s	0
ratsautua	r ɑ t s ɑ u t u ɑˣ	0
ratsia	r ɑ t s i ɑ	1
ratsu	r ɑ t s u	5
ratsupaikat	r ɑ t s u p ɑ i̯ k ɑ t	1
ratsutila	r ɑ t s u t i l ɑ	10
rattaisto	r ɑ tː ɑ i̯ s t o	0
ratti	r ɑ tː i	6
rattikelkkailu	r ɑ tː i k e l kː ɑ i̯ l u	0
rattoisasti	r ɑ tː o i̯ s ɑ s t iˣ	13
ratustella	r ɑ t u s t e lː ɑˣ	0
raudanjoki	r ɑ u̯ d ɑ n j o k i	3
raudankova	r ɑ u̯ d ɑ n k o ʋ ɑ	1
raudannosto	r ɑ u̯ d ɑ n n o s t o	0
raudanpuute	r ɑ u̯ d ɑ n p uː t eˣ	3
raudanvalmistuspaikka	r ɑ u̯ d ɑ n ʋ ɑ l m i s t u s p ɑ i̯ kː ɑ	0
raudoitus	r ɑ u̯ d o i̯ t u s	5
rauha	r ɑ u̯ h ɑ	167
rauhallinen	r ɑ u̯ h ɑ lː i n e n	197
rauhallisesti	r ɑ u̯ h ɑ lː i s e s t iˣ	148
rauhanaate	r ɑ u̯ h ɑ n ɑː t eˣ	2
rauhanen	r ɑ u̯ h ɑ n e n	15
rauhanenkeli	r ɑ u̯ h ɑ n e ŋ k e l i	1
rauhanhieronta	r ɑ u̯ h ɑ n h i e̯ r o n t ɑ	0
rauhanhäiritsijä	r ɑ u̯ h ɑ n h æ i̯ r i t s i j æ	0
rauhankonferenssi	r ɑ u̯ h ɑ n k o n f e r e n sː i	1
rauhankyyhky	r ɑ u̯ h ɑ n k yː h k y	1
rauhanlippu	r ɑ u̯ h ɑ n l i pː u	0
rauhanmarssi	r ɑ u̯ h ɑ n m ɑ r sː i	1
rauhanomainen	r ɑ u̯ h ɑ n o m ɑ i̯ n e n	8
rauhanpuolustaja	r ɑ u̯ h ɑ n p u o̯ l u s t ɑ j ɑ	0
rauhantahtoinen	r ɑ u̯ h ɑ n t ɑ h t o i̯ n e n	1
rauhantunnustelu	r ɑ u̯ h ɑ n t u nː u s t e l u	0
rauhantyö	r ɑ u̯ h ɑ n t y ø̯	2
rauhassa	r ɑ u̯ h ɑ sː ɑ	302
rauhattomasti	r ɑ u̯ h ɑ tː o m ɑ s t iˣ	2
rauhoittamaton	r ɑ u̯ h o i̯ tː ɑ m ɑ t o n	2
rauhoitusalue	r ɑ u̯ h o i̯ t u s ɑ l u eˣ	3
rauhoituslääke	r ɑ u̯ h o i̯ t u s l æː k eˣ	0
raukea	r ɑ u̯ k e ɑ	1
raukeaminen	r ɑ u̯ k e ɑ m i n e n	6
raukeasti	r ɑ u̯ k e ɑ s t iˣ	1
raukka	r ɑ u̯ kː ɑ	6
raukkamaisesti	r ɑ u̯ kː ɑ m ɑ i̯ s e s t iˣ	1
rauli	r ɑ u̯ l i	33
rauma	r ɑ u̯ m ɑ	68
raumalainen	r ɑ u̯ m ɑ l ɑ i̯ n e n	9
rauna	r ɑ u̯ n ɑ	3
rauni	r ɑ u̯ n i	42
raunikki	r ɑ u̯ n i kː i	0
raunioitua	r ɑ u̯ n i o i̯ t u ɑˣ	0
rauno	r ɑ u̯ n o	157
rauta	r ɑ u̯ t ɑ	57
rautabetoni	r ɑ u̯ t ɑ b e t o n i	0
rautaesirippu	r ɑ u̯ t ɑ e s i r i pː u	1
rautaharkko	r ɑ u̯ t ɑ h ɑ r kː o	0
rautahydroksidi	r ɑ u̯ t ɑ h y d r o k s i d i	0
rautahäkki	r ɑ u̯ t ɑ h æ kː i	0
rautaisesti	r ɑ u̯ t ɑ i̯ s e s t iˣ	0
rautajää	r ɑ u̯ t ɑ j æː	0
rautakauppa	r ɑ u̯ t ɑ k ɑ u̯ pː ɑ	7
rautakautinen	r ɑ u̯ t ɑ k ɑ u̯ t i n e n	12
rautaketju	r ɑ u̯ t ɑ k e t j u	0
rautakiihdytys	r ɑ u̯ t ɑ k iː h d y t y s	0
rautakorko	r ɑ u̯ t ɑ k o r k o	0
rautakoura	r ɑ u̯ t ɑ k o u̯ r ɑ	0
rautalampi	r ɑ u̯ t ɑ l ɑ m p i	13
rautalampilainen	r ɑ u̯ t ɑ l ɑ m p i l ɑ i̯ n e n	0
rautalankamalli	r ɑ u̯ t ɑ l ɑ ŋ k ɑ m ɑ lː i	2
rautalapio	r ɑ u̯ t ɑ l ɑ p i o	0
rautalehti	r ɑ u̯ t ɑ l e h t i	0
rautalääke	r ɑ u̯ t ɑ l æː k eˣ	0
rautametalli	r ɑ u̯ t ɑ m e t ɑ lː i	0
rautamuodostuma	r ɑ u̯ t ɑ m u o̯ d o s t u m ɑ	0
rautanaula	r ɑ u̯ t ɑ n ɑ u̯ l ɑ	0
rautanokkonen	r ɑ u̯ t ɑ n o kː o n e n	0
rautaosasto	r ɑ u̯ t ɑ o s ɑ s t o	0
rautapaita	r ɑ u̯ t ɑ p ɑ i̯ t ɑ	0
rautapannu	r ɑ u̯ t ɑ p ɑ nː u	0
rautapyynti	r ɑ u̯ t ɑ p yː n t i	0
rautarengas	r ɑ u̯ t ɑ r e ŋː ɑ s	0
rautaromu	r ɑ u̯ t ɑ r o m u	0
rautaruukki	r ɑ u̯ t ɑ r uː kː i	43
rautasaostuma	r ɑ u̯ t ɑ s ɑ o s t u m ɑ	0
rautaseos	r ɑ u̯ t ɑ s e o s	0
rautasulatto	r ɑ u̯ t ɑ s u l ɑ tː o	0
rautasänky	r ɑ u̯ t ɑ s æ ŋ k y	0
rautatavara	r ɑ u̯ t ɑ t ɑ ʋ ɑ r ɑ	1
rautatie	r ɑ u̯ t ɑ t i e̯	42
rautatiekalusto	r ɑ u̯ t ɑ t i e̯ k ɑ l u s t o	0
rautatiekartta	r ɑ u̯ t ɑ t i e̯ k ɑ r tː ɑ	0
rautatiekuljetus	r ɑ u̯ t ɑ t i e̯ k u l j e t u s	0
rautatieliikenne	r ɑ u̯ t ɑ t i e̯ l iː k e nː eˣ	7
rautavaara	r ɑ u̯ t ɑ ʋ ɑː r ɑ	24
rautavaaralainen	r ɑ u̯ t ɑ ʋ ɑː r ɑ l ɑ i̯ n e n	0
rautavalimo	r ɑ u̯ t ɑ ʋ ɑ l i m o	0
rautavalmiste	r ɑ u̯ t ɑ ʋ ɑ l m i s t eˣ	0
rautiainen	r ɑ u̯ t i ɑ i̯ n e n	88
rautio	r ɑ u̯ t i o	44
rautjärveläinen	r ɑ u̯ t j æ r ʋ e l æ i̯ n e n	0
rautjärvi	r ɑ u̯ t j æ r ʋ i	9
ravakasti	r ɑ ʋ ɑ k ɑ s t iˣ	0
ravauttaa	r ɑ ʋ ɑ u tː ɑːˣ	1
ravikilpailut	r ɑ ʋ i k i l p ɑ i̯ l u t	1
ravinne	r ɑ ʋ i nː eˣ	10
ravinnerikas	r ɑ ʋ i nː eˣ r i k ɑ s	0
ravinnesuola	r ɑ ʋ i nː eˣ s u o̯ l ɑ	0
ravinnevarat	r ɑ ʋ i nː e ʋ ɑ r ɑ t	1
ravintokasvi	r ɑ ʋ i n t o k ɑ s ʋ i	4
ravintoketju	r ɑ ʋ i n t o k e t j u	2
ravintola	r ɑ ʋ i n t o l ɑ	345
ravintolapanimo	r ɑ ʋ i n t o l ɑ p ɑ n i m o	1
ravintolasali	r ɑ ʋ i n t o l ɑ s ɑ l i	7
ravintorasva	r ɑ ʋ i n t o r ɑ s ʋ ɑ	2
ravintorikas	r ɑ ʋ i n t o r i k ɑ s	0
ravintosuola	r ɑ ʋ i n t o s u o̯ l ɑ	0
ravintotalous	r ɑ ʋ i n t o t ɑ l o u s	0
ravintotottumus	r ɑ ʋ i n t o t o tː u m u s	0
ravintoverkko	r ɑ ʋ i n t o ʋ e r kː o	1
ravintoöljy	r ɑ ʋ i n t o ø l j y	0
ravioli	r ɑ ʋ i o l i	0
ravistaa	r ɑ ʋ i s t ɑːˣ	3
ravistua	r ɑ ʋ i s t u ɑˣ	0
ravistuttaa	r ɑ ʋ i s t u tː ɑːˣ	0
ravit	r ɑ ʋ i t	17
ravita	r ɑ ʋ i t ɑˣ	2
ravitsemisala	r ɑ ʋ i t s e m i s ɑ l ɑ	2
ravitsemuksellinen	r ɑ ʋ i t s e m u k s e lː i n e n	5
ravitsemustiede	r ɑ ʋ i t s e m u s t i e̯ d eˣ	8
ravunkivi	r ɑ ʋ u n k i ʋ i	0
ravunsakset	r ɑ ʋ u n s ɑ k s e t	0
ravunsyötti	r ɑ ʋ u n s y ø̯ tː i	0
reaali	r e ɑː l i	5
reaaliaikainen	r e ɑː l i ɑ i̯ k ɑ i̯ n e n	46
reaaliaine	r e ɑː l i ɑ i̯ n eˣ	1
reaalianalyysi	r e ɑː l i ɑ n ɑ l yː s i	0
reaaliarvo	r e ɑː l i ɑ r ʋ o	5
reaalifunktio	r e ɑː l i f u ŋ k t i o	0
reaalikoe	r e ɑː l i k o eˣ	10
reaalipääoma	r e ɑː l i p æː o m ɑ	0
reaalistua	r e ɑː l i s t u ɑˣ	0
reaktiotapa	r e ɑ k t i o t ɑ p ɑ	3
reaktiovoima	r e ɑ k t i o ʋ o i̯ m ɑ	0
reaktioyhtälö	r e ɑ k t i o y h t æ l ø	3
realistinen	r e ɑ l i s t i n e n	104
realistisesti	r e ɑ l i s t i s e s t iˣ	23
realiteetti	r e ɑ l i t eː tː i	13
rebekka	r e b e kː ɑ	6
redaktio	r e d ɑ k t i o	0
reduktaasi	r e d u k t ɑː s i	0
reeska	r eː s k ɑ	0
reeta	r eː t ɑ	16
reetta	r eː tː ɑ	36
refaktoroida	r e f ɑ k t o r o i̯ d ɑˣ	0
refaktorointi	r e f ɑ k t o r o i̯ n t i	0
referaatti	r e f e r ɑː tː i	15
referatiivinen	r e f e r ɑ t iː ʋ i n e n	0
referatiivirakenne	r e f e r ɑ t iː ʋ i r ɑ k e nː eˣ	0
referee	r e f e r eː	10
referenssijärjestelmä	r e f e r e n sː i j æ r j e s t e l m æ	0
refleksi	r e f l e k s i	2
refleksiivipronomini	r e f l e k s iː ʋ i p r o n o m i n i	0
refleksologi	r e f l e k s o l o ɡ i	0
reflektanssi	r e f l e k t ɑ n sː i	0
reflektorinen	r e f l e k t o r i n e n	0
reflektorisesti	r e f l e k t o r i s e s t iˣ	0
reformi	r e f o r m i	10
regaali	r e ɡ ɑː l i	0
regeneraatio	r e ɡ e n e r ɑː t i o	0
regeneraattori	r e ɡ e n e r ɑː tː o r i	2
reggae	r e ɡ eː	7
regionalismi	r e ɡ i o n ɑ l i s m i	4
regressiofunktio	r e ɡ r e sː i o f u ŋ k t i o	1
regulaattori	r e ɡ u l ɑː tː o r i	0
rehabilitaatio	r e h ɑ b i l i t ɑː t i o	1
rehahtaa	r e h ɑ h t ɑːˣ	0
rehellinen	r e h e lː i n e n	82
rehellisesti	r e h e lː i s e s t i	72
rehevästi	r e h e ʋ æ s t iˣ	0
rehevöityminen	r e h e ʋ ø i̯ t y m i n e n	28
rehevöityä	r e h e ʋ ø i̯ t y æˣ	0
rehto	r e h t o	0
rehtori	r e h t o r i	582
rehtorikausi	r e h t o r i k ɑ u̯ s i	0
rehu	r e h u	50
rehuarvo	r e h u ɑ r ʋ o	1
rehujauho	r e h u j ɑ u̯ h o	0
rehukasvi	r e h u k ɑ s ʋ i	0
rehutorni	r e h u t o r n i	0
rehuvilja	r e h u ʋ i l j ɑ	1
rehvakkaasti	r e h ʋ ɑ kː ɑː s t iˣ	2
reija	r e i̯ jː ɑ	30
reijo	r e i̯ jː o	335
reijonen	r e i̯ jː o n e n	22
reikä	r e i̯ k æ	84
reikäjuusto	r e i̯ k æ j uː s t o	0
reikäkauha	r e i̯ k æ k ɑ u̯ h ɑ	0
reikäkirves	r e i̯ k æ k i r ʋ e s	2
reikäkivi	r e i̯ k æ k i ʋ i	0
reikäkorttikone	r e i̯ k æ k o r tː i k o n eˣ	0
reikänauha	r e i̯ k æ n ɑ u̯ h ɑ	0
reikäpiirilevy	r e i̯ k æ p iː r i l e ʋ y	0
reikätiili	r e i̯ k æ t iː l i	0
reikätuoli	r e i̯ k æ t u o̯ l i	1
reikävanne	r e i̯ k æ ʋ ɑ nː eˣ	0
reilaan	r e i̯ l ɑː n	1
reilassa	r e i̯ l ɑ sː ɑ	7
reilu	r e i̯ l u	157
reima	r e i̯ m ɑ	45
reimari	r e i̯ m ɑ r i	2
reininviini	r e i̯ n i n ʋ iː n i	0
reino	r e i̯ n o	117
reipas	r e i̯ p ɑ s	66
reipastua	r e i̯ p ɑ s t u ɑˣ	1
reippailla	r e i̯ pː ɑ i̯ lː ɑˣ	1
reisi	r e i̯ s i	5
reisjärveläinen	r e i̯ s j æ r ʋ e l æ i̯ n e n	0
reisjärvi	r e i̯ s j æ r ʋ i	8
reisjärvinen	r e i̯ s j æ r ʋ i n e n	0
reissu	r e i̯ sː u	51
reissuvihko	r e i̯ sː u ʋ i h k o	0
reistailla	r e i̯ s t ɑ i̯ lː ɑˣ	2
reistata	r e i̯ s t ɑ t ɑˣ	0
reitti	r e i̯ tː i	283
reittikone	r e i̯ tː i k o n eˣ	0
rei’itin	r e i̯ j i t i n	0
rei’ittää	r e i̯ j i tː æːˣ	0
rei’itys	r e i̯ ʔ i t y s	0
reki	r e k i	6
rekikeli	r e k i k e l i	0
rekipeitto	r e k i p e i̯ tː o	0
rekiryijy	r e k i r y i̯ j y	0
rekisterikilpi	r e k i s t e r i k i l p i	2
rekisterinpitäjä	r e k i s t e r i n p i t æ j æ	13
rekisteriote	r e k i s t e r i o t eˣ	9
rekisteriseloste	r e k i s t e r i s e l o s t eˣ	7
rekisteritunnus	r e k i s t e r i t u nː u s	5
rekisteriviranomainen	r e k i s t e r i ʋ i r ɑ n o m ɑ i̯ n e n	4
rekisteröidä	r e k i s t e r ø i̯ d æˣ	72
rekisteröinti	r e k i s t e r ø i̯ n t i	94
rekka	r e kː ɑ	9
rekkamies	r e kː ɑ m i e̯ s	2
rekkitanko	r e kː i t ɑ ŋ k o	0
rekkopaita	r e kː o p ɑ i̯ t ɑ	0
reklamaatio	r e k l ɑ m ɑː t i o	2
rekola	r e k o l ɑ	17
rekonstruktio	r e k o n s t r u k t i o	6
rekrytoija	r e k r y t o i̯ j ɑ	0
rektaalinen	r e k t ɑː l i n e n	0
rekuperaattori	r e k u p e r ɑː tː o r i	0
rekuperatiivinen	r e k u p e r ɑ t iː ʋ i n e n	0
rekursiokaava	r e k u r s i o k ɑː ʋ ɑ	0
rekvisiitta	r e k ʋ i s iː tː ɑ	7
rekyyli	r e k yː l i	13
rekyylienergia	r e k yː l i e n e r ɡ i ɑ	0
relaatiomalli	r e l ɑː t i o m ɑ lː i	0
relaatiotietokanta	r e l ɑː t i o t i e̯ t o k ɑ n t ɑ	2
relatiivipronomini	r e l ɑ t iː ʋ i p r o n o m i n i	0
relativistinen	r e l ɑ t i ʋ i s t i n e n	3
rele	r e l eˣ	6
relevantti	r e l e ʋ ɑ n tː i	10
remahtaa	r e m ɑ h t ɑːˣ	2
remakasti	r e m ɑ k ɑ s t iˣ	0
remakka	r e m ɑ kː ɑ	0
remanenssi	r e m ɑ n e n sː i	1
remasteroida	r e m ɑ s t e r o i̯ d ɑˣ	0
remeli	r e m e l i	0
remittentti	r e m i tː e n tː i	0
remontteerata	r e m o n tː eː r ɑ t ɑˣ	0
remontti	r e m o n tː i	61
rempallaan	r e m p ɑ lː ɑː n	6
rempalleen	r e m p ɑ lː eː n	0
rempseästi	r e m p s e æ s t iˣ	0
renaturaatio	r e n ɑ t u r ɑː t i o	0
renessanssi	r e n e sː ɑ n sː i	11
renessanssikausi	r e n e sː ɑ n sː i k ɑ u̯ s i	0
rengas	r e ŋː ɑ s	59
rengasalue	r e ŋː ɑ s ɑ l u eˣ	0
rengashaarniska	r e ŋː ɑ s h ɑː r n i s k ɑ	0
rengasholvi	r e ŋː ɑ s h o l ʋ i	0
rengasjärjestelmä	r e ŋː ɑ s j æ r j e s t e l m æ	0
rengaskansio	r e ŋː ɑ s k ɑ n s i o	1
rengaslihas	r e ŋː ɑ s l i h ɑ s	0
rengasmainen	r e ŋː ɑ s m ɑ i̯ n e n	3
rengasmuisti	r e ŋː ɑ s m u i̯ s t i	0
rengasnokkalokki	r e ŋː ɑ s n o kː ɑ l o kː i	0
rengaspaine	r e ŋː ɑ s p ɑ i̯ n eˣ	0
rengaspuskuri	r e ŋː ɑ s p u s k u r i	0
rengasraanu	r e ŋː ɑ s r ɑː n u	0
rengasruoste	r e ŋː ɑ s r u o̯ s t eˣ	0
rengasteoria	r e ŋː ɑ s t e o r i ɑ	0
rengasvalli	r e ŋː ɑ s ʋ ɑ lː i	0
renginkaappi	r e ŋː i n k ɑː pː i	0
reniini	r e n iː n i	3
renkku	r e ŋ kː u	0
renkkusilta	r e ŋ kː u s i l t ɑ	0
renkuttaa	r e ŋ k u tː ɑːˣ	0
rennosti	r e nː o s t i	31
rensseli	r e n sː e l i	0
rento	r e n t o	47
rentous	r e n t o u s	13
rentouttaa	r e n t o u tː ɑːˣ	25
rentoutua	r e n t o u t u ɑˣ	45
rentoutus	r e n t o u t u s	11
renttuilla	r e n tː u i̯ lː ɑˣ	0
rentukka	r e n t u kː ɑ	4
reostaatti	r e o s t ɑː tː i	0
repertoaari	r e p e r t o ɑː r i	0
repeämä	r e p e æ m æ	11
repi	r e p i	13
repiä	r e p i æˣ	24
repliikki	r e p l iː kː i	3
replikaasi	r e p l i k ɑː s i	0
repo	r e p o	44
repolarisaatio	r e p o l ɑ r i s ɑː t i o	0
repostella	r e p o s t e lː ɑˣ	2
reppana	r e pː ɑ n ɑ	4
reppu	r e pː u	32
reppufirma	r e pː u f i r m ɑ	0
reppumatkaaja	r e pː u m ɑ t k ɑː j ɑ	0
reppuri	r e pː u r i	0
representoida	r e p r e s e n t o i̯ d ɑˣ	0
repro	r e p r o	3
reproduktiokuvaus	r e p r o d u k t i o k u ʋ ɑ u s	0
reprokamera	r e p r o k ɑ m e r ɑ	0
reprokuvaus	r e p r o k u ʋ ɑ u s	0
repsahtaa	r e p s ɑ h t ɑːˣ	0
repsottaa	r e p s o tː ɑːˣ	1
reputtaa	r e p u tː ɑːˣ	1
repäisevästi	r e p æ i̯ s e ʋ æ s t iˣ	0
repäisylujuus	r e p æ i̯ s y l u j uː s	0
resensio	r e s e n s i o	0
reseptilääke	r e s e p t i l æː k eˣ	1
reserviupseerikoulu	r e s e r ʋ i u p s eː r i k o u̯ l u	1
residy	r e s i d y	0
resiina	r e s iː n ɑ	0
resiprookkilaki	r e s i p r oː kː i l ɑ k i	0
resiprookkinen	r e s i p r oː kː i n e n	0
resiprookkipronomini	r e s i p r oː kː i p r o n o m i n i	0
resitatiivisesti	r e s i t ɑ t iː ʋ i s e s t iˣ	0
resla	r e s l ɑ	0
reslareki	r e s l ɑ r e k i	0
resonanssitaajuus	r e s o n ɑ n sː i t ɑː j uː s	1
resorboida	r e s o r b o i̯ d ɑˣ	0
resori	r e s o r i	0
responsorinen	r e s p o n s o r i n e n	0
restaurointimaalaus	r e s t ɑ u r o i̯ n t i m ɑː l ɑ u s	0
resupekka	r e s u p e kː ɑ	0
resurssienhallinta	r e s u r sː i e n h ɑ lː i n t ɑ	4
reteästi	r e t e æ s t iˣ	0
retiisi	r e t iː s i	1
retikka	r e t i kː ɑ	0
retina	r e t i n ɑ	0
retkahdella	r e t k ɑ h d e lː ɑˣ	0
retkahtaa	r e t k ɑ h t ɑːˣ	3
retkeilijä	r e t k e i̯ l i j æ	11
retkeilyalue	r e t k e i̯ l y ɑ l u eˣ	20
retkeilypaikka	r e t k e i̯ l y p ɑ i̯ kː ɑ	0
retkeilyvaruste	r e t k e i̯ l y ʋ ɑ r u s t eˣ	0
retki	r e t k i	136
retkijalkineet	r e t k i j ɑ l k i n eː t	0
retkikeitin	r e t k i k e i̯ t i n	1
retkikunta	r e t k i k u n t ɑ	12
retkipatja	r e t k i p ɑ t j ɑ	1
retkipolku	r e t k i p o l k u	0
retkisukset	r e t k i s u k s e t	0
retkiteltta	r e t k i t e l tː ɑ	0
retkituoli	r e t k i t u o̯ l i	0
retkivarusteet	r e t k i ʋ ɑ r u s t eː t	1
retkottaa	r e t k o tː ɑːˣ	0
retkua	r e t k u ɑˣ	0
retliini	r e t l iː n i	0
retostella	r e t o s t e lː ɑˣ	1
retraktio	r e t r ɑ k t i o	0
retrofleksio	r e t r o f l e k s i o	0
retusointi	r e t u s o i̯ n t i	1
retussiruisku	r e t u sː i r u i̯ s k u	0
reuhottaa	r e u̯ h o tː ɑːˣ	0
reumasairaus	r e u̯ m ɑ s ɑ i̯ r ɑ u s	1
reuna	r e u̯ n ɑ	63
reunajyrsin	r e u̯ n ɑ j y r s i n	0
reunakivi	r e u̯ n ɑ k i ʋ i	2
reunalaituri	r e u̯ n ɑ l ɑ i̯ t u r i	0
reunapiste	r e u̯ n ɑ p i s t eˣ	0
reunatapaus	r e u̯ n ɑ t ɑ p ɑ u s	0
reunatiheysfunktio	r e u̯ n ɑ t i h e y s f u ŋ k t i o	0
reunaviiva	r e u̯ n ɑ ʋ iː ʋ ɑ	1
reunavuoret	r e u̯ n ɑ ʋ u o̯ r e t	0
reunavuoristo	r e u̯ n ɑ ʋ u o̯ r i s t o	0
reunemmaksi	r e u̯ n e mː ɑ k s i	0
reunemmalla	r e u̯ n e mː ɑ lː ɑ	0
reunemmalle	r e u̯ n e mː ɑ lː eˣ	0
reunemmalta	r e u̯ n e mː ɑ l t ɑ	0
reunemmas	r e u̯ n e mː ɑ s	0
reunempaa	r e u̯ n e m p ɑː	0
reunempana	r e u̯ n e m p ɑ n ɑ	0
reunimmainen	r e u̯ n i mː ɑ i̯ n e n	0
reunuskivi	r e u̯ n u s k i ʋ i	0
reutoa	r e u̯ t o ɑˣ	0
revi	r e ʋ iˣ	9
revinnäiskirjonta	r e ʋ i nː æ i̯ s k i r j o n t ɑ	0
revinnäistyö	r e ʋ i nː æ i̯ s t y ø̯	0
revisioneuvos	r e ʋ i s i o n e u̯ ʋ o s	1
revitellä	r e ʋ i t e lː æˣ	0
revityttää	r e ʋ i t y tː æːˣ	0
revonsara	r e ʋ o n s ɑ r ɑ	0
revontulet	r e ʋ o n t u l e t	36
revähdys	r e ʋ æ h d y s	1
revähdyttää	r e ʋ æ h d y tː æːˣ	0
reväyttää	r e ʋ æ y tː æːˣ	0
rhoo	r oː	0
rias	r i ɑ s	0
ribonukleotidi	r i b o n u k l e o t i d i	0
riehaannuttaa	r i e̯ h ɑː nː u tː ɑːˣ	0
riehaantua	r i e̯ h ɑː n t u ɑˣ	1
riehua	r i e̯ h u ɑˣ	4
riehuminen	r i e̯ h u m i n e n	1
riekkua	r i e̯ kː u ɑˣ	3
riekkujaiset	r i e̯ kː u j ɑ i̯ s e t	0
riekonsara	r i e̯ k o n s ɑ r ɑ	0
riemastuttaa	r i e̯ m ɑ s t u tː ɑːˣ	1
riemu	r i e̯ m u	30
riemuisasti	r i e̯ m u i̯ s ɑ s t iˣ	0
riemuissaan	r i e̯ m u i̯ sː ɑː n	3
riemukkaat	r i e̯ m u kː ɑː t	4
riemuntunne	r i e̯ m u n t u nː eˣ	0
riemurinnoin	r i e̯ m u r i nː o i̯ n	1
rienata	r i e̯ n ɑ t ɑˣ	1
riesa	r i e̯ s ɑ	12
rieska	r i e̯ s k ɑ	3
rieskamaa	r i e̯ s k ɑ m ɑː	0
rietas	r i e̯ t ɑ s	2
riettaasti	r i e̯ tː ɑː s t iˣ	0
rigorismi	r i ɡ o r i s m i	0
rigoristi	r i ɡ o r i s t i	0
rigoristinen	r i ɡ o r i s t i n e n	0
rigoristisesti	r i ɡ o r i s t i s e s t iˣ	0
rihma	r i h m ɑ	0
rihveli	r i h ʋ e l i	0
rihvelitaulu	r i h ʋ e l i t ɑ u̯ l u	0
riiailla	r iː ɑ i̯ lː ɑˣ	0
riiata	r iː ɑ t ɑˣ	0
riidanaihe	r iː d ɑ n ɑ i̯ h eˣ	1
riidellä	r iː d e lː æˣ	5
riihi	r iː h i	14
riihiharava	r iː h i h ɑ r ɑ ʋ ɑ	0
riihilapio	r iː h i l ɑ p i o	0
riihimäkeläinen	r iː h i m æ k e l æ i̯ n e n	5
riihimäki	r iː h i m æ k i	56
riihipaita	r iː h i p ɑ i̯ t ɑ	0
riihipiha	r iː h i p i h ɑ	0
riihittää	r iː h i tː æːˣ	0
riika	r iː k ɑ	9
riikinkukko	r iː k i n k u kː o	1
riikka	r iː kː ɑ	186
riimittää	r iː m i tː æːˣ	0
riimu	r iː m u	4
riimukalenteri	r iː m u k ɑ l e n t e r i	1
riimunvarsi	r iː m u n ʋ ɑ r s i	0
riimuttaa	r iː m u tː ɑːˣ	0
riimuverkko	r iː m u ʋ e r kː o	0
riina	r iː n ɑ	25
riipaisevasti	r iː p ɑ i̯ s e ʋ ɑ s t iˣ	1
riipalla	r iː p ɑ lː ɑ	0
riipallaan	r iː p ɑ lː ɑː n	0
riipalle	r iː p ɑ lː eˣ	0
riipalleen	r iː p ɑ lː eː n	0
riipiä	r iː p i æˣ	0
riipoa	r iː p o ɑˣ	0
riippakivi	r iː pː ɑ k i ʋ i	1
riippasara	r iː pː ɑ s ɑ r ɑ	1
riippua	r iː pː u ɑˣ	17
riippuen	r iː pː u e n	1184
riippukansio	r iː pː u k ɑ n s i o	0
riippukeinu	r iː pː u k e i̯ n u	0
riippuluomi	r iː pː u l u o̯ m i	1
riippumaton	r iː pː u m ɑ t o n	173
riipputuoli	r iː pː u t u o̯ l i	0
riippuvatsa	r iː pː u ʋ ɑ t s ɑ	0
riippuvuuskaavio	r iː pː u ʋ uː s k ɑː ʋ i o	0
riipuksiin	r iː p u k s iː n	0
riipuksissa	r iː p u k s i sː ɑ	1
riiseittäin	r iː s e i̯ tː æ i̯ n	0
riisi	r iː s i	34
riisihärö	r iː s i h æ r ø	1
riisikakku	r iː s i k ɑ kː u	0
riisikeitin	r iː s i k e i̯ t i n	0
riisikuorukka	r iː s i k u o̯ r u kː ɑ	0
riisilintu	r iː s i l i n t u	0
riisinen	r iː s i n e n	0
riisinjyvä	r iː s i n j y ʋ æ	0
riisipallo	r iː s i p ɑ lː o	0
riisipeippo	r iː s i p e i̯ pː o	0
riisipelto	r iː s i p e l t o	1
riisipiirakka	r iː s i p iː r ɑ kː ɑ	0
riisipiiras	r iː s i p iː r ɑ s	0
riisiposliini	r iː s i p o s l iː n i	0
riisiryyni	r iː s i r yː n i	0
riisisato	r iː s i s ɑ t o	1
riisisuklaa	r iː s i s u k l ɑː	0
riisisuurimo	r iː s i s uː r i m o	0
riisitärkkelys	r iː s i t æ r kː e l y s	0
riisivesi	r iː s i ʋ e s i	1
riista	r iː s t ɑ	12
riistapelto	r iː s t ɑ p e l t o	1
riistapoliisi	r iː s t ɑ p o l iː s i	0
riistatalous	r iː s t ɑ t ɑ l o u s	2
riisto	r iː s t o	6
riistää	r iː s t æːˣ	28
riisua	r iː s u ɑˣ	12
riisuminen	r iː s u m i n e n	4
riisuttaa	r iː s u tː ɑːˣ	0
riisuuntua	r iː s uː n t u ɑˣ	0
riita	r iː t ɑ	44
riitaannuttaa	r iː t ɑː nː u tː ɑːˣ	0
riitaantua	r iː t ɑː n t u ɑˣ	0
riitaisesti	r iː t ɑ i̯ s e s t iˣ	1
riitakapula	r iː t ɑ k ɑ p u l ɑ	0
riitakumppanukset	r iː t ɑ k u m pː ɑ n u k s e t	0
riitapukari	r iː t ɑ p u k ɑ r i	0
riitasointu	r iː t ɑ s o i̯ n t u	2
riitauttaa	r iː t ɑ u tː ɑːˣ	2
riitautua	r iː t ɑ u t u ɑˣ	0
riitta	r iː tː ɑ	549
riitti	r iː tː i	310
riittoisasti	r iː tː o i̯ s ɑ s t iˣ	0
riittämiin	r iː tː æ m iː n	19
riittämättömyydentunne	r iː tː æ m æ tː ø m yː d e n t u nː eˣ	0
riittämättömästi	r iː tː æ m æ tː ø m æ s t iˣ	13
riittämätön	r iː tː æ m æ t ø n	91
riittävyys	r iː tː æ ʋ yː s	71
riittää	r iː tː æː	1380
riittää	r iː tː æːˣ	1380
riiustella	r iː u s t e lː ɑˣ	0
riiuuyöaie	r iː uː y ø ɑ i̯ eˣ	0
riivata	r iː ʋ ɑ t ɑˣ	1
riivatusti	r iː ʋ ɑ t u s t iˣ	0
riivinrauta	r iː ʋ i n r ɑ u̯ t ɑ	0
rikas	r i k ɑ s	80
rikastaa	r i k ɑ s t ɑːˣ	4
rikastaminen	r i k ɑ s t ɑ m i n e n	2
rikastuma	r i k ɑ s t u m ɑ	0
rikastuminen	r i k ɑ s t u m i n e n	1
rikastus	r i k ɑ s t u s	1
rike	r i k eˣ	8
rikinkeltainen	r i k i n k e l t ɑ i̯ n e n	0
rikka	r i kː ɑ	2
rikkaasti	r i kː ɑː s t iˣ	4
rikkalapio	r i kː ɑ l ɑ p i o	0
rikkaruoho	r i kː ɑ r u o̯ h o	4
rikki	r i kː i	122
rikki	r i kː iˣ	122
rikkibakteeri	r i kː i b ɑ k t eː r i	0
rikkihiili	r i kː i h iː l i	3
rikkipäästö	r i kː i p æː s t ø	0
rikkirauta	r i kː i r ɑ u̯ t ɑ	0
rikkisilta	r i kː i s i l t ɑ	0
rikkivety	r i kː i ʋ e t y	2
rikkiyhdiste	r i kː i y h d i s t eˣ	1
rikkoa	r i kː o ɑ	57
rikkoa	r i kː o ɑˣ	57
rikkojaiset	r i kː o j ɑ i̯ s e t	0
rikkomaton	r i kː o m ɑ t o n	5
rikkomus	r i kː o m u s	13
rikkonainen	r i kː o n ɑ i̯ n e n	13
rikkoontua	r i kː oː n t u ɑˣ	3
rikkurityövoima	r i kː u r i t y ø̯ ʋ o i̯ m ɑ	0
rikosepäily	r i k o s e p æ i̯ l y	1
rikosnimike	r i k o s n i m i k eˣ	0
rikostoveri	r i k o s t o ʋ e r i	0
rikostuomioistuin	r i k o s t u o̯ m i o i s t u i̯ n	2
rikostutkinta	r i k o s t u t k i n t ɑ	2
riksahtaa	r i k s ɑ h t ɑːˣ	0
riku	r i k u	94
rillat	r i lː ɑ t	0
rillipäinen	r i lː i p æ i̯ n e n	0
rillutella	r i lː u t e lː ɑˣ	0
rima	r i m ɑ	10
rimalevy	r i m ɑ l e ʋ y	0
rimoittaa	r i m o i̯ tː ɑːˣ	0
rimpi	r i m p i	0
rimpineva	r i m p i n e ʋ ɑ	0
rimpuilla	r i m p u i̯ lː ɑˣ	1
rimputella	r i m p u t e lː ɑˣ	0
rimputtaa	r i m p u tː ɑːˣ	0
ringette	r i ŋː e tː e	43
rinkeli	r i ŋ k e l i	3
rinnakkaisesti	r i nː ɑ kː ɑ i̯ s e s t iˣ	3
rinnakkaisliitin	r i nː ɑ kː ɑ i̯ s l iː t i n	0
rinnakkaisliitäntä	r i nː ɑ kː ɑ i̯ s l iː t æ n t æ	2
rinnakkaislääke	r i nː ɑ kː ɑ i̯ s l æː k eˣ	0
rinnakkaismuoto	r i nː ɑ kː ɑ i̯ s m u o̯ t o	0
rinnakkaistaa	r i nː ɑ kː ɑ i̯ s t ɑːˣ	0
rinnakkaistuontivalmiste	r i nː ɑ kː ɑ i̯ s t u o̯ n t i ʋ ɑ l m i s t eˣ	0
rinnakkaisvalmiste	r i nː ɑ kː ɑ i̯ s ʋ ɑ l m i s t eˣ	0
rinnalla	r i nː ɑ lː ɑ	484
rinnalle	r i nː ɑ lː e	424
rinnalta	r i nː ɑ l t ɑ	54
rinnastua	r i nː ɑ s t u ɑˣ	0
rinne	r i nː eˣ	104
rinneleikkaus	r i nː eˣ l e i̯ kː ɑ u s	0
rinnepelto	r i nː eˣ p e l t o	0
rinta	r i n t ɑ	42
rintaevä	r i n t ɑ e ʋ æ	0
rintakehä	r i n t ɑ k e h æ	13
rintaliivit	r i n t ɑ l iː ʋ i t	4
rintama	r i n t ɑ m ɑ	12
rintamaa	r i n t ɑ m ɑː	11
rintamalohko	r i n t ɑ m ɑ l o h k o	0
rintamasota	r i n t ɑ m ɑ s o t ɑ	0
rintapaneeli	r i n t ɑ p ɑ n eː l i	0
rintaranka	r i n t ɑ r ɑ ŋ k ɑ	0
rintaristi	r i n t ɑ r i s t i	0
rintasolki	r i n t ɑ s o l k i	0
rintatähti	r i n t ɑ t æ h t i	0
rintauinti	r i n t ɑ u i̯ n t i	0
rintavarustus	r i n t ɑ ʋ ɑ r u s t u s	0
ripaska	r i p ɑ s k ɑ	0
ripata	r i p ɑ t ɑˣ	0
ripaus	r i p ɑ u s	51
ripeytyä	r i p e y t y æˣ	0
ripittää	r i p i tː æːˣ	1
rippikoulunopettaja	r i pː i k o u̯ l u n o p e tː ɑ j ɑ	0
rippisaarna	r i pː i s ɑː r n ɑ	0
rippisanat	r i pː i s ɑ n ɑ t	0
rippituoli	r i pː i t u o̯ l i	0
ripsahdella	r i p s ɑ h d e lː ɑˣ	0
ripsahtaa	r i p s ɑ h t ɑːˣ	0
ripsari	r i p s ɑ r i	0
ripsauttaa	r i p s ɑ u tː ɑːˣ	0
ripsi	r i p s i	0
ripsiharja	r i p s i h ɑ r j ɑ	0
ripsiväri	r i p s i ʋ æ r i	0
ripuli	r i p u l i	47
ripustus	r i p u s t u s	4
risa	r i s ɑ	4
risahdella	r i s ɑ h d e lː ɑˣ	0
risahtaa	r i s ɑ h t ɑːˣ	0
risatulehdus	r i s ɑ t u l e h d u s	0
risauttaa	r i s ɑ u tː ɑːˣ	0
riski	r i s k i	426
riskigeeni	r i s k i ɡ eː n i	0
riskikäyttäytyminen	r i s k i k æ y̯ tː æ y t y m i n e n	6
riskilääke	r i s k i l æː k eˣ	0
riskiraha	r i s k i r ɑ h ɑ	1
riskitaso	r i s k i t ɑ s o	12
risku	r i s k u	2
rissanen	r i sː ɑ n e n	90
risteillä	r i s t e i̯ lː æ	4
risteillä	r i s t e i̯ lː æˣ	4
risteymä	r i s t e y m æ	3
risteysalue	r i s t e y s ɑ l u eˣ	8
risteysasema	r i s t e y s ɑ s e m ɑ	6
risteyttäminen	r i s t e y tː æ m i n e n	1
risti	r i s t i	87
ristiholvi	r i s t i h o l ʋ i	0
ristiinajo	r i s t iː n ɑ j o	0
ristiinhäivytys	r i s t iː n h æ i̯ ʋ y t y s	0
ristiinkääntäjä	r i s t iː n k æː n t æ j æ	0
ristijärveläinen	r i s t i j æ r ʋ e l æ i̯ n e n	0
ristijärvi	r i s t i j æ r ʋ i	7
ristikantaruuvi	r i s t i k ɑ n t ɑ r uː ʋ i	0
ristikerroksellisuus	r i s t i k e rː o k s e lː i s uː s	0
ristikirkko	r i s t i k i r kː o	6
ristikivi	r i s t i k i ʋ i	1
ristikko	r i s t i kː o	6
ristikkomerkki	r i s t i kː o m e r kː i	0
ristikkonauha	r i s t i kː o n ɑ u̯ h ɑ	0
ristikkosilta	r i s t i kː o s i l t ɑ	0
ristikkäin	r i s t i kː æ i̯ n	11
ristikkäinen	r i s t i kː æ i̯ n e n	1
ristikkäisesti	r i s t i kː æ i̯ s e s t iˣ	1
ristikkäispaine	r i s t i kː æ i̯ s p ɑ i̯ n eˣ	0
ristikorrelaatio	r i s t i k o rː e l ɑː t i o	1
ristikulma	r i s t i k u l m ɑ	0
ristikuva	r i s t i k u ʋ ɑ	0
ristimitta	r i s t i m i tː ɑ	1
ristinivel	r i s t i n i ʋ e l	0
ristintie	r i s t i n t i e̯	1
ristipaine	r i s t i p ɑ i̯ n eˣ	0
ristipää	r i s t i p æː	0
ristipääruuvi	r i s t i p æː r uː ʋ i	0
ristipääty	r i s t i p æː t y	0
ristipölytys	r i s t i p ø l y t y s	0
ristiretkeläinen	r i s t i r e t k e l æ i̯ n e n	1
ristiretkiaika	r i s t i r e t k i ɑ i̯ k ɑ	0
ristiriita	r i s t i r iː t ɑ	77
ristisaastuminen	r i s t i s ɑː s t u m i n e n	0
ristisaatto	r i s t i s ɑː tː o	0
ristiselkä	r i s t i s e l k æ	4
ristisidos	r i s t i s i d o s	0
ristissä	r i s t i sː æ	12
ristiturpa	r i s t i t u r p ɑ	0
ristiuraruuvi	r i s t i u r ɑ r uː ʋ i	0
ristivaihto	r i s t i ʋ ɑ i̯ h t o	0
ristiveto	r i s t i ʋ e t o	4
ristiviittaus	r i s t i ʋ iː tː ɑ u s	0
ristiä	r i s t i æ	25
ristiä	r i s t i æˣ	25
ristiässä	r i s t i æ sː æ	0
risto	r i s t o	638
risu	r i s u	4
risukarhi	r i s u k ɑ r h i	0
ritari	r i t ɑ r i	21
ritariballadi	r i t ɑ r i b ɑ lː ɑ d i	0
ritarihuone	r i t ɑ r i h u o̯ n eˣ	1
ritarihyve	r i t ɑ r i h y ʋ eˣ	0
ritarikannus	r i t ɑ r i k ɑ nː u s	0
ritarikomentaja	r i t ɑ r i k o m e n t ɑ j ɑ	0
ritariksilyönti	r i t ɑ r i k s i l y ø̯ n t i	0
ritarilaitos	r i t ɑ r i l ɑ i̯ t o s	0
ritarilaulu	r i t ɑ r i l ɑ u̯ l u	0
ritarilinna	r i t ɑ r i l i nː ɑ	2
ritarillisuus	r i t ɑ r i lː i s uː s	0
ritarimerkki	r i t ɑ r i m e r kː i	2
ritarimonni	r i t ɑ r i m o nː i	0
ritarinkannus	r i t ɑ r i n k ɑ nː u s	0
ritarinkukka	r i t ɑ r i n k u kː ɑ	0
ritariperhonen	r i t ɑ r i p e r h o n e n	0
ritariromaani	r i t ɑ r i r o m ɑː n i	0
ritarirunous	r i t ɑ r i r u n o u s	2
ritarisali	r i t ɑ r i s ɑ l i	0
ritarisääty	r i t ɑ r i s æː t y	0
ritola	r i t o l ɑ	13
ritsata	r i t s ɑ t ɑˣ	0
ritti	r i tː i	0
ritu	r i t u	9
rituaaliesine	r i t u ɑː l i e s i n eˣ	0
ritva	r i t ʋ ɑ	360
riuduttaa	r i u̯ d u tː ɑːˣ	0
riuhtoa	r i u̯ h t o ɑˣ	0
riuku	r i u̯ k u	2
riukukota	r i u̯ k u k o t ɑ	0
riusa	r i u̯ s ɑ	0
riuskasti	r i u̯ s k ɑ s t iˣ	1
rivari	r i ʋ ɑ r i	0
rive	r i ʋ eˣ	1
riveittäin	r i ʋ e i̯ tː æ i̯ n	3
riverauta	r i ʋ e r ɑ u̯ t ɑ	0
rivi	r i ʋ i	90
riviavaruus	r i ʋ i ɑ ʋ ɑ r uː s	0
riviekvivalenssi	r i ʋ i e k ʋ i ʋ ɑ l e n sː i	0
riviekvivalentti	r i ʋ i e k ʋ i ʋ ɑ l e n tː i	0
rivijako	r i ʋ i j ɑ k o	0
rivikylvökone	r i ʋ i k y l ʋ ø k o n eˣ	0
rivikylä	r i ʋ i k y l æ	0
rivilatomakone	r i ʋ i l ɑ t o m ɑ k o n eˣ	0
rivinvaihto	r i ʋ i n ʋ ɑ i̯ h t o	4
rivitaloalue	r i ʋ i t ɑ l o ɑ l u eˣ	1
rivitekniikka	r i ʋ i t e k n iː kː ɑ	0
rivittäin	r i ʋ i tː æ i̯ n	0
rivittää	r i ʋ i tː æːˣ	2
rivivektori	r i ʋ i ʋ e k t o r i	0
rivivälistys	r i ʋ i ʋ æ l i s t y s	0
rivo	r i ʋ o	5
robert	r o b e r t	123
robottiauto	r o b o tː i ɑ u t o	0
robottitekniikka	r o b o tː i t e k n iː kː ɑ	0
robottivaihteisto	r o b o tː i ʋ ɑ i̯ h t e i̯ s t o	0
robusti	r o b u s t i	3
rock	r o k	158
rodullisesti	r o d u lː i s e s t iˣ	2
rohduksissa	r o h d u k s i sː ɑ	0
rohjeta	r o h j e t ɑˣ	1
rohka	r o h k ɑ	0
rohkaista	r o h k ɑ i̯ s t ɑˣ	104
rohkaistua	r o h k ɑ i̯ s t u ɑˣ	4
rohkaisu	r o h k ɑ i̯ s u	8
rohkaisuryyppy	r o h k ɑ i̯ s u r yː pː y	0
rohkea	r o h k e ɑ	80
rohkeasti	r o h k e ɑ s t i	215
rohkeus	r o h k e u s	41
rohkia	r o h k i ɑ	0
rohkia	r o h k i ɑˣ	0
rohmu	r o h m u	0
rohto	r o h t o	4
rohtuma	r o h t u m ɑ	0
roikkuminen	r o i̯ kː u m i n e n	2
roikkupallo	r o i̯ kː u p ɑ lː o	0
roikotella	r o i̯ k o t e lː ɑˣ	0
roiskahdella	r o i̯ s k ɑ h d e lː ɑˣ	0
roiskahtaa	r o i̯ s k ɑ h t ɑːˣ	2
roiskautella	r o i̯ s k ɑ u t e lː ɑˣ	0
roiskauttaa	r o i̯ s k ɑ u tː ɑːˣ	0
roiskerappaus	r o i̯ s k eˣ r ɑ pː ɑ u s	0
roiskutella	r o i̯ s k u t e lː ɑˣ	0
roiskuttaa	r o i̯ s k u tː ɑːˣ	0
rojalismi	r o j ɑ l i s m i	0
rojalisti	r o j ɑ l i s t i	0
rojalistinen	r o j ɑ l i s t i n e n	0
rojalti	r o j ɑ l t i	2
rojauttaa	r o j ɑ u tː ɑːˣ	0
rokka	r o kː ɑ	10
rokkaaminen	r o kː ɑː m i n e n	0
rokki	r o kː i	7
rokko	r o kː o	1
rokokootuoli	r o k o k oː t u o̯ l i	0
rokote	r o k o t e	54
rokottaa	r o k o tː ɑːˣ	15
rokotus	r o k o t u s	22
rokotusaine	r o k o t u s ɑ i̯ n eˣ	0
romaani	r o m ɑː n i	109
romaanihenkilö	r o m ɑː n i h e ŋ k i l ø	1
romaanikäännös	r o m ɑː n i k æː nː ø s	0
romahdella	r o m ɑ h d e lː ɑˣ	0
romahdusmainen	r o m ɑ h d u s m ɑ i̯ n e n	0
romahdusmaisesti	r o m ɑ h d u s m ɑ i̯ s e s t iˣ	3
romahduttaa	r o m ɑ h d u tː ɑːˣ	7
romahtaminen	r o m ɑ h t ɑ m i n e n	15
romani	r o m ɑː n i	14
romania	r o m ɑ n i ɑ	25
romantiikka	r o m ɑ n t iː kː ɑ	18
rombinen	r o m b i n e n	0
romboedrinen	r o m b o e d r i n e n	0
romppu	r o m pː u	16
romuarvo	r o m u ɑ r ʋ o	0
romuauto	r o m u ɑ u t o	1
romukasa	r o m u k ɑ s ɑ	0
romukauppa	r o m u k ɑ u̯ pː ɑ	1
romukeräys	r o m u k e r æ y s	0
romukoppa	r o m u k o pː ɑ	0
romukuorma	r o m u k u o̯ r m ɑ	0
romuliike	r o m u l iː k eˣ	2
romumetalli	r o m u m e t ɑ lː i	0
romunkeräys	r o m u n k e r æ y s	0
romunkerääjä	r o m u n k e r æː j æ	0
romuvarasto	r o m u ʋ ɑ r ɑ s t o	0
roni	r o n i	9
ronja	r o n j ɑ	9
ronski	r o n s k i	2
ronskisti	r o n s k i s t iˣ	1
rooli	r oː l i	690
roolihenkilö	r oː l i h e ŋ k i l ø	2
roolileikki	r oː l i l e i̯ kː i	1
roolipeli	r oː l i p e l i	9
rooma	r oː m ɑ	19
roomalainen	r oː m ɑ l ɑ i̯ n e n	22
roope	r oː p e	46
roopertti	r oː p e r tː i	0
roosa	r oː s ɑ	19
ropisuttaa	r o p i s u tː ɑːˣ	0
ropsahdella	r o p s ɑ h d e lː ɑˣ	0
ropsahtaa	r o p s ɑ h t ɑːˣ	1
ropsautella	r o p s ɑ u t e lː ɑˣ	0
ropsauttaa	r o p s ɑ u tː ɑːˣ	1
rosa	r o s ɑ	44
rosettirauta	r o s e tː i r ɑ u̯ t ɑ	0
rosis	r o s i s	0
roska	r o s k ɑ	14
roskaa	r o s k ɑː	18
roskaa	r o s k ɑːˣ	18
roskaantua	r o s k ɑː n t u ɑˣ	0
roskainen	r o s k ɑ i̯ n e n	1
roskakuilu	r o s k ɑ k u i̯ l u	0
roskalaatikko	r o s k ɑ l ɑː t i kː o	4
roskapönttö	r o s k ɑ p ø n tː ø	0
roskienkeräys	r o s k i e n k e r æ y s	0
rosmariini	r o s m ɑ r iː n i	9
rosoisesti	r o s o i̯ s e s t iˣ	0
rosolli	r o s o lː i	4
rosteri	r o s t e r i	0
rostraalinen	r o s t r ɑː l i n e n	0
rosvo	r o s ʋ o	5
rosvoilla	r o s ʋ o i̯ lː ɑˣ	0
rosvous	r o s ʋ o u s	0
rosé	r o s eː	0
rosépippuri	r o s eː p i pː u r i	0
roséviini	r o s e ʋ iː n i	0
roséviini	r o s eː ʋ iː n i	0
rotaatiokone	r o t ɑː t i o k o n eˣ	0
rotaatiopainokone	r o t ɑː t i o p ɑ i̯ n o k o n eˣ	1
rotevuus	r o t e ʋ uː s	0
roti	r o t i	2
rotinat	r o t i n ɑ t	0
rotko	r o t k o	12
rotta	r o tː ɑ	15
rottabaari	r o tː ɑ b ɑː r i	0
rottinkituoli	r o tː i ŋ k i t u o̯ l i	0
rottinkityö	r o tː i ŋ k i t y ø̯	0
rotu	r o t u	36
rotukiintiö	r o t u k iː n t i ø	0
rotunda	r o t u n d ɑ	0
rotupuhtaus	r o t u p u h t ɑ u s	0
roudarinteippi	r o u̯ d ɑ r i n t e i̯ pː i	0
roudata	r o u̯ d ɑ t ɑˣ	4
rouhia	r o u̯ h i ɑˣ	1
rouskahtaa	r o u̯ s k ɑ h t ɑːˣ	0
rousku	r o u̯ s k u	4
rouskua	r o u̯ s k u ɑˣ	0
rouskutella	r o u̯ s k u t e lː ɑˣ	0
routa	r o u̯ t ɑ	11
routaa	r o u̯ t ɑː	5
routaannuttaa	r o u̯ t ɑː nː u tː ɑːˣ	0
rouva	r o u̯ ʋ ɑ	141
rouvashenkilö	r o u̯ ʋ ɑ s h e ŋ k i l ø	2
rouvasväki	r o u̯ ʋ ɑ s ʋ æ k i	0
rouvitella	r o u̯ ʋ i t e lː ɑˣ	0
rovaniemeläinen	r o ʋ ɑ n i e̯ m e l æ i̯ n e n	4
rovaniemi	r o ʋ ɑ n i e̯ m i	58
rovasti	r o ʋ ɑ s t i	78
rubeliitti	r u b e l iː tː i	0
rugby	r u ɡ b y	1
rugby	r ɑ ɡ b i	1
ruhje	r u h j eˣ	0
ruhjoi	r u h j o i̯	1
ruho	r u h o	5
ruholiha	r u h o l i h ɑ	0
ruijansuomalainen	r u i̯ j ɑ n s u o̯ m ɑ l ɑ i̯ n e n	0
ruikata	r u i̯ k ɑ t ɑˣ	1
ruikkia	r u i̯ kː i ɑˣ	1
ruis	r u i̯ s	17
ruiskahtaa	r u i̯ s k ɑ h t ɑːˣ	0
ruiskautella	r u i̯ s k ɑ u t e lː ɑˣ	0
ruiskauttaa	r u i̯ s k ɑ u tː ɑːˣ	0
ruiskia	r u i̯ s k i ɑˣ	0
ruisku	r u i̯ s k u	11
ruiskubetoni	r u i̯ s k u b e t o n i	0
ruiskukka	r u i̯ s k u kː ɑ	2
ruiskulakata	r u i̯ s k u l ɑ k ɑ t ɑˣ	0
ruiskumaalata	r u i̯ s k u m ɑː l ɑ t ɑˣ	0
ruiskumaalaus	r u i̯ s k u m ɑː l ɑ u s	0
ruisleipä	r u i̯ s l e i̯ p æ	8
ruismaltaat	r u i̯ s m ɑ l t ɑː t	0
ruispala	r u i̯ s p ɑ l ɑ	0
ruispelto	r u i̯ s p e l t o	0
ruk	r u k	1
ruk	æ r uː k oː	1
rukiinen	r u k iː n e n	1
rukinlapa	r u k i n l ɑ p ɑ	1
rukka	r u kː ɑ	3
rukkauttaa	r u kː ɑ u tː ɑːˣ	0
rukki	r u kː i	5
rukoilijasirkka	r u k o i̯ l i j ɑ s i r kː ɑ	0
rukoilla	r u k o i̯ lː ɑˣ	76
rukous	r u k o u s	105
rukousjakkara	r u k o u s j ɑ kː ɑ r ɑ	1
rukoussali	r u k o u s s ɑ l i	0
rukoustorvi	r u k o u s t o r ʋ i	0
rulla	r u lː ɑ	13
rullafilmi	r u lː ɑ f i l m i	0
rullailla	r u lː ɑ i̯ lː ɑˣ	1
rullalautailija	r u lː ɑ l ɑ u̯ t ɑ i̯ l i j ɑ	0
rullamitta	r u lː ɑ m i tː ɑ	2
rullan	r u lː ɑ n	28
rullanaula	r u lː ɑ n ɑ u̯ l ɑ	0
rullaportaikko	r u lː ɑ p o r t ɑ i̯ kː o	0
rullapukki	r u lː ɑ p u kː i	0
rullasilta	r u lː ɑ s i l t ɑ	0
rullasuksi	r u lː ɑ s u k s i	0
rullata	r u lː ɑ t ɑˣ	4
rullaus	r u lː ɑ u s	3
rullautua	r u lː ɑ u t u ɑˣ	0
rullaäes	r u lː ɑ æ e s	0
ruma	r u m ɑ	25
rumannäköinen	r u m ɑ n n æ k ø i̯ n e n	0
rumasti	r u m ɑ s t i	7
rumeliini	r u m e l iː n i	0
rummunlyöjä	r u mː u n l y ø̯ j æ	1
rummunlyönti	r u mː u n l y ø̯ n t i	0
rummunpärinä	r u mː u n p æ r i n æ	0
rummusto	r u mː u s t o	0
rumpali	r u m p ɑ l i	72
rumpu	r u m p u	18
rumpukuivain	r u m p u k u i̯ ʋ ɑ i̯ n	0
rumpukuivuri	r u m p u k u i̯ ʋ u r i	0
rumpulipas	r u m p u l i p ɑ s	1
rumpumuisti	r u m p u m u i̯ s t i	1
rumpupesukone	r u m p u p e s u k o n eˣ	0
rumpusatsi	r u m p u s ɑ t s i	0
rumpuskanneri	r u m p u s k ɑ nː e r i	1
rumputuli	r u m p u t u l i	0
rundi	r u n d i	3
runkkari	r u ŋ kː ɑ r i	0
runko	r u ŋ k o	187
runkohuone	r u ŋ k o h u o̯ n eˣ	0
runkoluku	r u ŋ k o l u k u	0
runkopatja	r u ŋ k o p ɑ t j ɑ	1
runkorakenne	r u ŋ k o r ɑ k e nː eˣ	8
runkoverkko	r u ŋ k o ʋ e r kː o	7
runkoääni	r u ŋ k o æː n i	1
runnata	r u nː ɑ t ɑˣ	0
runo	r u n o	87
runoelma	r u n o e l m ɑ	5
runoilijanimi	r u n o i̯ l i j ɑ n i m i	0
runoilla	r u n o i̯ lː ɑˣ	3
runokäännös	r u n o k æː nː ø s	0
runonlausunta	r u n o n l ɑ u̯ s u n t ɑ	1
runous	r u n o u s	18
runsas	r u n s ɑ s	484
runsashappinen	r u n s ɑ s h ɑ pː i n e n	0
runsasjärvinen	r u n s ɑ s j æ r ʋ i n e n	0
runsaskalainen	r u n s ɑ s k ɑ l ɑ i̯ n e n	0
runsaskätisesti	r u n s ɑ s k æ t i s e s t iˣ	1
runsaslukuisesti	r u n s ɑ s l u k u i̯ s e s t iˣ	5
runsastua	r u n s ɑ s t u ɑˣ	2
runsasväkinen	r u n s ɑ s ʋ æ k i n e n	1
runtata	r u n t ɑ t ɑˣ	0
ruoan	r u o̯ ɑ n	277
ruoan	r uː ɑ n	277
ruoanlaitto	r u o̯ ɑ n l ɑ i̯ tː o	12
ruoanlaitto	r uː ɑ n l ɑ i̯ tː o	12
ruoanlaittotaito	r u o̯ ɑ n l ɑ i̯ tː o t ɑ i̯ t o	0
ruoanlaittotaito	r uː ɑ n l ɑ i̯ tː o t ɑ i̯ t o	0
ruoansäilytys	r u o̯ ɑ n s æ i̯ l y t y s	1
ruoansäilytys	r uː ɑ n s æ i̯ l y t y s	1
ruoanvalmistusastia	r u o̯ ɑ n ʋ ɑ l m i s t u s ɑ s t i ɑ	0
ruoanvalmistusastia	r uː ɑ n ʋ ɑ l m i s t u s ɑ s t i ɑ	0
ruodeholvi	r u o̯ d eˣ h o l ʋ i	0
ruohikkouistin	r u o̯ h i kː o u i̯ s t i n	0
ruoho	r u o̯ h o	38
ruohonjuuritaso	r u o̯ h o n j uː r i t ɑ s o	1
ruohonleikkuukone	r u o̯ h o n l e i̯ kː uː k o n eˣ	0
ruohottua	r u o̯ h o tː u ɑˣ	0
ruohovartinen	r u o̯ h o ʋ ɑ r t i n e n	0
ruoikko	r u o̯ i kː o	0
ruoju	r u o̯ j u	0
ruoka	r u o̯ k ɑ	401
ruokabanaani	r u o̯ k ɑ b ɑ n ɑː n i	0
ruokahalu	r u o̯ k ɑ h ɑ l u	20
ruokahaluttomuus	r u o̯ k ɑ h ɑ l u tː o m uː s	7
ruokahuolto	r u o̯ k ɑ h u o̯ l t o	19
ruokailuastia	r u o̯ k ɑ i̯ l u ɑ s t i ɑ	0
ruokailuastiasto	r u o̯ k ɑ i̯ l u ɑ s t i ɑ s t o	0
ruokailuhuone	r u o̯ k ɑ i̯ l u h u o̯ n eˣ	3
ruokailuryhmä	r u o̯ k ɑ i̯ l u r y h m æ	3
ruokailutila	r u o̯ k ɑ i̯ l u t i l ɑ	13
ruokajono	r u o̯ k ɑ j o n o	0
ruokakello	r u o̯ k ɑ k e lː o	0
ruokakerma	r u o̯ k ɑ k e r m ɑ	0
ruokakoira	r u o̯ k ɑ k o i̯ r ɑ	0
ruokakulut	r u o̯ k ɑ k u l u t	2
ruokakunta	r u o̯ k ɑ k u n t ɑ	0
ruokalaji	r u o̯ k ɑ l ɑ j i	12
ruokamakkara	r u o̯ k ɑ m ɑ kː ɑ r ɑ	0
ruokamenot	r u o̯ k ɑ m e n o t	1
ruokamulta	r u o̯ k ɑ m u l t ɑ	2
ruokaohje	r u o̯ k ɑ o h j eˣ	0
ruokapalkka	r u o̯ k ɑ p ɑ l kː ɑ	0
ruokaperinne	r u o̯ k ɑ p e r i nː eˣ	0
ruokapidot	r u o̯ k ɑ p i d o t	0
ruokaraha	r u o̯ k ɑ r ɑ h ɑ	4
ruokarauha	r u o̯ k ɑ r ɑ u̯ h ɑ	1
ruokasieni	r u o̯ k ɑ s i e̯ n i	2
ruokasula	r u o̯ k ɑ s u l ɑ	0
ruokatabu	r u o̯ k ɑ t ɑ b u	0
ruokatalous	r u o̯ k ɑ t ɑ l o u s	5
ruokatarpeet	r u o̯ k ɑ t ɑ r p eː t	0
ruokavarat	r u o̯ k ɑ ʋ ɑ r ɑ t	0
ruokaviini	r u o̯ k ɑ ʋ iː n i	0
ruokintakatos	r u o̯ k i n t ɑ k ɑ t o s	1
ruokintapaikka	r u o̯ k i n t ɑ p ɑ i̯ kː ɑ	1
ruokkia	r u o̯ kː i ɑ	28
ruokkia	r u o̯ kː i ɑˣ	28
ruokkiminen	r u o̯ kː i m i n e n	8
ruokko	r u o̯ kː o	0
ruoko	r u o̯ k o	2
ruokokasvi	r u o̯ k o k ɑ s ʋ i	0
ruokokutoja	r u o̯ k o k u t o j ɑ	0
ruokolahtelainen	r u o̯ k o l ɑ h t e l ɑ i̯ n e n	7
ruokolahti	r u o̯ k o l ɑ h t i	18
ruokomatto	r u o̯ k o m ɑ tː o	0
ruokonata	r u o̯ k o n ɑ t ɑ	1
ruokopilli	r u o̯ k o p i lː i	1
ruokosokerisiirappi	r u o̯ k o s o k e r i s iː r ɑ pː i	0
ruopata	r u o̯ p ɑ t ɑˣ	6
ruopia	r u o̯ p i ɑˣ	1
ruoputtaa	r u o̯ p u tː ɑːˣ	0
ruori	r u o̯ r i	1
ruoska	r u o̯ s k ɑ	17
ruoste	r u o̯ s t eˣ	10
ruosteenesto	r u o̯ s t eː n e s t o	0
ruosteenestoaine	r u o̯ s t eː n e s t o ɑ i̯ n eˣ	0
ruosteenestomaali	r u o̯ s t eː n e s t o m ɑː l i	0
ruosteenpoistoaine	r u o̯ s t eː n p o i̯ s t o ɑ i̯ n eˣ	0
ruostepilkku	r u o̯ s t e p i l kː u	0
ruostesieni	r u o̯ s t eˣ s i e̯ n i	0
ruostesuojaus	r u o̯ s t eˣ s u o̯ j ɑ u s	0
ruostuma	r u o̯ s t u m ɑ	0
ruostunut	r u o̯ s t u n u t	6
ruoto	r u o̯ t o	0
ruotsalainen	r u o̯ t s ɑ l ɑ i̯ n e n	207
ruotsalaismies	r u o̯ t s ɑ l ɑ i̯ s m i e̯ s	0
ruotsalaisnainen	r u o̯ t s ɑ l ɑ i̯ s n ɑ i̯ n e n	0
ruotsalaistaa	r u o̯ t s ɑ l ɑ i̯ s t ɑːˣ	2
ruotsi	r u o̯ t s i	421
ruotsinvoittoisesti	r u o̯ t s i n ʋ o i̯ tː o i̯ s e s t iˣ	0
ruotujakolaitos	r u o̯ t u j ɑ k o l ɑ i̯ t o s	0
ruotuväki	r u o̯ t u ʋ æ k i	2
ruovesi	r u o̯ ʋ e s i	10
ruoveteläinen	r u o̯ ʋ e t e l æ i̯ n e n	0
ruovetinen	r u o̯ ʋ e t i n e n	0
ruo’ot	r u o̯ ʔ o t	0
rupeama	r u p e ɑ m ɑ	6
rupeutua	r u p e u t u ɑˣ	0
rupi	r u p i	1
rupsahtaa	r u p s ɑ h t ɑːˣ	0
rusahtaa	r u s ɑ h t ɑːˣ	0
rusakko	r u s ɑ kː o	5
rusauttaa	r u s ɑ u tː ɑːˣ	0
rusentua	r u s e n t u ɑˣ	0
rusina	r u s i n ɑ	3
rusinainen	r u s i n ɑ i̯ n e n	0
rusinakeitto	r u s i n ɑ k e i̯ tː o	0
rusinamakkara	r u s i n ɑ m ɑ kː ɑ r ɑ	0
rusinasoppa	r u s i n ɑ s o pː ɑ	0
ruska	r u s k ɑ	9
ruskea	r u s k e ɑ	78
ruskeakarhu	r u s k e ɑ k ɑ r h u	0
ruskeakastike	r u s k e ɑ k ɑ s t i k eˣ	0
ruskeuttaa	r u s k e u tː ɑːˣ	0
rusko	r u s k o	18
ruskohiili	r u s k o h iː l i	0
ruskolainen	r u s k o l ɑ i̯ n e n	0
ruskottaa	r u s k o tː ɑːˣ	1
rusojuuri	r u s o j uː r i	0
rusottaa	r u s o tː ɑːˣ	0
russakka	r u sː ɑ kː ɑ	0
rustailla	r u s t ɑ i̯ lː ɑˣ	0
rustiikkatiili	r u s t iː kː ɑ t iː l i	0
rustokala	r u s t o k ɑ l ɑ	0
rustokudos	r u s t o k u d o s	1
rustolevy	r u s t o l e ʋ y	0
rustoliitos	r u s t o l iː t o s	0
rustottua	r u s t o tː u ɑˣ	0
rusupiirakka	r u s u p iː r ɑ kː ɑ	0
rutata	r u t ɑ t ɑˣ	1
rutiili	r u t iː l i	0
rutiinimaisesti	r u t iː n i m ɑ i̯ s e s t iˣ	2
rutiinityö	r u t iː n i t y ø̯	3
rutistua	r u t i s t u ɑˣ	0
rutto	r u tː o	17
ruttuun	r u tː uː n	1
rutussa	r u t u sː ɑ	0
ruuansulatushäiriö	r uː ɑ n s u l ɑ t u s h æ i̯ r i ø	1
ruuben	r uː b e n	0
ruuduittain	r uː d u i̯ tː ɑ i̯ n	6
ruudunlukuohjelma	r uː d u n l u k u o h j e l m ɑ	1
ruuhi	r uː h i	0
ruuhiarkku	r uː h i ɑ r kː u	0
ruuhilöytö	r uː h i l ø y̯ t ø	0
ruuhka	r uː h k ɑ	6
ruuhkajuna	r uː h k ɑ j u n ɑ	0
ruuhkata	r uː h k ɑ t ɑˣ	0
ruuhkauttaa	r uː h k ɑ u tː ɑːˣ	2
ruukuttaa	r uː k u tː ɑːˣ	0
ruumiillisesti	r uː m iː lː i s e s t iˣ	15
ruumiillistua	r uː m iː lː i s t u ɑˣ	0
ruumiinkieli	r uː m iː n k i e̯ l i	0
ruumiinvoima	r uː m iː n ʋ o i̯ m ɑ	0
ruumis	r uː m i s	103
ruumisarkku	r uː m i s ɑ r kː u	0
ruumishauta	r uː m i s h ɑ u̯ t ɑ	0
ruumishautaus	r uː m i s h ɑ u̯ t ɑ u s	0
ruumiskalmisto	r uː m i s k ɑ l m i s t o	0
ruumiskellari	r uː m i s k e lː ɑ r i	0
ruumislauta	r uː m i s l ɑ u̯ t ɑ	1
ruumistua	r uː m i s t u ɑˣ	0
ruumisvaatteet	r uː m i s ʋ ɑː tː eː t	0
ruuna	r uː n ɑ	21
ruusu	r uː s u	28
ruusuikkuna	r uː s u i kː u n ɑ	0
ruusuke	r uː s u k e	1
ruusukivi	r uː s u k i ʋ i	0
ruusunmarjakeitto	r uː s u n m ɑ r j ɑ k e i̯ tː o	0
ruusunmarjatee	r uː s u n m ɑ r j ɑ t eː	0
ruususuola	r uː s u s u o̯ l ɑ	0
ruusuöljy	r uː s u ø l j y	0
ruut	r uː t	11
ruutana	r uː t ɑ n ɑ	5
ruutikellari	r uː t i k e lː ɑ r i	0
ruutimitta	r uː t i m i tː ɑ	0
ruutipussi	r uː t i p u sː i	0
ruutisarvi	r uː t i s ɑ r ʋ i	0
ruutu	r uː t u	72
ruutuaika	r uː t u ɑ i̯ k ɑ	0
ruutuikkuna	r uː t u i kː u n ɑ	0
ruutukaappari	r uː t u k ɑː pː ɑ r i	0
ruuvailla	r uː ʋ ɑ i̯ lː ɑˣ	0
ruuviakseli	r uː ʋ i ɑ k s e l i	0
ruuviavain	r uː ʋ i ɑ ʋ ɑ i̯ n	0
ruuviholkki	r uː ʋ i h o l kː i	0
ruuvijarru	r uː ʋ i j ɑ rː u	0
ruuvijärjestelmä	r uː ʋ i j æ r j e s t e l m æ	0
ruuvikara	r uː ʋ i k ɑ r ɑ	0
ruuvikiinnitys	r uː ʋ i k iː nː i t y s	2
ruuvikompressori	r uː ʋ i k o m p r e sː o r i	0
ruuvikoukku	r uː ʋ i k o u̯ kː u	0
ruuvikuljetin	r uː ʋ i k u l j e t i n	1
ruuviliike	r uː ʋ i l iː k eˣ	0
ruuviliitos	r uː ʋ i l iː t o s	0
ruuvinkanta	r uː ʋ i n k ɑ n t ɑ	0
ruuvinreikä	r uː ʋ i n r e i̯ k æ	0
ruuvinväännin	r uː ʋ i n ʋ æː nː i n	0
ruuvipenkki	r uː ʋ i p e ŋ kː i	0
ruuvipihti	r uː ʋ i p i h t i	0
ruuvipinta	r uː ʋ i p i n t ɑ	0
ruuvipotkuri	r uː ʋ i p o t k u r i	0
ruuvipumppu	r uː ʋ i p u m pː u	0
ruuvipyörä	r uː ʋ i p y ø̯ r æ	0
ruuvisilmukka	r uː ʋ i s i l m u kː ɑ	0
ruuvisyöttö	r uː ʋ i s y ø̯ tː ø	0
ruuvitanko	r uː ʋ i t ɑ ŋ k o	1
ruuvitunkki	r uː ʋ i t u ŋ kː i	0
ruuviura	r uː ʋ i u r ɑ	0
ruuvivälitys	r uː ʋ i ʋ æ l i t y s	0
ruvettua	r u ʋ e tː u ɑˣ	0
ryhdikkäästi	r y h d i kː æː s t iˣ	5
ryhdistyä	r y h d i s t y æˣ	0
ryhdistää	r y h d i s t æːˣ	3
ryhdittömästi	r y h d i tː ø m æ s t iˣ	0
ryhmitellä	r y h m i t e lː æˣ	29
ryhmittyä	r y h m i tː y æˣ	2
ryhmittäin	r y h m i tː æ i̯ n	17
ryhmittäinen	r y h m i tː æ i̯ n e n	0
ryhmittäytyä	r y h m i tː æ y t y æˣ	0
ryhmittää	r y h m i tː æːˣ	7
ryhmitysalue	r y h m i t y s ɑ l u eˣ	0
ryhmä	r y h m æ	1320
ryhmäajo	r y h m æ ɑ j o	7
ryhmäalennus	r y h m æ ɑ l e nː u s	5
ryhmäase	r y h m æ ɑ s eˣ	0
ryhmähenki	r y h m æ h e ŋ k i	4
ryhmähenkivakuutus	r y h m æ h e ŋ k i ʋ ɑ k uː t u s	2
ryhmähomomorfismi	r y h m æ h o m o m o r f i s m i	0
ryhmäjako	r y h m æ j ɑ k o	10
ryhmäjohto	r y h m æ j o h t o	0
ryhmäkasvi	r y h m æ k ɑ s ʋ i	1
ryhmäkeskus	r y h m æ k e s k u s	0
ryhmäkeskustelu	r y h m æ k e s k u s t e l u	3
ryhmäkirje	r y h m æ k i r j eˣ	1
ryhmäkoko	r y h m æ k o k o	19
ryhmäkokous	r y h m æ k o k o u s	3
ryhmäkoti	r y h m æ k o t i	17
ryhmäkunta	r y h m æ k u n t ɑ	0
ryhmäkuri	r y h m æ k u r i	3
ryhmäkuva	r y h m æ k u ʋ ɑ	2
ryhmäkylä	r y h m æ k y l æ	0
ryhmäleikki	r y h m æ l e i̯ kː i	1
ryhmälippu	r y h m æ l i pː u	0
ryhmälähetys	r y h m æ l æ h e t y s	1
ryhmälähtö	r y h m æ l æ h t ø	0
ryhmänjohtaja	r y h m æ n j o h t ɑ j ɑ	7
ryhmänmuodostus	r y h m æ n m u o̯ d o s t u s	0
ryhmänopeus	r y h m æ n o p e u s	1
ryhmänäyttely	r y h m æ n æ y̯ tː e l y	0
ryhmäopetus	r y h m æ o p e t u s	2
ryhmäpsykoterapia	r y h m æ p s y k o t e r ɑ p i ɑ	1
ryhmäpuheenvuoro	r y h m æ p u h eː n ʋ u o̯ r o	5
ryhmäpäätös	r y h m æ p æː t ø s	0
ryhmäruusu	r y h m æ r uː s u	0
ryhmäsana	r y h m æ s ɑ n ɑ	0
ryhmäsihteeri	r y h m æ s i h t eː r i	0
ryhmätuki	r y h m æ t u k i	1
ryhmätyöhuone	r y h m æ t y ø̯ h u o̯ n eˣ	1
ryhmätyöskentely	r y h m æ t y ø̯ s k e n t e l y	8
ryhmävakuutus	r y h m æ ʋ ɑ k uː t u s	2
ryhmävoimistelu	r y h m æ ʋ o i̯ m i s t e l u	0
ryhmäytyä	r y h m æ y t y æˣ	0
ryhmääntyä	r y h m æː n t y æˣ	0
ryhtyminen	r y h t y m i n e n	12
ryhtyä	r y h t y æˣ	476
ryijy	r y i̯ jː y	4
ryiskellä	r y i̯ s k e lː æˣ	0
rykelmittäin	r y k e l m i tː æ i̯ n	0
rykiä	r y k i æˣ	1
ryminä	r y m i n æ	0
rymistellä	r y m i s t e lː æˣ	0
rymisyttää	r y m i s y tː æːˣ	0
rymähtää	r y m æ h t æːˣ	0
rynkyttää	r y ŋ k y tː æːˣ	0
rynnäkkökone	r y nː æ kː ø k o n eˣ	0
rynnäs	r y nː æ s	0
rynnätä	r y nː æ t æˣ	5
ryntteet	r y n tː eː t	0
rynttyyt	r y n tː yː t	0
ryntäillä	r y n t æ i̯ lː æˣ	2
rypeä	r y p e æˣ	0
rypistellä	r y p i s t e lː æˣ	0
rypistymä	r y p i s t y m æ	0
ryppy	r y pː y	0
ryppyillä	r y pː y i̯ lː æˣ	0
ryppyotsaisesti	r y pː y o t s ɑ i̯ s e s t iˣ	0
ryppyvoide	r y pː y ʋ o i̯ d eˣ	0
rypsi	r y p s i	12
rypsipelto	r y p s i p e l t o	0
rypyttää	r y p y tː æːˣ	0
rypäle	r y p æ l eˣ	1
rypälesokeri	r y p æ l eˣ s o k e r i	1
rypäleviina	r y p æ l eˣ ʋ iː n ɑ	0
rypäleviini	r y p æ l eˣ ʋ iː n i	0
ryskiä	r y s k i æˣ	0
ryskyttää	r y s k y tː æːˣ	1
ryskätä	r y s k æ t æˣ	0
ryssiä	r y sː i æ	2
ryssiä	r y sː i æˣ	2
ryssä	r y sː æ	13
ryssänuuni	r y sː æ n uː n i	0
rysty	r y s t y	0
rysä	r y s æ	4
rysähdellä	r y s æ h d e lː æˣ	0
rysähtää	r y s æ h t æːˣ	2
rysäyttää	r y s æ y tː æːˣ	0
rytkyttää	r y t k y tː æːˣ	0
rytkähtää	r y t k æ h t æːˣ	0
rytmi	r y t m i	71
rytmihäiriö	r y t m i h æ i̯ r i ø	5
rytmikapulat	r y t m i k ɑ p u l ɑ t	1
rytmikkäästi	r y t m i kː æː s t iˣ	9
rytmikone	r y t m i k o n eˣ	0
rytmikorva	r y t m i k o r ʋ ɑ	0
rytmillisesti	r y t m i lː i s e s t iˣ	1
rytminsiirto	r y t m i n s iː r t o	0
rytmiryhmä	r y t m i r y h m æ	8
rytmittyä	r y t m i tː y æˣ	0
rytmittää	r y t m i tː æːˣ	12
rytyyttää	r y t yː tː æːˣ	0
ryvettää	r y ʋ e tː æːˣ	0
ryvässipuli	r y ʋ æ s s i p u l i	1
ryvästyä	r y ʋ æ s t y æˣ	0
ryydittää	r yː d i tː æːˣ	2
ryynimäinen	r yː n i m æ i̯ n e n	1
ryyppi	r yː pː i	0
ryyppy	r yː pː y	7
ryyppäjäiset	r yː pː æ j æ i̯ s e t	0
ryypyksiin	r yː p y k s iː n	0
ryypyksissä	r yː p y k s i sː æ	0
ryypätä	r yː p æ t æˣ	5
ryysis	r yː s i s	1
ryysyinen	r yː s y i̯ n e n	0
ryysyläinen	r yː s y l æ i̯ n e n	1
ryytyä	r yː t y æˣ	0
ryöhähtää	r y ø̯ h æ h t æːˣ	0
ryöhätä	r y ø̯ h æ t æˣ	0
ryömintävaihde	r y ø̯ m i n t æ ʋ ɑ i̯ h d eˣ	0
ryömiä	r y ø̯ m i æˣ	9
ryönä	r y ø̯ n æ	1
ryöpsähdellä	r y ø̯ p s æ h d e lː æˣ	0
ryöpsähtää	r y ø̯ p s æ h t æːˣ	2
ryöpsäyttää	r y ø̯ p s æ y tː æːˣ	0
ryöstää	r y ø̯ s t æː	7
ryöstö	r y ø̯ s t ø	15
ryöstömurha	r y ø̯ s t ø m u r h ɑ	0
ryöstötalous	r y ø̯ s t ø t ɑ l o u s	0
ryöväri	r y ø̯ ʋ æ r i	2
ryövätä	r y ø̯ ʋ æ t æˣ	0
ryöväys	r y ø̯ ʋ æ y s	0
rähjä	r æ h j æ	1
rähjäytyä	r æ h j æ y t y æˣ	0
rähjääntyä	r æ h j æː n t y æˣ	0
rähmälleen	r æ h m æ lː eː n	1
rähmältään	r æ h m æ l t æː n	0
rähähtää	r æ h æ h t æːˣ	0
rähäkkä	r æ h æ kː æ	1
rähättää	r æ h æ tː æːˣ	0
räi	r æ i̯ˣ	0
räikeästi	r æ i̯ k e æ s t iˣ	12
räikkä	r æ i̯ kː æ	18
räikkönen	r æ i̯ kː ø n e n	13
räiskintäpeli	r æ i̯ s k i n t æ p e l i	0
räiskytellä	r æ i̯ s k y t e lː æˣ	0
räiskyttää	r æ i̯ s k y tː æːˣ	0
räiskyvästi	r æ i̯ s k y ʋ æ s t iˣ	0
räiskyä	r æ i̯ s k y æˣ	0
räiskähtää	r æ i̯ s k æ h t æːˣ	0
räiskäyttää	r æ i̯ s k æ y tː æːˣ	0
räiskää	r æ i̯ s k æːˣ	1
räisänen	r æ i̯ s æ n e n	38
räjähde	r æ j æ h d eˣ	1
räjähdellä	r æ j æ h d e lː æˣ	0
räjähdysalue	r æ j æ h d y s ɑ l u eˣ	0
räjähdyskaasu	r æ j æ h d y s k ɑː s u	0
räjähdysvoima	r æ j æ h d y s ʋ o i̯ m ɑ	1
räkittää	r æ k i tː æːˣ	0
räkiä	r æ k i æ	0
räkiä	r æ k i æˣ	0
räkki	r æ kː i	0
räknätä	r æ k n æ t æˣ	0
räksytetään	r æ k s y t e t æː n	0
räkäisesti	r æ k æ i̯ s e s t iˣ	1
räkärätti	r æ k æ r æ tː i	0
räkätauti	r æ k æ t ɑ u̯ t i	2
rälssitila	r æ l sː i t i l ɑ	4
räme	r æ m eˣ	3
rämeletto	r æ m eˣ l e tː o	0
rämemajava	r æ m eˣ m ɑ j ɑ ʋ ɑ	0
rämemetsä	r æ m eˣ m e t s æ	0
rämesuo	r æ m eˣ s u o̯	0
rämettyä	r æ m e tː y æˣ	0
rämettää	r æ m e tː æːˣ	0
rämeästi	r æ m e æ s t iˣ	0
rämistellä	r æ m i s t e lː æˣ	0
rämisyttää	r æ m i s y tː æːˣ	0
rämpiä	r æ m p i æˣ	1
rämä	r æ m æ	7
rämähdyttää	r æ m æ h d y tː æːˣ	0
rämäkkä	r æ m æ kː æ	0
rämäkästi	r æ m æ k æ s t iˣ	0
rämäpäisesti	r æ m æ p æ i̯ s e s t iˣ	0
rämäyttää	r æ m æ y tː æːˣ	0
ränkky	r æ ŋ kː y	0
ränstyä	r æ n s t y æˣ	0
ränttü	r æ n tː y	0
räntäkuuro	r æ n t æ k uː r o	0
räntälumi	r æ n t æ l u m i	0
räpelö	r æ p e l ø	0
räpistellä	r æ p i s t e lː æˣ	0
räplätä	r æ p l æ t æˣ	0
räppimusiikki	r æ pː i m u s iː kː i	0
räppänä	r æ pː æ n æ	0
räpsiä	r æ p s i æˣ	0
räpsytellä	r æ p s y t e lː æˣ	0
räpsyttää	r æ p s y tː æːˣ	0
räpsähdellä	r æ p s æ h d e lː æˣ	0
räpsähtää	r æ p s æ h t æːˣ	2
räpsäyttää	r æ p s æ y tː æːˣ	0
räpylä	r æ p y l æ	3
räpyläsara	r æ p y l æ s ɑ r ɑ	0
räpytellä	r æ p y t e lː æˣ	2
räpättää	r æ p æ tː æːˣ	0
rästiintyä	r æ s t iː n t y æˣ	0
rästikanto	r æ s t i k ɑ n t o	0
rästiytyä	r æ s t i y t y æˣ	0
räsymatto	r æ s y m ɑ tː o	1
räsähdellä	r æ s æ h d e lː æˣ	0
räsähtää	r æ s æ h t æːˣ	0
räsänen	r æ s æ n e n	128
räsäyttää	r æ s æ y tː æːˣ	0
rätisyttää	r æ t i s y tː æːˣ	0
rätkiä	r æ t k i æˣ	0
rätkyttää	r æ t k y tː æːˣ	0
rätkähtää	r æ t k æ h t æːˣ	0
rätkäyttää	r æ t k æ y tː æːˣ	0
rätsähtää	r æ t s æ h t æːˣ	0
rättipää	r æ tː i p æː	0
rättiväsynyt	r æ tː i ʋ æ s y n y t	1
rävähtää	r æ ʋ æ h t æːˣ	2
räväkästi	r æ ʋ æ k æ s t iˣ	11
räväyttää	r æ ʋ æ y tː æːˣ	3
räyhähenki	r æ y̯ h æ h e ŋ k i	0
räyskiä	r æ y̯ s k i æ	0
räyskiä	r æ y̯ s k i æˣ	0
räyskyttää	r æ y̯ s k y tː æːˣ	0
räystäs	r æ y̯ s t æ s	1
räystäskouru	r æ y̯ s t æ s k o u̯ r u	0
räystäspääsky	r æ y̯ s t æ s p æː s k y	1
räytyä	r æ y̯ t y æˣ	0
rääkkylä	r æː kː y l æ	3
rääkkyläläinen	r æː kː y l æ l æ i̯ n e n	0
rääkkäytyä	r æː kː æ y t y æˣ	0
rääkkääntyä	r æː kː æː n t y æˣ	0
rääkyä	r æː k y æˣ	0
rääpiäiset	r æː p i æ i̯ s e t	0
rääppeet	r æː pː eː t	0
rääppiä	r æː pː i æˣ	0
rääppiäiset	r æː pː i æ i̯ s e t	0
rääpys	r æː p y s	0
räätälintyö	r æː t æ l i n t y ø̯	0
rääveli	r æː ʋ e l i	0
räävittömästi	r æː ʋ i tː ø m æ s t iˣ	0
rääväsuisesti	r æː ʋ æ s u i̯ s e s t iˣ	0
rääy	r æː y	0
rääyttää	r æː y tː æːˣ	0
röhkiä	r ø h k i æˣ	0
röhnöttää	r ø h n ø tː æːˣ	0
röhähdellä	r ø h æ h d e lː æˣ	0
röhähtää	r ø h æ h t æːˣ	0
röhönauru	r ø h ø n ɑ u̯ r u	0
röhöttää	r ø h ø tː æːˣ	0
röijy	r ø i̯ j y	0
rökkiin	r ø kː iː n	0
rökkiinsä	r ø kː iː n s æ	0
rökäletappio	r ø k æ l eˣ t ɑ pː i o	2
röllinurmikka	r ø lː i n u r m i kː ɑ	0
römeästi	r ø m e æ s t iˣ	0
rönsyillä	r ø n s y i̯ lː æˣ	0
rönsyleinikki	r ø n s y l e i̯ n i kː i	0
röntgenkone	r ø n t ɡ e n k o n eˣ	0
röntgenlääkäri	r ø n t ɡ e n l æː k æ r i	4
röntgenologi	r ø n t ɡ e n o l o ɡ i	0
röntgenologinen	r ø n t ɡ e n o l o ɡ i n e n	0
röntgensäde	r ø n t ɡ e n s æ d eˣ	0
rönttönen	r ø n tː ø n e n	0
röpelöinen	r ø p e l ø i̯ n e n	1
röpörieska	r ø p ø r i e̯ s k ɑ	0
rössypottu	r ø sː y p o tː u	0
rösti	r ø s t i	0
röstiperunat	r ø s t i p e r u n ɑ t	0
rötköttää	r ø t k ø tː æːˣ	0
röttelö	r ø tː e l ø	1
rötösherra	r ø t ø s h e rː ɑ	0
rötöstellä	r ø t ø s t e lː æˣ	0
röyhdätä	r ø y̯ h d æ t æˣ	0
röyhelöpaita	r ø y̯ h e l ø p ɑ i̯ t ɑ	0
röyhistellä	r ø y̯ h i s t e lː æˣ	3
röyhkeästi	r ø y̯ h k e æ s t iˣ	11
röyhtäistä	r ø y̯ h t æ i̯ s t æˣ	0
röyhtäyttää	r ø y̯ h t æ y tː æːˣ	0
röyhy	r ø y̯ h y	0
röyhysara	r ø y̯ h y s ɑ r ɑ	0
röyhytellä	r ø y̯ h y t e lː æˣ	0
röyhähdys	r ø y̯ h æ h d y s	0
röyhähtää	r ø y̯ h æ h t æːˣ	0
röykkiökalmisto	r ø y̯ kː i ø k ɑ l m i s t o	0
röykyttää	r ø y̯ k y tː æːˣ	0
röytä	r ø y̯ t æ	0
rööki	r øː k i	0
röökynä	r øː k y n æ	0
sa	s ɑ	58
saa	s ɑː	12057
saa	s ɑːˣ	12057
saada	s ɑː d ɑˣ	5510
saadaan	s ɑː d ɑː n	3501
saadakseni	s ɑː d ɑ k s e n i	13
saakelisti	s ɑː k e l i s t iˣ	0
saakuristi	s ɑː k u r i s t iˣ	0
saaliinhimo	s ɑː l iː n h i m o	0
saalis	s ɑː l i s	60
saalispatsas	s ɑː l i s p ɑ t s ɑ s	0
saalistushinnoittelu	s ɑː l i s t u s h i nː o i̯ tː e l u	0
saamarin	s ɑː m ɑ r i n	1
saamaristi	s ɑː m ɑ r i s t iˣ	0
saamaton	s ɑː m ɑ t o n	6
saame	s ɑː m e	7
saamelaiskäräjät	s ɑː m e l ɑ i̯ s k æ r æ j æ t	23
saana	s ɑː n ɑ	13
saanto	s ɑː n t o	11
saapas	s ɑː p ɑ s	11
saapashousut	s ɑː p ɑ s h o u̯ s u t	0
saapasjalkainen	s ɑː p ɑ s j ɑ l k ɑ i̯ n e n	0
saapasmaa	s ɑː p ɑ s m ɑː	0
saapasnahka	s ɑː p ɑ s n ɑ h k ɑ	0
saapaspihdit	s ɑː p ɑ s p i h d i t	0
saapasrasva	s ɑː p ɑ s r ɑ s ʋ ɑ	0
saapasrenki	s ɑː p ɑ s r e ŋ k i	0
saapasvarsi	s ɑː p ɑ s ʋ ɑ r s i	0
saappaanheitto	s ɑː pː ɑː n h e i̯ tː o	1
saappaankanta	s ɑː pː ɑː n k ɑ n t ɑ	0
saappaankorko	s ɑː pː ɑː n k o r k o	0
saappaanvarsi	s ɑː pː ɑː n ʋ ɑ r s i	0
saapumiserä	s ɑː p u m i s e r æ	0
saapumisilmoitus	s ɑː p u m i s i l m o i̯ t u s	1
saapuvilla	s ɑː p u ʋ i lː ɑ	61
saapuville	s ɑː p u ʋ i lː eˣ	18
saara	s ɑː r ɑ	106
saarekesolusyöpä	s ɑː r e k eˣ s o l u s y ø̯ p æ	0
saarela	s ɑː r e l ɑ	48
saarelainen	s ɑː r e l ɑ i̯ n e n	30
saari	s ɑː r i	224
saarijärveläinen	s ɑː r i j æ r ʋ e l æ i̯ n e n	1
saarijärvi	s ɑː r i j æ r ʋ i	33
saarijärvinen	s ɑː r i j æ r ʋ i n e n	0
saarikaari	s ɑː r i k ɑː r i	0
saarinen	s ɑː r i n e n	238
saaririkas	s ɑː r i r i k ɑ s	0
saariryhmä	s ɑː r i r y h m æ	8
saaristo	s ɑː r i s t o	74
saaristoalus	s ɑː r i s t o ɑ l u s	0
saaristolaislammas	s ɑː r i s t o l ɑ i̯ s l ɑ mː ɑ s	0
saaristolaisyhteisö	s ɑː r i s t o l ɑ i̯ s y h t e i̯ s ø	0
saaristolaiva	s ɑː r i s t o l ɑ i̯ ʋ ɑ	2
saaristolaivasto	s ɑː r i s t o l ɑ i̯ ʋ ɑ s t o	2
saaristoliikenne	s ɑː r i s t o l iː k e nː eˣ	0
saaristomeri	s ɑː r i s t o m e r i	16
saaristopuhelin	s ɑː r i s t o p u h e l i n	0
saaristoristeily	s ɑː r i s t o r i s t e i̯ l y	3
saaristovaltio	s ɑː r i s t o ʋ ɑ l t i o	0
saarna	s ɑː r n ɑ	15
saarnaajaveli	s ɑː r n ɑː j ɑ ʋ e l i	0
saarnalupa	s ɑː r n ɑ l u p ɑ	0
saarnamatka	s ɑː r n ɑ m ɑ t k ɑ	0
saarnanuotti	s ɑː r n ɑ n u o̯ tː i	0
saarnapönttö	s ɑː r n ɑ p ø n tː ø	0
saarnateksti	s ɑː r n ɑ t e k s t i	3
saarnatuoli	s ɑː r n ɑ t u o̯ l i	4
saarnavirsi	s ɑː r n ɑ ʋ i r s i	0
saarni	s ɑː r n i	11
saarrostaa	s ɑː rː o s t ɑːˣ	0
saartaa	s ɑː r t ɑːˣ	0
saarto	s ɑː r t o	8
saarva	s ɑː r ʋ ɑ	0
saasta	s ɑː s t ɑ	1
saaste	s ɑː s t eˣ	5
saastealue	s ɑː s t eˣ ɑ l u eˣ	0
saasteeton	s ɑː s t eː t o n	6
saastuttaa	s ɑː s t u tː ɑːˣ	23
saat	s ɑː t	3093
saatana	s ɑː t ɑ n ɑ	68
saatananpalvoja	s ɑː t ɑ n ɑ n p ɑ l ʋ o j ɑ	1
saatananpalvonta	s ɑː t ɑ n ɑ n p ɑ l ʋ o n t ɑ	4
saatavana	s ɑː t ɑ ʋ ɑ n ɑ	628
saataville	s ɑː t ɑ ʋ i lː eˣ	54
saatavilta	s ɑː t ɑ ʋ i l t ɑ	1
saatesanat	s ɑː t e s ɑ n ɑ t	3
saatikka	s ɑː t i kː ɑ	18
saatille	s ɑː t i lː eˣ	1
saattaa	s ɑː tː ɑːˣ	3559
saattaja	s ɑː tː ɑ j ɑ	9
saattaminen	s ɑː tː ɑ m i n e n	70
saattohoito	s ɑː tː o h o i̯ t o	3
saava	s ɑː ʋ ɑ	35
saavi	s ɑː ʋ i	1
saavuttamattomiin	s ɑː ʋ u tː ɑ m ɑ tː o m iː n	2
saavuttamattomissa	s ɑː ʋ u tː ɑ m ɑ tː o m i sː ɑ	8
saavuttaminen	s ɑː ʋ u tː ɑ m i n e n	153
saavuttaneen	s ɑː ʋ u tː ɑ n eː n	11
sabotoija	s ɑ b o t o i̯ j ɑ	0
sadanta	s ɑ d ɑ n t ɑ	3
sadas	s ɑ d ɑ s	7
sadasosasekunti	s ɑ d ɑ s o s ɑ s e k u n tː i	0
sadasti	s ɑ d ɑ s t iˣ	0
sadastuhannes	s ɑ d ɑ s t u h ɑ nː e s	0
sade	s ɑ d eˣ	68
sadealue	s ɑ d eˣ ɑ l u eˣ	2
sadehousut	s ɑ d eˣ h o u̯ s u t	1
sadepäivä	s ɑ d eˣ p æ i̯ ʋ æ	2
sadesumma	s ɑ d eˣ s u mː ɑ	0
sadetakki	s ɑ d eˣ t ɑ kː i	2
sadetin	s ɑ d e t i n	3
sadetutka	s ɑ d e t u t k ɑ	0
sadevaate	s ɑ d eˣ ʋ ɑː t eˣ	0
sadevesikaivo	s ɑ d eˣ ʋ e s i k ɑ i̯ ʋ o	0
sadin	s ɑ d i n	2
sadonkorjuutyö	s ɑ d o n k o r j uː t y ø̯	0
sadunomaisesti	s ɑ d u n o m ɑ i̯ s e s t iˣ	0
safarituoli	s ɑ f ɑ r i t u o̯ l i	0
saflori	s ɑ f l o r i	1
saha	s ɑ h ɑ	61
sahaava	s ɑ h ɑː ʋ ɑ	0
sahajauho	s ɑ h ɑ j ɑ u̯ h o	0
sahakuvio	s ɑ h ɑ k u ʋ i o	0
sahalihas	s ɑ h ɑ l i h ɑ s	0
sahateollisuus	s ɑ h ɑ t e o lː i s uː s	4
sahautua	s ɑ h ɑ u t u ɑˣ	0
sahrami	s ɑ h r ɑ m i	3
sahti	s ɑ h t i	14
sahuri	s ɑ h u r i	0
sahuuttaa	s ɑ h uː tː ɑːˣ	0
sai	s ɑ i̯	4088
saidasti	s ɑ i̯ d ɑ s t iˣ	0
saiho	s ɑ i̯ h o	0
saija	s ɑ i̯ j ɑ	39
saila	s ɑ i̯ l ɑ	22
saima	s ɑ i̯ m ɑ	6
saimaa	s ɑ i̯ m ɑː	33
saimi	s ɑ i̯ m i	10
saini	s ɑ i̯ n i	3
saippua	s ɑ i̯ pː u ɑ	5
saippuahiutale	s ɑ i̯ pː u ɑ h i u̯ t ɑ l eˣ	0
saippuainen	s ɑ i̯ pː u ɑ i̯ n e n	0
saippuajuuri	s ɑ i̯ pː u ɑ j uː r i	0
saippuakotelo	s ɑ i̯ pː u ɑ k o t e l o	0
saippualiuos	s ɑ i̯ pː u ɑ l i u̯ o s	1
saippuamainen	s ɑ i̯ pː u ɑ m ɑ i̯ n e n	0
saippuamarja	s ɑ i̯ pː u ɑ m ɑ r j ɑ	0
saippuamarjakasvi	s ɑ i̯ pː u ɑ m ɑ r j ɑ k ɑ s ʋ i	0
saippuankeitto	s ɑ i̯ pː u ɑ n k e i̯ tː o	0
saippuanpala	s ɑ i̯ pː u ɑ n p ɑ l ɑ	1
saippuanvalmistus	s ɑ i̯ pː u ɑ n ʋ ɑ l m i s t u s	0
saippuapala	s ɑ i̯ pː u ɑ p ɑ l ɑ	2
saippuapallo	s ɑ i̯ pː u ɑ p ɑ lː o	0
saippuapesu	s ɑ i̯ pː u ɑ p e s u	0
saippuapitoinen	s ɑ i̯ pː u ɑ p i t o i̯ n e n	0
saippuapohjainen	s ɑ i̯ pː u ɑ p o h j ɑ i̯ n e n	0
saippuarasia	s ɑ i̯ pː u ɑ r ɑ s i ɑ	0
saippuasprii	s ɑ i̯ pː u ɑ s p r iː	0
saippuateline	s ɑ i̯ pː u ɑ t e l i n eˣ	0
saippuavati	s ɑ i̯ pː u ɑ ʋ ɑ t i	0
saippuavesi	s ɑ i̯ pː u ɑ ʋ e s i	0
sairaala	s ɑ i̯ r ɑː l ɑ	214
sairaalabakteeri	s ɑ i̯ r ɑː l ɑ b ɑ k t eː r i	1
sairaalafarmaseutti	s ɑ i̯ r ɑː l ɑ f ɑ r m ɑ s e u tː i	0
sairaalafyysikko	s ɑ i̯ r ɑː l ɑ f yː s i kː o	3
sairaalahartaus	s ɑ i̯ r ɑː l ɑ h ɑ r t ɑ u s	0
sairaalahenkilökunta	s ɑ i̯ r ɑː l ɑ h e ŋ k i l ø k u n t ɑ	1
sairaalahenkilöstö	s ɑ i̯ r ɑː l ɑ h e ŋ k i l ø s t ø	0
sairaalainfektio	s ɑ i̯ r ɑː l ɑ i n f e k t i o	0
sairaalajuna	s ɑ i̯ r ɑː l ɑ j u n ɑ	0
sairaalajäte	s ɑ i̯ r ɑː l ɑ j æ t eˣ	0
sairaalakaluste	s ɑ i̯ r ɑː l ɑ k ɑ l u s t eˣ	0
sairaalakemisti	s ɑ i̯ r ɑː l ɑ k e m i s t i	1
sairaalalääkäri	s ɑ i̯ r ɑː l ɑ l æː k æ r i	1
sairaalamaksu	s ɑ i̯ r ɑː l ɑ m ɑ k s u	0
sairaalan	s ɑ i̯ r ɑː l ɑ n	670
sairaalaneuvos	s ɑ i̯ r ɑː l ɑ n e u̯ ʋ o s	0
sairaalapaikka	s ɑ i̯ r ɑː l ɑ p ɑ i̯ kː ɑ	0
sairaalapappi	s ɑ i̯ r ɑː l ɑ p ɑ pː i	2
sairaalapiiri	s ɑ i̯ r ɑː l ɑ p iː r i	0
sairaalapotilas	s ɑ i̯ r ɑː l ɑ p o t i l ɑ s	1
sairaalapöpö	s ɑ i̯ r ɑː l ɑ p ø p ø	0
sairaalarakennus	s ɑ i̯ r ɑː l ɑ r ɑ k e nː u s	4
sairaalaruoka	s ɑ i̯ r ɑː l ɑ r u o̯ k ɑ	0
sairaalasielunhoitaja	s ɑ i̯ r ɑː l ɑ s i e̯ l u n h o i̯ t ɑ j ɑ	9
sairaalasielunhoito	s ɑ i̯ r ɑː l ɑ s i e̯ l u n h o i̯ t o	1
sairaalatekstiili	s ɑ i̯ r ɑː l ɑ t e k s t iː l i	0
sairaalateologi	s ɑ i̯ r ɑː l ɑ t e o l o ɡ i	0
sairaasti	s ɑ i̯ r ɑː s t iˣ	6
sairas	s ɑ i̯ r ɑ s	77
sairaseläke	s ɑ i̯ r ɑ s e l æ k eˣ	0
sairaskohtaus	s ɑ i̯ r ɑ s k o h t ɑ u s	4
sairastaa	s ɑ i̯ r ɑ s t ɑːˣ	51
sairastavuus	s ɑ i̯ r ɑ s t ɑ ʋ uː s	25
sairasteleminen	s ɑ i̯ r ɑ s t e l e m i n e n	0
sairastuminen	s ɑ i̯ r ɑ s t u m i n e n	39
sairasvakuutus	s ɑ i̯ r ɑ s ʋ ɑ k uː t u s	0
sairaudentunnoton	s ɑ i̯ r ɑ u d e n t u nː o t o n	1
sairaudentuntoinen	s ɑ i̯ r ɑ u d e n t u n t o i̯ n e n	0
sairauseläke	s ɑ i̯ r ɑ u s e l æ k eˣ	0
sairauskertomus	s ɑ i̯ r ɑ u s k e r t o m u s	7
sairauskulut	s ɑ i̯ r ɑ u s k u l u t	2
sairauskustannukset	s ɑ i̯ r ɑ u s k u s t ɑ nː u k s e t	0
sairauspoissaolo	s ɑ i̯ r ɑ u s p o i̯ sː ɑ o l o	3
sairauspäivä	s ɑ i̯ r ɑ u s p æ i̯ ʋ æ	0
sairauspäiväraha	s ɑ i̯ r ɑ u s p æ i̯ ʋ æ r ɑ h ɑ	3
sairaustila	s ɑ i̯ r ɑ u s t i l ɑ	0
sairausvakuutus	s ɑ i̯ r ɑ u s ʋ ɑ k uː t u s	23
saituri	s ɑ i̯ t u r i	1
saivo	s ɑ i̯ ʋ o	2
saka	s ɑ k ɑ	0
sakaali	s ɑ k ɑː l i	0
sakaali	ʃ ɑ k ɑː l i	0
sakara	s ɑ k ɑ r ɑ	4
sakari	s ɑ k ɑ r i	187
sakarias	s ɑ k ɑ r i ɑ s	1
sakea	s ɑ k e ɑ	5
saketti	s ɑ k e tː i	0
sakeutua	s ɑ k e u t u ɑˣ	0
sakka	s ɑ kː ɑ	6
sakkaaminen	s ɑ kː ɑː m i n e n	0
sakkaantua	s ɑ kː ɑː n t u ɑˣ	0
sakki	s ɑ kː i	23
sakki	ʃ ɑ kː i	23
sakko	s ɑ kː o	21
sakkomaksu	s ɑ kː o m ɑ k s u	7
sakkorangaistus	s ɑ kː o r ɑ ŋː ɑ i̯ s t u s	10
sako	s ɑ k o	28
sakoluku	s ɑ k o l u k u	0
sakoutua	s ɑ k o u t u ɑˣ	0
saksa	s ɑ k s ɑ	298
saksalainen	s ɑ k s ɑ l ɑ i̯ n e n	161
saksalaismies	s ɑ k s ɑ l ɑ i̯ s m i e̯ s	0
saksalaisnainen	s ɑ k s ɑ l ɑ i̯ s n ɑ i̯ n e n	0
saksanpähkinä	s ɑ k s ɑ n p æ h k i n æ	1
saksilava	s ɑ k s i l ɑ ʋ ɑ	0
saksinosturi	s ɑ k s i n o s t u r i	0
saksitaitto	s ɑ k s i t ɑ i̯ tː o	1
saksitunkki	s ɑ k s i t u ŋ kː i	0
saku	s ɑ k u	57
sala	s ɑ l ɑ	5
salaa	s ɑ l ɑː	76
salaa	s ɑ l ɑːˣ	76
salaaja	s ɑ l ɑː j ɑ	0
salaaminen	s ɑ l ɑː m i n e n	9
salaatti	s ɑ l ɑː tː i	28
salaattilinko	s ɑ l ɑː tː i l i ŋ k o	0
salaattisipuli	s ɑ l ɑː tː i s i p u l i	0
salahanke	s ɑ l ɑ h ɑ ŋ k eˣ	0
salahauta	s ɑ l ɑ h ɑ u̯ t ɑ	0
salahuone	s ɑ l ɑ h u o̯ n eˣ	0
salahyökkäys	s ɑ l ɑ h y ø̯ kː æ y s	0
salaileminen	s ɑ l ɑ i̯ l e m i n e n	0
salaisesti	s ɑ l ɑ i̯ s e s t iˣ	5
salaismenot	s ɑ l ɑ i̯ s m e n o t	0
salaiva	s ɑ l ɑ i ʋ ɑ	0
salajuoppo	s ɑ l ɑ j u o̯ pː o	0
salajuoppous	s ɑ l ɑ j u o̯ pː o u s	0
salajärjestö	s ɑ l ɑ j æ r j e s t ø	0
salakaato	s ɑ l ɑ k ɑː t o	0
salakalastaja	s ɑ l ɑ k ɑ l ɑ s t ɑ j ɑ	0
salakalastus	s ɑ l ɑ k ɑ l ɑ s t u s	0
salakammio	s ɑ l ɑ k ɑ mː i o	0
salakapakointi	s ɑ l ɑ k ɑ p ɑ k o i̯ n t i	0
salakari	s ɑ l ɑ k ɑ r i	5
salakatselu	s ɑ l ɑ k ɑ t s e l u	0
salakatsoja	s ɑ l ɑ k ɑ t s o j ɑ	0
salakauna	s ɑ l ɑ k ɑ u̯ n ɑ	0
salakauppa	s ɑ l ɑ k ɑ u̯ pː ɑ	0
salakavalasti	s ɑ l ɑ k ɑ ʋ ɑ l ɑ s t iˣ	12
salaki	s ɑ l ɑ k i	0
salakihlaus	s ɑ l ɑ k i h l ɑ u s	0
salakirjoitustekniikka	s ɑ l ɑ k i r j o i̯ t u s t e k n iː kː ɑ	0
salakivi	s ɑ l ɑ k i ʋ i	0
salakka	s ɑ l ɑ kː ɑ	6
salakomero	s ɑ l ɑ k o m e r o	0
salakuoppa	s ɑ l ɑ k u o̯ pː ɑ	0
salakuuntelija	s ɑ l ɑ k uː n t e l i j ɑ	0
salakuuntelu	s ɑ l ɑ k uː n t e l u	0
salakuva	s ɑ l ɑ k u ʋ ɑ	0
salakuvata	s ɑ l ɑ k u ʋ ɑ t ɑˣ	0
salakyttä	s ɑ l ɑ k y tː æ	0
salakähmäisyys	s ɑ l ɑ k æ h m æ i̯ s yː s	0
salakätkö	s ɑ l ɑ k æ t k ø	0
salalaatikko	s ɑ l ɑ l ɑː t i kː o	0
salalause	s ɑ l ɑ l ɑ u̯ s eˣ	0
salaliitto	s ɑ l ɑ l iː tː o	7
salalokero	s ɑ l ɑ l o k e r o	0
salalukko	s ɑ l ɑ l u kː o	0
salaluoto	s ɑ l ɑ l u o̯ t o	0
salaluukku	s ɑ l ɑ l uː kː u	0
salama	s ɑ l ɑ m ɑ	52
salamanisku	s ɑ l ɑ m ɑ n i s k u	4
salamannopea	s ɑ l ɑ m ɑ n n o p e ɑ	1
salamanpaikannin	s ɑ l ɑ m ɑ n p ɑ i̯ k ɑ nː i n	1
salamanteri	s ɑ l ɑ m ɑ n t e r i	1
salamapallo	s ɑ l ɑ m ɑ p ɑ lː o	0
salamatutka	s ɑ l ɑ m ɑ t u t k ɑ	0
salameno	s ɑ l ɑ m e n o	0
salamenot	s ɑ l ɑ m e n o t	0
salamerkki	s ɑ l ɑ m e r kː i	0
salami	s ɑ l ɑ m i	1
salamyhkäisesti	s ɑ l ɑ m y h k æ i̯ s e s t iˣ	0
salamyhkäisyys	s ɑ l ɑ m y h k æ i̯ s yː s	2
salamyhkää	s ɑ l ɑ m y h k æː	0
salaneuvos	s ɑ l ɑ n e u̯ ʋ o s	0
salaoppi	s ɑ l ɑ o pː i	1
salaperäisesti	s ɑ l ɑ p e r æ i̯ s e s t iˣ	4
salapoliisiromaani	s ɑ l ɑ p o l iː s i r o m ɑː n i	0
salarakas	s ɑ l ɑ r ɑ k ɑ s	0
salasanoma	s ɑ l ɑ s ɑ n o m ɑ	0
salaseura	s ɑ l ɑ s e u̯ r ɑ	3
salasoppi	s ɑ l ɑ s o pː i	0
salassapito	s ɑ l ɑ sː ɑ p i t o	7
salasuhde	s ɑ l ɑ s u h d eˣː	0
salasurma	s ɑ l ɑ s u r m ɑ	0
salata	s ɑ l ɑ t ɑˣ	32
salatajunta	s ɑ l ɑ t ɑ j u n t ɑ	0
salaus	s ɑ l ɑ u s	15
salausmenetelmä	s ɑ l ɑ u s m e n e t e l m æ	1
salaustapa	s ɑ l ɑ u s t ɑ p ɑ	0
salava	s ɑ l ɑ ʋ ɑ	0
salavaarna	s ɑ l ɑ ʋ ɑː r n ɑ	0
salavaimo	s ɑ l ɑ ʋ ɑ i̯ m o	0
salavehje	s ɑ l ɑ ʋ e h j eˣ	0
salavehkeilijä	s ɑ l ɑ ʋ e h k e i̯ l i j æ	0
salavehkeily	s ɑ l ɑ ʋ e h k e i̯ l y	0
salavihkaa	s ɑ l ɑ ʋ i h k ɑː	1
salavihkaisesti	s ɑ l ɑ ʋ i h k ɑ i̯ s e s t iˣ	0
salaviisas	s ɑ l ɑ ʋ iː s ɑ s	0
salaviisaus	s ɑ l ɑ ʋ iː s ɑ u s	0
salavoima	s ɑ l ɑ ʋ o i̯ m ɑ	0
salavuode	s ɑ l ɑ ʋ u o̯ d eˣ	0
salavuoteus	s ɑ l ɑ ʋ u o̯ t e u s	0
saldo	s ɑ l d o	55
saletti	s ɑ l e tː i	2
sali	s ɑ l i	125
salibandy	s ɑ l i b æ n d i	22
salibandy	s ɑ l i b ɑ n d y	22
salikirkko	s ɑ l i k i r kː o	0
salkkari	s ɑ l kː ɑ r i	0
salkku	s ɑ l kː u	18
salko	s ɑ l k o	7
salkopallo	s ɑ l k o p ɑ lː o	0
salla	s ɑ lː ɑ	59
sallalainen	s ɑ lː ɑ l ɑ i̯ n e n	0
sallatti	s ɑ lː ɑ tː i	0
salli	s ɑ lː i	92
sallia	s ɑ lː i ɑˣ	121
sallimus	s ɑ lː i m u s	2
sallivasti	s ɑ lː i ʋ ɑ s t iˣ	1
salme	s ɑ l m e	45
salmeksi	s ɑ l m e k s i	0
salmela	s ɑ l m e l ɑ	58
salmi	s ɑ l m i	147
salminen	s ɑ l m i n e n	192
salo	s ɑ l o	280
salokylä	s ɑ l o k y l æ	0
salolainen	s ɑ l o l ɑ i̯ n e n	4
salomo	s ɑ l o m o	15
salomon	s ɑ l o m o n	34
salonen	s ɑ l o n e n	174
salonki	s ɑ l o ŋ k i	3
salonkikelpoisesti	s ɑ l o ŋ k i k e l p o i̯ s e s t iˣ	1
saloseutu	s ɑ l o s e u̯ t u	0
salpa	s ɑ l p ɑ	13
salpaaja	s ɑ l p ɑː j ɑ	0
salpaantua	s ɑ l p ɑː n t u ɑˣ	0
salparauta	s ɑ l p ɑ r ɑ u̯ t ɑ	0
salpausselkä	s ɑ l p ɑ u s s e l k æ	1
salpautua	s ɑ l p ɑ u t u ɑˣ	1
salpietarikeittämö	s ɑ l p i e t ɑ r i k e i̯ tː æ m ø	0
salsa	s ɑ l s ɑ	9
saltvik	s ɑ l t ʋ iː k	3
salusiini	s ɑ l u s iː n i	0
salva	s ɑ l ʋ ɑ	0
salvaa	s ɑ l ʋ ɑː	2
salvaa	s ɑ l ʋ ɑːˣ	2
salvata	s ɑ l ʋ ɑ t ɑˣ	1
salvattimet	s ɑ l ʋ ɑ tː i m e t	0
salvia	s ɑ l ʋ i ɑ	8
salvos	s ɑ l ʋ o s	0
sama	s ɑ m ɑ	2105
samaani	ʃ ɑ m ɑː n i	0
samaanne	s ɑ m ɑː nː eˣ	0
samaistua	s ɑ m ɑ i̯ s t u ɑˣ	18
samanhenkinen	s ɑ m ɑ n h e ŋ k i n e n	4
samanhintainen	s ɑ m ɑ n h i n t ɑ i̯ n e n	1
samankaltaisesti	s ɑ m ɑ n k ɑ l t ɑ i̯ s e s t iˣ	2
samankaltaistua	s ɑ m ɑ n k ɑ l t ɑ i̯ s t u ɑˣ	0
samankantainen	s ɑ m ɑ n k ɑ n t ɑ i̯ n e n	0
samankeskisesti	s ɑ m ɑ n k e s k i s e s t iˣ	0
samankeskisyys	s ɑ m ɑ n k e s k i s yː s	1
samankohtainen	s ɑ m ɑ n k o h t ɑ i̯ n e n	0
samankokoinen	s ɑ m ɑ n k o k o i̯ n e n	12
samankorkuinen	s ɑ m ɑ n k o r k u i̯ n e n	0
samanlainen	s ɑ m ɑ n l ɑ i̯ n e n	316
samanlaistaa	s ɑ m ɑ n l ɑ i̯ s t ɑːˣ	0
samanlaistua	s ɑ m ɑ n l ɑ i̯ s t u ɑˣ	0
samanlevyinen	s ɑ m ɑ n l e ʋ y i̯ n e n	0
samanmakuinen	s ɑ m ɑ n m ɑ k u i̯ n e n	0
samanmerkkinen	s ɑ m ɑ n m e r kː i n e n	0
samanmuotoinen	s ɑ m ɑ n m u o̯ t o i̯ n e n	1
samanne	s ɑ m ɑ nː eˣ	1
samanniminen	s ɑ m ɑ n n i m i n e n	19
samanpaksuinen	s ɑ m ɑ n p ɑ k s u i̯ n e n	1
samanpituinen	s ɑ m ɑ n p i t u i̯ n e n	0
samansisältöinen	s ɑ m ɑ n s i s æ l t ø i̯ n e n	13
samansuuntaistaa	s ɑ m ɑ n s uː n t ɑ i̯ s t ɑːˣ	0
samansuuntaistua	s ɑ m ɑ n s uː n t ɑ i̯ s t u ɑˣ	0
samansuuruinen	s ɑ m ɑ n s uː r u i̯ n e n	22
samansyvyinen	s ɑ m ɑ n s y ʋ y i̯ n e n	0
samansäteinen	s ɑ m ɑ n s æ t e i̯ n e n	0
samansävyinen	s ɑ m ɑ n s æ ʋ y i̯ n e n	0
samantasoinen	s ɑ m ɑ n t ɑ s o i̯ n e n	11
samantekevä	s ɑ m ɑ n t e k e ʋ æ	3
samanveroinen	s ɑ m ɑ n ʋ e r o i̯ n e n	1
samanvärinen	s ɑ m ɑ n ʋ æ r i n e n	0
samastaa	s ɑ m ɑ s t ɑːˣ	6
samastua	s ɑ m ɑ s t u ɑˣ	8
samaten	s ɑ m ɑ t e n	49
samea	s ɑ m e ɑ	5
samettihousut	s ɑ m e tː i h o u̯ s u t	0
samettikukka	s ɑ m e tː i k u kː ɑ	0
sameuttaa	s ɑ m e u tː ɑːˣ	0
sami	s ɑ m i	524
sammakko	s ɑ mː ɑ kː o	23
sammal	s ɑ mː ɑ l	8
sammalinen	s ɑ mː ɑ l i n e n	0
sammaltua	s ɑ mː ɑ l t u ɑˣ	0
sammarit	s ɑ mː ɑ r i t	0
sammas	s ɑ mː ɑ s	1
sammua	s ɑ mː u ɑˣ	5
sammuttaa	s ɑ mː u tː ɑːˣ	56
sammutusjauhe	s ɑ mː u t u s j ɑ u̯ h eˣ	0
sammutuslentokone	s ɑ mː u t u s l e n t o k o n e	0
sammutustyö	s ɑ mː u t u s t y ø̯	0
samoanlentäväkoira	s ɑ m o ɑ n l e n t æ ʋ æ k o i̯ r ɑ	0
samoilu	s ɑ m o i̯ l u	3
samota	s ɑ m o t ɑˣ	0
samperisti	s ɑ m p e r i s t iˣ	0
sampi	s ɑ m p i	2
sampo	s ɑ m p o	162
sampoo	s ɑ m pː oː	0
sampoo	ʃ ɑ m pː oː	0
sampsa	s ɑ m p s ɑ	14
samu	s ɑ m u	23
samuel	s ɑ m u e l	72
samuli	s ɑ m u l i	117
samurai	s ɑ m u r ɑ i̯	4
sana	s ɑ n ɑ	784
sanahaku	s ɑ n ɑ h ɑ k u	7
sanailu	s ɑ n ɑ i̯ l u	0
sanake	s ɑ n ɑ k eˣ	0
sanakirja	s ɑ n ɑ k i r j ɑ	58
sanakirjatyö	s ɑ n ɑ k i r j ɑ t y ø̯	1
sanakirjoitus	s ɑ n ɑ k i r j o i̯ t u s	0
sanakäänne	s ɑ n ɑ k æː nː eˣ	0
sanalleen	s ɑ n ɑ lː eː n	0
sanallistaa	s ɑ n ɑ lː i s t ɑːˣ	0
sanaluettelo	s ɑ n ɑ l u e tː e l o	2
sanamerkki	s ɑ n ɑ m e r kː i	1
sanamuoto	s ɑ n ɑ m u o̯ t o	14
sananiekka	s ɑ n ɑ n i e̯ kː ɑ	2
sananjalka	s ɑ n ɑ n j ɑ l k ɑ	2
sananjulistaja	s ɑ n ɑ n j u l i s t ɑ j ɑ	0
sananjulistus	s ɑ n ɑ n j u l i s t u s	0
sanankuulija	s ɑ n ɑ n k uː l i j ɑ	0
sanankäyttäjä	s ɑ n ɑ n k æ y̯ tː æ j æ	1
sanankäyttö	s ɑ n ɑ n k æ y̯ tː ø	0
sananloppu	s ɑ n ɑ n l o pː u	0
sananloppuinen	s ɑ n ɑ n l o pː u i̯ n e n	1
sananmuodostus	s ɑ n ɑ n m u o̯ d o s t u s	1
sananmuoto	s ɑ n ɑ n m u o̯ t o	2
sananparsi	s ɑ n ɑ n p ɑ r s i	2
sanansa	s ɑ n ɑ n s ɑ	89
sanansaattaja	s ɑ n ɑ n s ɑː tː ɑ j ɑ	8
sananselittäjä	s ɑ n ɑ n s e l i tː æ j æ	0
sananselitys	s ɑ n ɑ n s e l i t y s	0
sananvalta	s ɑ n ɑ n ʋ ɑ l t ɑ	1
sananvastuu	s ɑ n ɑ n ʋ ɑ s t uː	0
sanapaino	s ɑ n ɑ p ɑ i̯ n o	0
sanapesye	s ɑ n ɑ p e s y eˣ	0
sanaryöppy	s ɑ n ɑ r y ø̯ pː y	0
sanasanainen	s ɑ n ɑ s ɑ n ɑ i̯ n e n	0
sanaseppä	s ɑ n ɑ s e pː æ	0
sanasilla	s ɑ n ɑ s i lː ɑ	0
sanasille	s ɑ n ɑ s i lː eˣ	0
sanastaa	s ɑ n ɑ s t ɑːˣ	0
sanastontutkimus	s ɑ n ɑ s t o n t u t k i m u s	0
sanastus	s ɑ n ɑ s t u s	0
sanasutkaus	s ɑ n ɑ s u t k ɑ u s	0
sanataide	s ɑ n ɑ t ɑ i̯ d eˣ	6
sanataituri	s ɑ n ɑ t ɑ i̯ t u r i	1
sanataituruus	s ɑ n ɑ t ɑ i̯ t u r uː s	0
sanattomasti	s ɑ n ɑ tː o m ɑ s t iˣ	3
sanattomuus	s ɑ n ɑ tː o m uː s	0
sanatulva	s ɑ n ɑ t u l ʋ ɑ	0
sanavalinta	s ɑ n ɑ ʋ ɑ l i n t ɑ	3
sanavalmis	s ɑ n ɑ ʋ ɑ l m i s	5
sanavalmius	s ɑ n ɑ ʋ ɑ l m i u s	2
sanavarat	s ɑ n ɑ ʋ ɑ r ɑ t	0
sanaverkko	s ɑ n ɑ ʋ e r kː o	0
sanavuolaus	s ɑ n ɑ ʋ u o̯ l ɑ u s	0
sanavälistys	s ɑ n ɑ ʋ æ l i s t y s	0
sane	s ɑ n eˣ	1
saneen	s ɑ n eː n	1
saneerausehdotus	s ɑ n eː r ɑ u s e h d o t u s	0
saneerausohjelma	s ɑ n eː r ɑ u s o h j e l m ɑ	3
saneerausohjelmaehdotus	s ɑ n eː r ɑ u s o h j e l m ɑ e h d o t u s	0
saneet	s ɑ n eː t	3
sanelin	s ɑ n e l i n	2
sanelma	s ɑ n e l m ɑ	3
sangat	s ɑ ŋː ɑ t	7
sangen	s ɑ ŋː e n	139
sangi	s ɑ ŋː i	3
sanikkainen	s ɑ n i kː ɑ i̯ n e n	0
saniteettikalusteet	s ɑ n i t eː tː i k ɑ l u s t eː t	1
saniteettitavara	s ɑ n i t eː tː i t ɑ ʋ ɑ r ɑ	0
sanka	s ɑ ŋ k ɑ	1
sankalasit	s ɑ ŋ k ɑ l ɑ s i t	0
sankari	s ɑ ŋ k ɑ r i	73
sankarihauta	s ɑ ŋ k ɑ r i h ɑ u̯ t ɑ	0
sankarihautausmaa	s ɑ ŋ k ɑ r i h ɑ u̯ t ɑ u s m ɑː	0
sankarikoira	s ɑ ŋ k ɑ r i k o i̯ r ɑ	1
sankarillisesti	s ɑ ŋ k ɑ r i lː i s e s t iˣ	3
sankarimuistomerkki	s ɑ ŋ k ɑ r i m u i̯ s t o m e r kː i	1
sankaripatsas	s ɑ ŋ k ɑ r i p ɑ t s ɑ s	2
sankaritar	s ɑ ŋ k ɑ r i t ɑ r	6
sanko	s ɑ ŋ k o	2
sankoruisku	s ɑ ŋ k o r u i̯ s k u	0
sanna	s ɑ nː ɑ	275
sanni	s ɑ nː i	22
sannoittaa	s ɑ nː o i̯ tː ɑːˣ	0
sanoa	s ɑ n o ɑˣ	1295
sanoi	s ɑ n o i̯	1346
sanomakellot	s ɑ n o m ɑ k e lː o t	0
sanomalehti	s ɑ n o m ɑ l e h t i	116
sanomalehtisali	s ɑ n o m ɑ l e h t i s ɑ l i	1
sanomattomasti	s ɑ n o m ɑ tː o m ɑ s t iˣ	1
sanominen	s ɑ n o m i n e n	6
sanontatapa	s ɑ n o n t ɑ t ɑ p ɑ	2
sanotaan	s ɑ n o t ɑː n	494
sanottaneen	s ɑ n o tː ɑ n eː n	1
sanottavasti	s ɑ n o tː ɑ ʋ ɑ s t iˣ	15
santa	s ɑ n t ɑ	38
santaa	s ɑ n t ɑː	1
santelipuu	s ɑ n t e l i p uː	0
santeri	s ɑ n t e r i	29
santsi	s ɑ n t s i	0
santtu	s ɑ n tː u	26
saostuminen	s ɑ o s t u m i n e n	1
saostus	s ɑ o s t u s	1
saostusaine	s ɑ o s t u s ɑ i̯ n eˣ	0
sapa	s ɑ p ɑ	4
saparo	s ɑ p ɑ r o	0
sapekkaasti	s ɑ p e kː ɑː s t iˣ	0
sapeli	s ɑ p e l i	3
sapelihammas	s ɑ p e l i h ɑ mː ɑ s	0
sapilas	s ɑ p i l ɑ s	0
sapiska	s ɑ p i s k ɑ	0
saponiini	s ɑ p o n iː n i	0
sappi	s ɑ pː i	2
sappikivi	s ɑ pː i k i ʋ i	0
sappirakkosyöpä	s ɑ pː i r ɑ kː o s y ø̯ p æ	0
sappitiehyt	s ɑ pː i t i e̯ h y t	0
saprofyyttinen	s ɑ p r o f yː tː i n e n	0
saproliitti	s ɑ p r o l iː tː i	0
sapuska	s ɑ p u s k ɑ	2
sara	s ɑ r ɑ	71
sara	s ɑː r ɑ	71
sarafaani	s ɑ r ɑ f ɑː n i	1
sarakasvi	s ɑ r ɑ k ɑ s ʋ i	0
sarake	s ɑ r ɑ k eˣ	11
sarakevektori	s ɑ r ɑ k eˣ ʋ e k t o r i	0
sarana	s ɑ r ɑ n ɑ	4
sarananivel	s ɑ r ɑ n ɑ n i ʋ e l	1
saranapöytä	s ɑ r ɑ n ɑ p ø y̯ t æ	0
saraseeni	s ɑ r ɑ s eː n i	0
sarastaa	s ɑ r ɑ s t ɑːˣ	6
sarda	s ɑ r d ɑ	0
sari	s ɑ r i	343
sarita	s ɑ r i t ɑ	9
sarja	s ɑ r j ɑ	427
sarjakausi	s ɑ r j ɑ k ɑ u̯ s i	2
sarjakehitelmä	s ɑ r j ɑ k e h i t e l m æ	0
sarjakuvataiteilija	s ɑ r j ɑ k u ʋ ɑ t ɑ i̯ t e i̯ l i j ɑ	2
sarjakuvaus	s ɑ r j ɑ k u ʋ ɑ u s	1
sarjaliitin	s ɑ r j ɑ l iː t i n	0
sarjaliitäntä	s ɑ r j ɑ l iː t æ n t æ	2
sarjallistaa	s ɑ r j ɑ lː i s t ɑːˣ	0
sarjapöytä	s ɑ r j ɑ p ø y̯ t æ	0
sarjatuli	s ɑ r j ɑ t u l i	1
sarjatuliase	s ɑ r j ɑ t u l i ɑ s eˣ	0
sarjatyö	s ɑ r j ɑ t y ø̯	1
sarjavalmisteinen	s ɑ r j ɑ ʋ ɑ l m i s t e i̯ n e n	0
sarjoa	s ɑ r j o ɑˣ	0
sarjoittaa	s ɑ r j o i̯ tː ɑːˣ	1
sarjoittain	s ɑ r j o i̯ tː ɑ i̯ n	7
sarka	s ɑ r k ɑ	3
sarkahousut	s ɑ r k ɑ h o u̯ s u t	0
sarkajako	s ɑ r k ɑ j ɑ k o	0
sarkamylly	s ɑ r k ɑ m y lː y	0
sarkastisesti	s ɑ r k ɑ s t i s e s t iˣ	5
sarkatakki	s ɑ r k ɑ t ɑ kː i	0
sarkatamppi	s ɑ r k ɑ t ɑ m pː i	0
sarkoidoosi	s ɑ r k o i̯ d oː s i	2
sarkomeeri	s ɑ r k o m eː r i	0
sarvas	s ɑ r ʋ ɑ s	7
sarveiskalvo	s ɑ r ʋ e i̯ s k ɑ l ʋ o	9
sarveiskalvonsiirto	s ɑ r ʋ e i̯ s k ɑ l ʋ o n s iː r t o	0
sarveissuomu	s ɑ r ʋ e i̯ s s u o̯ m u	0
sarveistua	s ɑ r ʋ e i̯ s t u ɑˣ	0
sarvi	s ɑ r ʋ i	17
sarvihopea	s ɑ r ʋ i h o p e ɑ	0
sarvihöylä	s ɑ r ʋ i h ø y̯ l æ	0
sarvijaakko	s ɑ r ʋ i j ɑː kː o	2
sarvikala	s ɑ r ʋ i k ɑ l ɑ	0
sarvikalkkarokäärme	s ɑ r ʋ i k ɑ l kː ɑ r o k æː r m eˣ	0
sarvikampa	s ɑ r ʋ i k ɑ m p ɑ	0
sarvikarja	s ɑ r ʋ i k ɑ r j ɑ	0
sarvikiuru	s ɑ r ʋ i k i u̯ r u	0
sarvikko	s ɑ r ʋ i kː o	0
sarvikumi	s ɑ r ʋ i k u m i	0
sarvikuono	s ɑ r ʋ i k u o̯ n o	2
sarvikuonokas	s ɑ r ʋ i k u o̯ n o k ɑ s	0
sarvikuonokyy	s ɑ r ʋ i k u o̯ n o k yː	0
sarvikuonoleguaani	s ɑ r ʋ i k u o̯ n o l e ɡ u ɑː n i	0
sarvikuonolintu	s ɑ r ʋ i k u o̯ n o l i n t u	0
sarvikyy	s ɑ r ʋ i k yː	0
sarvilastu	s ɑ r ʋ i l ɑ s t u	0
sarvilevy	s ɑ r ʋ i l e ʋ y	0
sarviliima	s ɑ r ʋ i l iː m ɑ	0
sarviliitti	s ɑ r ʋ i l iː tː i	0
sarvilinna	s ɑ r ʋ i l i nː ɑ	2
sarvilintu	s ɑ r ʋ i l i n t u	0
sarvilusikka	s ɑ r ʋ i l u s i kː ɑ	0
sarvimiina	s ɑ r ʋ i m iː n ɑ	0
sarviniekka	s ɑ r ʋ i n i e̯ kː ɑ	0
sarvinokka	s ɑ r ʋ i n o kː ɑ	0
sarvio	s ɑ r ʋ i o	1
sarvioksa	s ɑ r ʋ i o k s ɑ	0
sarviorvokki	s ɑ r ʋ i o r ʋ o kː i	0
sarvipää	s ɑ r ʋ i p æː	0
sarvirauta	s ɑ r ʋ i r ɑ u̯ t ɑ	0
sarviruoste	s ɑ r ʋ i r u o̯ s t eˣ	0
sarvisankainen	s ɑ r ʋ i s ɑ ŋ k ɑ i̯ n e n	0
sarvityö	s ɑ r ʋ i t y ø̯	0
sarviöljy	s ɑ r ʋ i ø l j y	0
saskatchewan	s ɑ s k ɑ t ʃ e ʋ ɑ n	1
sastamala	s ɑ s t ɑ m ɑ l ɑ	0
sastamalalainen	s ɑ s t ɑ m ɑ l ɑ l ɑ i̯ n e n	0
sasu	s ɑ s u	27
sata	s ɑ t ɑ	465
sataa	s ɑ t ɑː	199
sataa	s ɑ t ɑːˣ	199
satakaksikymmentä	s ɑ t ɑ k ɑ k s i k y mː e n t æ	0
satakertaisesti	s ɑ t ɑ k e r t ɑ i̯ s e s t i	3
satakunta	s ɑ t ɑ k u n t ɑ	60
satama	s ɑ t ɑ m ɑ	153
satamaan	s ɑ t ɑ m ɑː n	102
satamaneuvos	s ɑ t ɑ m ɑ n e u̯ ʋ o s	0
satamanosturi	s ɑ t ɑ m ɑ n o s t u r i	0
satamapalvelu	s ɑ t ɑ m ɑ p ɑ l ʋ e l u	0
satamatyömies	s ɑ t ɑ m ɑ t y ø̯ m i e̯ s	0
satamäärin	s ɑ t ɑ m æː r i n	6
sateenharmaa	s ɑ t eː n h ɑ r m ɑː	0
sateenkaari	s ɑ t eː n k ɑː r i	14
sateenkaarikala	s ɑ t eː n k ɑː r i k ɑ l ɑ	0
sateenteko	s ɑ t eː n t e k o	0
sateenvarjo	s ɑ t eː n ʋ ɑ r j o	8
sateenvarjorattaat	s ɑ t eː n ʋ ɑ r j o r ɑ tː ɑː t	1
sateettomasti	s ɑ t eː tː o m ɑ s t iˣ	0
satelliittilähetys	s ɑ t e lː iː tː i l æ h e t y s	0
satelliittimaa	s ɑ t e lː iː tː i m ɑː	0
satelliittimittaus	s ɑ t e lː iː tː i m i tː ɑ u s	0
satelliittiohjelma	s ɑ t e lː iː tː i o h j e l m ɑ	0
satelliittipuhelinyhteys	s ɑ t e lː iː tː i p u h e l i n y h t e y s	0
satelliittipuhelu	s ɑ t e lː iː tː i p u h e l u	0
satelliittirata	s ɑ t e lː iː tː i r ɑ t ɑ	0
satelliittitehdas	s ɑ t e lː iː tː i t e h d ɑ s	0
satelliittivaltio	s ɑ t e lː iː tː i ʋ ɑ l t i o	0
satelliittiyhteys	s ɑ t e lː iː tː i y h t e y s	0
sato	s ɑ t o	106
satokausi	s ɑ t o k ɑ u̯ s i	10
satovahinko	s ɑ t o ʋ ɑ h i ŋ k o	0
satovuosi	s ɑ t o ʋ u o̯ s i	2
satraappikunta	s ɑ t r ɑː pː i k u n t ɑ	0
satsuma	s ɑ t s u m ɑ	1
sattua	s ɑ tː u ɑˣ	21
sattumanvaraisesti	s ɑ tː u m ɑ n ʋ ɑ r ɑ i̯ s e s t iˣ	25
sattuneesta	s ɑ tː u n eː s t ɑ	21
sattunut	s ɑ tː u n u t	116
sattuvasti	s ɑ tː u ʋ ɑ s t iˣ	10
satu	s ɑ t u	391
satula	s ɑ t u l ɑ	9
satulahuopa	s ɑ t u l ɑ h u o̯ p ɑ	0
satulakatto	s ɑ t u l ɑ k ɑ tː o	0
satulalaukku	s ɑ t u l ɑ l ɑ u̯ kː u	0
satulanivel	s ɑ t u l ɑ n i ʋ e l	1
satulapinta	s ɑ t u l ɑ p i n t ɑ	0
satulaputki	s ɑ t u l ɑ p u t k i	0
satulipeili	s ɑ t u l i p e i̯ l i	0
satunnainen	s ɑ t u nː ɑ i̯ n e n	33
satunnaisluku	s ɑ t u nː ɑ i̯ s l u k u	0
satunnaislukugeneraattori	s ɑ t u nː ɑ i̯ s l u k u ɡ e n e r ɑː tː o r i	1
satunnaisotos	s ɑ t u nː ɑ i̯ s o t o s	2
satunnaissiemen	s ɑ t u nː ɑ i̯ s s i e̯ m e n	0
satunnaistaa	s ɑ t u nː ɑ i̯ s t ɑːˣ	0
satunnaistapahtuma	s ɑ t u nː ɑ i̯ s t ɑ p ɑ h t u m ɑ	0
satunnaisvaikutus	s ɑ t u nː ɑ i̯ s ʋ ɑ i̯ k u t u s	0
satunnaisvektori	s ɑ t u nː ɑ i̯ s ʋ e k t o r i	0
satunnaisvirhe	s ɑ t u nː ɑ i̯ s ʋ i r h eˣ	0
satuttaa	s ɑ t u tː ɑːˣ	8
sauhutella	s ɑ u̯ h u t e lː ɑˣ	0
saukko	s ɑ u̯ kː o	13
sauli	s ɑ u̯ l i	89
sauma	s ɑ u̯ m ɑ	18
saumari	s ɑ u̯ m ɑ r i	0
saumauskone	s ɑ u̯ m ɑ u s k o n eˣ	0
saumautua	s ɑ u̯ m ɑ u t u ɑˣ	0
saumoittaa	s ɑ u̯ m o i̯ tː ɑːˣ	0
saumuri	s ɑ u̯ m u r i	1
sauna	s ɑ u̯ n ɑ	413
saunaharja	s ɑ u̯ n ɑ h ɑ r j ɑ	0
saunakukka	s ɑ u̯ n ɑ k u kː ɑ	0
saunamakkara	s ɑ u̯ n ɑ m ɑ kː ɑ r ɑ	0
saunapalvikinkku	s ɑ u̯ n ɑ p ɑ l ʋ i k i ŋ kː u	0
saunapirtti	s ɑ u̯ n ɑ p i r tː i	0
saunapolku	s ɑ u̯ n ɑ p o l k u	1
saunapuut	s ɑ u̯ n ɑ p uː t	1
saunaranta	s ɑ u̯ n ɑ r ɑ n t ɑ	0
saunasieni	s ɑ u̯ n ɑ s i e̯ n i	0
saunatakki	s ɑ u̯ n ɑ t ɑ kː i	0
saunatie	s ɑ u̯ n ɑ t i e̯	1
saunotella	s ɑ u̯ n o t e lː ɑˣ	0
saunottaa	s ɑ u̯ n o tː ɑːˣ	0
saurikki	s ɑ u̯ r i kː i	0
sauropodi	s ɑ u̯ r o p o d i	0
sauva	s ɑ u̯ ʋ ɑ	23
sauvasekoitin	s ɑ u̯ ʋ ɑ s e k o i̯ t i n	0
sauvo	s ɑ u̯ ʋ o	46
sauvolainen	s ɑ u̯ ʋ o l ɑ i̯ n e n	16
savakkomurteet	s ɑ ʋ ɑ kː o m u r t eː t	0
savela	s ɑ ʋ e l ɑ	11
savenvalaja	s ɑ ʋ e n ʋ ɑ l ɑ j ɑ	3
savenvalanta	s ɑ ʋ e n ʋ ɑ l ɑ n t ɑ	0
savenvalu	s ɑ ʋ e n ʋ ɑ l u	0
savi	s ɑ ʋ i	34
saviastia	s ɑ ʋ i ɑ s t i ɑ	4
saviesine	s ɑ ʋ i e s i n eˣ	0
saviharkko	s ɑ ʋ i h ɑ r kː o	0
saviheinä	s ɑ ʋ i h e i̯ n æ	0
savihoito	s ɑ ʋ i h o i̯ t o	3
savijalka	s ɑ ʋ i j ɑ l k ɑ	0
savikakku	s ɑ ʋ i k ɑ kː u	0
savikerros	s ɑ ʋ i k e rː o s	3
savikerrostuma	s ɑ ʋ i k e rː o s t u m ɑ	0
savikimpale	s ɑ ʋ i k i m p ɑ l eˣ	0
savikokkare	s ɑ ʋ i k o kː ɑ r eˣ	0
savikukko	s ɑ ʋ i k u kː o	0
savikuoppa	s ɑ ʋ i k u o̯ pː ɑ	0
savikuppi	s ɑ ʋ i k u pː i	0
savikylpy	s ɑ ʋ i k y l p y	0
savilieju	s ɑ ʋ i l i e̯ j u	0
savimaa	s ɑ ʋ i m ɑː	1
savimineraali	s ɑ ʋ i m i n e r ɑː l i	0
savinen	s ɑ ʋ i n e n	1
saviperäinen	s ɑ ʋ i p e r æ i̯ n e n	0
savipiippu	s ɑ ʋ i p iː pː u	0
savipitoinen	s ɑ ʋ i p i t o i̯ n e n	1
savipohja	s ɑ ʋ i p o h j ɑ	1
savipuoli	s ɑ ʋ i p u o̯ l i	0
savirakennus	s ɑ ʋ i r ɑ k e nː u s	0
savitaipale	s ɑ ʋ i t ɑ i̯ p ɑ l eˣ	10
savitaipalelainen	s ɑ ʋ i t ɑ i̯ p ɑ l e l ɑ i̯ n e n	1
savitavara	s ɑ ʋ i t ɑ ʋ ɑ r ɑ	0
saviteollisuus	s ɑ ʋ i t e o lː i s uː s	0
savituote	s ɑ ʋ i t u o̯ t eˣ	0
savityö	s ɑ ʋ i t y ø̯	1
savivelli	s ɑ ʋ i ʋ e lː i	0
savo	s ɑ ʋ o	30
savolainen	s ɑ ʋ o l ɑ i̯ n e n	143
savolaisittain	s ɑ ʋ o l ɑ i̯ s i tː ɑ i̯ n	1
savolaismurre	s ɑ ʋ o l ɑ i̯ s m u rː eˣ	0
savonlinna	s ɑ ʋ o n l i nː ɑ	33
savonlinnalainen	s ɑ ʋ o n l i nː ɑ l ɑ i̯ n e n	3
savu	s ɑ ʋ u	41
savuaine	s ɑ ʋ u ɑ i̯ n eˣ	0
savuhormi	s ɑ ʋ u h o r m i	3
savuinen	s ɑ ʋ u i̯ n e n	2
savukeaski	s ɑ ʋ u k eˣ ɑ s k i	1
savukeholkki	s ɑ ʋ u k eˣ h o l kː i	0
savukekartonki	s ɑ ʋ u k eˣ k ɑ r t o ŋ k i	0
savukekotelo	s ɑ ʋ u k eˣ k o t e l o	0
savukepakkaus	s ɑ ʋ u k eˣ p ɑ kː ɑ u s	0
savukepaperi	s ɑ ʋ u k eˣ p ɑ p e r i	0
savukerasia	s ɑ ʋ u k eˣ r ɑ s i ɑ	0
savukkeenpätkä	s ɑ ʋ u kː eː n p æ t k æ	0
savukoskelainen	s ɑ ʋ u k o s k e l ɑ i̯ n e n	0
savukoski	s ɑ ʋ u k o s k i	4
savuluukku	s ɑ ʋ u l uː kː u	2
savupekoni	s ɑ ʋ u p e k o n i	0
savupelti	s ɑ ʋ u p e l t i	2
savupiippukaulus	s ɑ ʋ u p iː pː u k ɑ u̯ l u s	0
savupilvi	s ɑ ʋ u p i l ʋ i	0
savupirtti	s ɑ ʋ u p i r tː i	6
savusivu	s ɑ ʋ u s i ʋ u	0
savustaa	s ɑ ʋ u s t ɑːˣ	3
savustusuuni	s ɑ ʋ u s t u s uː n i	2
savusukeltaja	s ɑ ʋ u s u k e l t ɑ j ɑ	0
savuta	s ɑ ʋ u t ɑˣ	2
savuttua	s ɑ ʋ u tː u ɑˣ	0
savutupa	s ɑ ʋ u t u p ɑ	2
schapendoes	s h ɑː p e n d o s	0
scifi	s k i f i	3
scrabble	s k r ɑ bː l e	0
se	s e	37421
seassa	s e ɑ sː ɑ	84
seasta	s e ɑ s t ɑ	27
seat	s e ɑ t	1
seccomaalaus	s e kː o m ɑː l ɑ u s	0
sedimentogeeninen	s e d i m e n t o ɡ eː n i n e n	0
sedimentologia	s e d i m e n t o l o ɡ i ɑ	0
sedimenttikerros	s e d i m e n tː i k e rː o s	0
see	s eː	19
seeing	s iː ʔ i ŋː	2
seem	s eː m	0
seepra	s eː p r ɑ	2
sees	s eː s	4
seet	s eː t	3
segmenttikaari	s e ɡ m e n tː i k ɑː r i	0
sei	s e i̯	3
seidi	s e i̯ d i	1
seihin	s e i̯ h i n	0
seija	s e i̯ j ɑ	149
seikka	s e i̯ kː ɑ	184
seikkailla	s e i̯ kː ɑ i̯ lː ɑˣ	13
seikkailu	s e i̯ kː ɑ i̯ l u	79
sein	s e i̯ n	9
seinä	s e i̯ n æ	56
seinähylly	s e i̯ n æ h y lː y	0
seinäjokelainen	s e i̯ n æ j o k e l ɑ i̯ n e n	2
seinäjoki	s e i̯ n æ j o k i	72
seinäjokinen	s e i̯ n æ j o k i n e n	1
seinäkaappi	s e i̯ n æ k ɑː pː i	1
seinäkomero	s e i̯ n æ k o m e r o	0
seinämä	s e i̯ n æ m æ	20
seinäpeili	s e i̯ n æ p e i̯ l i	0
seinäpenkki	s e i̯ n æ p e ŋ kː i	0
seinärauta	s e i̯ n æ r ɑ u̯ t ɑ	0
seinävitriini	s e i̯ n æ ʋ i t r iː n i	0
seipi	s e i̯ p i	1
seipiö	s e i̯ p i ø	0
seis	s e i̯ s	9
seisaalla	s e i̯ s ɑː lː ɑ	0
seisaallaan	s e i̯ s ɑː lː ɑː n	1
seisaalle	s e i̯ s ɑː lː eˣ	0
seisaalleen	s e i̯ s ɑː lː eː n	3
seisaalta	s e i̯ s ɑː l t ɑ	0
seisaaltaan	s e i̯ s ɑː l t ɑː n	10
seisahduksissa	s e i̯ s ɑ h d u k s i sː ɑ	0
seisahduttaa	s e i̯ s ɑ h d u tː ɑːˣ	0
seisauksiin	s e i̯ s ɑ u k s iː n	1
seisauksissa	s e i̯ s ɑ u k s i sː ɑ	1
seisautella	s e i̯ s ɑ u t e lː ɑˣ	0
seiska	s e i̯ s k ɑ	5
seisoa	s e i̯ s o ɑˣ	19
seisoalla	s e i̯ s o ɑ lː ɑ	0
seisoallaan	s e i̯ s o ɑ lː ɑː n	0
seisoalle	s e i̯ s o ɑ lː eˣ	0
seisoalleen	s e i̯ s o ɑ lː eː n	0
seisoalta	s e i̯ s o ɑ l t ɑ	0
seisoaltaan	s e i̯ s o ɑ l t ɑː n	0
seisomalta	s e i̯ s o m ɑ l t ɑ	2
seisomatyö	s e i̯ s o m ɑ t y ø̯	0
seisontamaksu	s e i̯ s o n t ɑ m ɑ k s u	0
seisontapäivä	s e i̯ s o n t ɑ p æ i̯ ʋ æ	0
seisoskella	s e i̯ s o s k e lː ɑˣ	2
seisottaa	s e i̯ s o tː ɑːˣ	2
seisovilla	s e i̯ s o ʋ i lː ɑ	2
seisovillaan	s e i̯ s o ʋ i lː ɑː n	0
seisoville	s e i̯ s o ʋ i lː eˣ	0
seisovilleen	s e i̯ s o ʋ i lː eː n	0
seisovilta	s e i̯ s o ʋ i l t ɑ	0
seisoviltaan	s e i̯ s o ʋ i l t ɑː n	0
seistä	s e i̯ s t æ	36
seistä	s e i̯ s t æˣ	36
seitan	s e i̯ t ɑ n	0
seiti	s e i̯ t i	0
seitsemän	s e i̯ t s e m æ n	1096
seitsemänkymmentä	s e i̯ t s e m æ n k y mː e n t æ	16
seitsemäntoista	s e i̯ t s e m æ n t o i̯ s t ɑ	21
seitsemäs	s e i̯ t s e m æ s	72
seitsen	s e i̯ t s e n	0
seitsenkertaisesti	s e i̯ t s e n k e r t ɑ i̯ s e s t iˣ	0
seitsenkertaistaa	s e i̯ t s e n k e r t ɑ i̯ s t ɑːˣ	0
seitsenkertaistua	s e i̯ t s e n k e r t ɑ i̯ s t u ɑˣ	0
seitsenottelija	s e i̯ t s e n o tː e l i j ɑ	0
seitsenruototokko	s e i̯ t s e n r u o̯ t o t o kː o	0
seiväshyppy	s e i̯ ʋ æ s h y pː y	1
seiväsmetsä	s e i̯ ʋ æ s m e t s æ	0
seiväspuu	s e i̯ ʋ æ s p uː	0
seivästys	s e i̯ ʋ æ s t y s	0
sekaan	s e k ɑː n	105
sekaani	s e k ɑː n i	0
sekaannuttaa	s e k ɑː nː u tː ɑːˣ	1
sekahakutanssit	s e k ɑ h ɑ k u t ɑ n sː i t	0
sekahedelmäkeitto	s e k ɑ h e d e l m æ k e i̯ tː o	0
sekahedelmät	s e k ɑ h e d e l m æ t	0
sekaiho	s e k ɑ i h o	1
sekainen	s e k ɑ i̯ n e n	2
sekaisesti	s e k ɑ i̯ s e s t iˣ	0
sekajäte	s e k ɑ j æ t eˣ	9
sekakäyttäjä	s e k ɑ k æ y̯ tː æ j æ	2
sekakäyttö	s e k ɑ k æ y̯ tː ø	21
sekamalli	s e k ɑ m ɑ lː i	0
sekametsä	s e k ɑ m e t s æ	2
sekametsäkaski	s e k ɑ m e t s æ k ɑ s k i	0
sekametsävyöhyke	s e k ɑ m e t s æ ʋ y ø̯ h y k eˣ	0
sekamuotoinen	s e k ɑ m u o̯ t o i̯ n e n	2
sekapäisesti	s e k ɑ p æ i̯ s e s t iˣ	0
sekarotu	s e k ɑ r o t u	0
sekarotuinen	s e k ɑ r o t u i̯ n e n	2
sekasortoisesti	s e k ɑ s o r t o i̯ s e s t iˣ	0
sekatekniikka	s e k ɑ t e k n iː kː ɑ	0
sekatyömies	s e k ɑ t y ø̯ m i e̯ s	0
sekauitto	s e k ɑ u i̯ tː o	0
sekautua	s e k ɑ u t u ɑˣ	0
sekavihannekset	s e k ɑ ʋ i h ɑ nː e k s e t	0
sekavoittaa	s e k ɑ ʋ o i̯ tː ɑːˣ	0
sekavuus	s e k ɑ ʋ uː s	15
sekoaminen	s e k o ɑ m i n e n	1
sekoilla	s e k o i̯ lː ɑˣ	2
sekoitella	s e k o i̯ t e lː ɑˣ	0
sekoitettavuus	s e k o i̯ t e tː ɑ ʋ uː s	2
sekoittaa	s e k o i̯ tː ɑːˣ	112
sekoittaminen	s e k o i̯ tː ɑ m i n e n	18
sekoittua	s e k o i̯ tː u ɑˣ	8
sekoitus	s e k o i̯ t u s	73
sekondi	s e k o n d i	0
sekovarsi	s e k o ʋ ɑ r s i	0
sekretääri	s e k r e t æː r i	0
seksiasiat	s e k s i ɑ s i ɑ t	1
seksielämä	s e k s i e l æ m æ	2
seksikkäästi	s e k s i kː æː s t iˣ	2
seksikäs	s e k s i k æ s	6
seksismi	s e k s i s m i	1
seksisti	s e k s i s t i	0
seksisuhde	s e k s i s u h d eˣ	0
seksologi	s e k s o l o ɡ i	0
sekstantti	s e k s t ɑ n tː i	0
sekstisointu	s e k s t i s o i̯ n t u	0
sekstoli	s e k s t o l i	0
seksuaalielämä	s e k s u ɑː l i e l æ m æ	0
seksuaalimurha	s e k s u ɑː l i m u r h ɑ	0
seksuaalirikollinen	s e k s u ɑː l i r i k o lː i n e n	0
seksuaalistaa	s e k s u ɑː l i s t ɑːˣ	0
seksuaalistua	s e k s u ɑː l i s t u ɑˣ	0
seksuaalivalinta	s e k s u ɑː l i ʋ ɑ l i n t ɑ	0
seksuaalivähemmistö	s e k s u ɑː l i ʋ æ h e mː i s t ø	0
seksualisoida	s e k s u ɑ l i s o i̯ d ɑˣ	0
sektio	s e k t i o	2
sekulaari	s e k u l ɑː r i	3
sekulaarinen	s e k u l ɑː r i n e n	0
sekulaaristua	s e k u l ɑː r i s t u ɑˣ	0
sekularistisesti	s e k u l ɑ r i s t i s e s t iˣ	0
sekuli	s e k u l i	0
sekundaari	s e k u n d ɑː r i	0
sekundaarisesti	s e k u n d ɑː r i s e s t iˣ	0
sekundaaristi	s e k u n d ɑː r i s t iˣ	0
sekundääri	s e k u n d æː r i	0
sekundäärienergia	s e k u n d æː r i e n e r ɡ i ɑ	0
sekunti	s e k u n tː i	22
sekuntikaupalla	s e k u n t i k ɑ u̯ p ɑ lː ɑ	0
sekuntikello	s e k u n t i k e lː o	5
sekuntikello	s e k u n tː i k e lː o	5
selaa	s e l ɑː	20
selaa	s e l ɑːˣ	20
selaaminen	s e l ɑː m i n e n	11
selain	s e l ɑ i̯ n	75
selainlaajennus	s e l ɑ i̯ n l ɑː j e nː u s	1
selainmoottori	s e l ɑ i̯ n m oː tː o r i	0
selainohjelma	s e l ɑ i̯ n o h j e l m ɑ	23
selata	s e l ɑ t ɑˣ	91
selektiivisesti	s e l e k t iː ʋ i s e s t iˣ	10
seleniitti	s e l e n iː tː i	0
selikkäin	s e l i kː æ i̯ n	0
selinmakuu	s e l i n m ɑ k uː	1
selitellä	s e l i t e lː æˣ	17
selittäin	s e l i tː æ i̯ n	0
selittämättömästi	s e l i tː æ m æ tː ø m æ s t iˣ	1
selittää	s e l i tː æːˣ	385
selitysvoima	s e l i t y s ʋ o i̯ m ɑ	0
selja	s e l j ɑ	0
selkeennyttää	s e l k eː nː y tː æːˣ	0
selkeentyä	s e l k eː n t y æˣ	0
selkeä	s e l k e æ	601
selkiinnyttää	s e l k iː nː y tː æːˣ	5
selkis	s e l k i s	0
selko	s e l k o	3
selkosen	s e l k o s e n	2
selkä	s e l k æ	81
selkäharja	s e l k æ h ɑ r j ɑ	0
selkähäviö	s e l k æ h æ ʋ i ø	0
selkäkappale	s e l k æ k ɑ pː ɑ l eˣ	0
selkäkipu	s e l k æ k i p u	5
selkäkoulu	s e l k æ k o u̯ l u	0
selkälento	s e l k æ l e n t o	0
selkälihas	s e l k æ l i h ɑ s	0
selkämys	s e l k æ m y s	1
selkänahka	s e l k æ n ɑ h k ɑ	0
selkäpanssari	s e l k æ p ɑ n sː ɑ r i	0
selkäpenkki	s e l k æ p e ŋ kː i	0
selkäperillinen	s e l k æ p e r i lː i n e n	0
selkäperintö	s e l k æ p e r i n t ø	0
selkäpuu	s e l k æ p uː	0
selkärangankanava	s e l k æ r ɑ ŋː ɑ n k ɑ n ɑ ʋ ɑ	0
selkärangattomasti	s e l k æ r ɑ ŋː ɑ tː o m ɑ s t iˣ	0
selkärangattomuus	s e l k æ r ɑ ŋː ɑ tː o m uː s	0
selkäranka	s e l k æ r ɑ ŋ k ɑ	23
selkäruoto	s e l k æ r u o̯ t o	1
selkäsairas	s e l k æ s ɑ i̯ r ɑ s	0
selkäsairaus	s e l k æ s ɑ i̯ r ɑ u s	0
selkäsuoni	s e l k æ s u o̯ n i	0
selkävaiva	s e l k æ ʋ ɑ i̯ ʋ ɑ	1
selkävaivainen	s e l k æ ʋ ɑ i̯ ʋ ɑ i̯ n e n	1
selkävamma	s e l k æ ʋ ɑ mː ɑ	0
selkävammainen	s e l k æ ʋ ɑ mː ɑ i̯ n e n	0
selkävesi	s e l k æ ʋ e s i	0
selkävikainen	s e l k æ ʋ i k ɑ i̯ n e n	0
selkävoitto	s e l k æ ʋ o i̯ tː o	0
selkäydin	s e l k æ y d i n	5
selkäydinkanava	s e l k æ y d i n k ɑ n ɑ ʋ ɑ	1
selkäydinvamma	s e l k æ y d i n ʋ ɑ mː ɑ	1
selkäänpuukottaja	s e l k æː n p uː k o tː ɑ j ɑ	1
sellainen	s e l l ɑ i̯ n e n	1129
sellainen	s e lː ɑ i̯ n e n	1129
sellaisenaan	s e lː ɑ i̯ s e n ɑː n	447
selleripihvi	s e lː e r i p i h ʋ i	0
selliä	s e lː i æ	0
sellukeitin	s e lː u k e i̯ t i n	0
sellulaasi	s e lː u l ɑː s i	0
sellunkeitto	s e lː u n k e i̯ tː o	0
selma	s e l m ɑ	19
selostaa	s e l o s t ɑːˣ	41
selostaja	s e l o s t ɑ j ɑ	3
selostus	s e l o s t u s	89
selusta	s e l u s t ɑ	2
selvennys	s e l ʋ e nː y s	5
selventyä	s e l ʋ e n t y æˣ	0
selvityspyyntö	s e l ʋ i t y s p yː n t ø	10
selvitysvaihe	s e l ʋ i t y s ʋ ɑ i̯ h eˣ	0
selvityttää	s e l ʋ i t y tː æːˣ	0
selvitä	s e l ʋ i t æˣ	254
selviäminen	s e l ʋ i æ m i n e n	18
selviämisasema	s e l ʋ i æ m i s ɑ s e m ɑ	2
selviö	s e l ʋ i ø	21
selvä	s e l ʋ æ	539
selväkielisesti	s e l ʋ æ k i e̯ l i s e s t iˣ	2
selvänäköisesti	s e l ʋ æ n æ k ø i̯ s e s t iˣ	0
selväpiirteisesti	s e l ʋ æ p iː r t e i̯ s e s t iˣ	3
selväsanaisesti	s e l ʋ æ s ɑ n ɑ i̯ s e s t iˣ	2
selvätä	s e l ʋ æ t æˣ	0
selälleen	s e l æ lː eː n	16
selällään	s e l æ lː æː n	19
selänpesijä	s e l æ n p e s i j æ	0
selänrapsutin	s e l æ n r ɑ p s u t i n	0
selättää	s e l æ tː æːˣ	1
selätyksin	s e l æ t y k s i n	0
semanttisesti	s e m ɑ n tː i s e s t iˣ	1
sementiitti	s e m e n t iː tː i	0
sementtilaasti	s e m e n tː i l ɑː s t i	1
sementtimaali	s e m e n tː i m ɑː l i	0
semiempiirinen	s e m i e m p iː r i n e n	0
semifinalisti	s e m i f i n ɑ l i s t i	1
seminaarilainen	s e m i n ɑː r i l ɑ i̯ n e n	2
seminaarityö	s e m i n ɑː r i t y ø̯	13
semioottinen	s e m i oː tː i n e n	4
semminkään	s e mː i ŋ k æː n	1
semmoinen	s e mː o i̯ n e n	28
sen	s e n	31170
senja	s e n j ɑ	12
senni	s e nː i	14
sensitiivisesti	s e n s i t iː ʋ i s e s t iˣ	2
sensori	s e n s o r i	4
senssipalsta	s e n sː i p ɑ l s t ɑ	0
senssit	s e n sː i t	0
sensuaalinen	s e n s u ɑː l i n e n	0
sensualismi	s e n s u ɑ l i s m i	1
sentata	s e n t ɑ t ɑˣ	0
sentimentaalisesti	s e n t i m e n t ɑː l i s e s t iˣ	0
sentneri	s e n t n e r i	0
sentraalinen	s e n t r ɑː l i n e n	2
sentrifugi	s e n t r i f u ɡ i	0
sentrioli	s e n t r i o l i	0
sentrosomi	s e n t r o s o m i	0
senttaali	s e n t t ɑː l i	0
senttari	s e n tː ɑ r i	0
sentti	s e n tː i	19
senttimetriaallot	s e n tː i m e t r i ɑː lː o t	0
sentähden	s e n t æ h d e n	21
seos	s e o s	75
seosaine	s e o s ɑ i̯ n eˣ	1
seosteräs	s e o s t e r æ s	0
separatiivi	s e p ɑ r ɑ t iː ʋ i	0
separatistisesti	s e p ɑ r ɑ t i s t i s e s t iˣ	0
separoitua	s e p ɑ r o i̯ t u ɑˣ	0
sepeli	s e p e l i	2
sepelikivi	s e p e l i k i ʋ i	0
sepelitie	s e p e l i t i e̯	0
sepelvaltimo	s e p e l ʋ ɑ l t i m o	2
sepitellä	s e p i t e lː æˣ	0
sepittää	s e p i tː æːˣ	0
sepivä	s e p i ʋ æ	0
seppeleensitojaiset	s e pː e l eː n s i t o j ɑ i̯ s e t	1
seppo	s e pː o	938
sepposen	s e pː o s e n	6
seppä	s e pː æ	68
seppäkuoriainen	s e pː æ k u o̯ r i ɑ i̯ n e n	0
seppälä	s e pː æ l æ	133
sepsis	s e p s i s	1
septimi	s e p t i m i	0
septimikäännös	s e p t i m i k æː nː ø s	0
septimisointu	s e p t i m i s o i̯ n t u	0
septoli	s e p t o l i	0
sepä	s e p æ	9
serafiina	s e r ɑ f iː n ɑ	0
seremoniallisesti	s e r e m o n i ɑ lː i s e s t iˣ	0
seremoniavaate	s e r e m o n i ɑ ʋ ɑː t eˣ	0
serisiitti	s e r i s iː tː i	0
serkku	s e r kː u	18
sermi	s e r m i	1
serpentiinitie	s e r p e n t iː n i t i e̯	0
serpentiinitie	s e r pː e n t iː n i t i e̯	0
serpentti	s e r p e n tː i	0
serpenttiinitie	s e r p e n tː iː n i t i e̯	0
servata	s e r ʋ ɑ t ɑˣ	0
serveerata	s e r ʋ eː r ɑ t ɑˣ	1
servikaalinen	s e r ʋ i k ɑː l i n e n	0
servomoottori	s e r ʋ o m oː tː o r i	0
servotekniikka	s e r ʋ o t e k n iː kː ɑ	0
servu	s e r ʋ u	0
sessiili	s e sː iː l i	0
sessiomuusikko	s e sː i o m uː s i kː o	2
sesta	s e s t ɑ	16
setalainen	s e t ɑ l ɑ i̯ n e n	0
seteli	s e t e l i	10
setelinkate	s e t e l i n k ɑ t eˣ	0
setelipaino	s e t e l i p ɑ i̯ n o	1
setelipankki	s e t e l i p ɑ ŋ kː i	0
setlementti	s e t l e m e n tː i	14
setlementtiliike	s e t l e m e n tː i l iː k eˣ	1
setlementtityö	s e t l e m e n tː i t y ø̯	2
setvertti	s e t ʋ e r tː i	0
setä	s e t æ	26
setämäisesti	s e t æ m æ i̯ s e s t iˣ	0
setäpuoli	s e t æ p u o̯ l i	0
seuduilla	s e u̯ d u i̯ lː ɑ	62
seudullisesti	s e u̯ d u lː i s e s t iˣ	13
seula	s e u̯ l ɑ	8
seulasarja	s e u̯ l ɑ s ɑ r j ɑ	0
seulonta	s e u̯ l o n t ɑ	31
seuloutua	s e u̯ l o u t u ɑˣ	0
seura	s e u̯ r ɑ	629
seuraaminen	s e u̯ r ɑː m i n e n	120
seuraat	s e u̯ r ɑː t	18
seuraava	s e u̯ r ɑː ʋ ɑ	1308
seuraavasti	s e u̯ r ɑː ʋ ɑ s t iˣ	1166
seuraelämä	s e u̯ r ɑ e l æ m æ	1
seurailla	s e u̯ r ɑ i̯ lː ɑˣ	4
seurakuntaelämä	s e u̯ r ɑ k u n t ɑ e l æ m æ	1
seurakuntakoulu	s e u̯ r ɑ k u n t ɑ k o u̯ l u	0
seurakuntaneuvos	s e u̯ r ɑ k u n t ɑ n e u̯ ʋ o s	1
seurakuntasali	s e u̯ r ɑ k u n t ɑ s ɑ l i	7
seurakuntatalo	s e u̯ r ɑ k u n t ɑ t ɑ l o	12
seurakuntatyö	s e u̯ r ɑ k u n t ɑ t y ø̯	7
seurakuntavaalit	s e u̯ r ɑ k u n t ɑ ʋ ɑː l i t	12
seurakuntaväki	s e u̯ r ɑ k u n t ɑ ʋ æ k i	2
seuraleikki	s e u̯ r ɑ l e i̯ kː i	1
seuranhaluisesti	s e u̯ r ɑ n h ɑ l u i̯ s e s t iˣ	0
seurannaisvaikutus	s e u̯ r ɑ nː ɑ i̯ s ʋ ɑ i̯ k u t u s	0
seuranpito	s e u̯ r ɑ n p i t o	0
seurantalo	s e u̯ r ɑ n t ɑ l o	1
seurantatutkimus	s e u̯ r ɑ n t ɑ t u t k i m u s	23
seurapiiripalsta	s e u̯ r ɑ p iː r i p ɑ l s t ɑ	0
seurata	s e u̯ r ɑ t ɑˣ	897
seuratapa	s e u̯ r ɑ t ɑ p ɑ	0
seuratoiminta	s e u̯ r ɑ t o i̯ m i n t ɑ	11
seuruepassi	s e u̯ r u eˣ p ɑ sː i	0
seurustelu	s e u̯ r u s t e l u	16
seurusteluhuone	s e u̯ r u s t e l u h u o̯ n eˣ	3
seutu	s e u̯ t u	129
seutukaava	s e u̯ t u k ɑː ʋ ɑ	43
seutukaavoitus	s e u̯ t u k ɑː ʋ o i̯ t u s	2
seutukunta	s e u̯ t u k u n t ɑ	70
seututie	s e u̯ t u t i e̯	6
seutuvilla	s e u̯ t u ʋ i lː ɑ	7
seutuville	s e u̯ t u ʋ i lː eˣ	4
seutuvilta	s e u̯ t u ʋ i l t ɑ	1
severi	s e ʋ e r i	18
sevettijärvi	s e ʋ e tː i j æ r ʋ i	1
sevilla	s e ʋ i l j ɑ	1
sfingolipidi	s f i ŋː o l i p i d i	0
sgabello	s ɡ ɑ b e lː o	0
sgraffito	s ɡ r ɑ fː i t o	0
shaivismi	s h ɑ i̯ ʋ i s m i	0
shakki	s h ɑ kː i	6
shakki	ʃ ɑ kː i	6
shakkitermi	ʃ ɑ kː i t e r m i	0
shakkitietokone	s h ɑ kː i t i e̯ t o k o n eˣ	0
shakuhachi	ʃ ɑ k u h ɑ t s i	0
shakuhachi	ʃ ɑ k u h ɑ t ʃ i	0
shamaani	ʃ ɑ m ɑː n i	4
shamoutiappelsiini	ʃ ɑ m o u t i ɑ pː e l s iː n i	0
shampoo	s ɑ m pː oː	7
shampoo	ʃ ɑ m pː oː	7
sharon	s ɑ r o n	28
sharon	ʃ ɑ r o n	28
shekki	ʃ e kː i	2
sherry	ʃ e r i	1
sherry	ʃ e rː y	1
shetlanninponi	ʃ e t l ɑ nː i n p o n i	0
shikaani	ʃ i k ɑː n i	1
shokkilamelli	s h o kː i l ɑ m e lː i	0
shokkimetamorfoosi	s h o kː i m e t ɑ m o r f oː s i	0
shop	ʃ o p	66
shoppailla	ʃ o pː ɑ i̯ lː ɑˣ	1
shoppi	s o pː i	0
shoppi	ʃ o pː i	0
shotti	ʃ o tː i	0
shottilasi	s h o tː i l ɑ s i	0
show	s oː	112
show	ʃ o u̯	112
show	ʃ oː	112
sianjalostus	s i ɑ n j ɑ l o s t u s	0
siankasvattaja	s i ɑ n k ɑ s ʋ ɑ tː ɑ j ɑ	0
siankärsämö	s i ɑ n k æ r s æ m ø	6
sianliha	s i ɑ n l i h ɑ	4
sianlihakastike	s i ɑ n l i h ɑ k ɑ s t i k eˣ	1
sianmarja	s i ɑ n m ɑ r j ɑ	0
sianpuolukka	s i ɑ n p u o̯ l u kː ɑ	2
siansivu	s i ɑ n s i ʋ u	0
siansuoli	s i ɑ n s u o̯ l i	0
sibelius	s i b e l i u s	44
sibelius	s i b eː l i u s	44
side	s i d eˣ	48
sideaine	s i d eˣ ɑ i̯ n eˣ	4
sideharso	s i d eˣ h ɑ r s o	1
sidekaari	s i d eˣ k ɑː r i	0
sidekalvo	s i d eˣ k ɑ l ʋ o	5
sidekalvontulehdus	s i d eˣ k ɑ l ʋ o n t u l e h d u s	1
sidekisko	s i d eˣ k i s k o	0
sidekudos	s i d eˣ k u d o s	3
sidelanka	s i d eˣ l ɑ ŋ k ɑ	0
sidepultti	s i d eˣ p u l tː i	0
sidesana	s i d eˣ s ɑ n ɑ	0
sidetaitos	s i d eˣ t ɑ i̯ t o s	0
sidetiili	s i d eˣ t iː l i	0
sidevokaali	s i d eˣ ʋ o k ɑː l i	0
sidoksiin	s i d o k s iː n	3
sidoksissa	s i d o k s i sː ɑ	122
sidosaine	s i d o s ɑ i̯ n eˣ	1
sidosasu	s i d o s ɑ s u	0
sidoselektronipari	s i d o s e l e k t r o n i p ɑ r i	0
sie	s i e̯	20
siedettävästi	s i e̯ d e tː æ ʋ æ s t iˣ	2
siekailematta	s i e̯ k ɑ i̯ l e m ɑ tː ɑ	1
siekailemattomasti	s i e̯ k ɑ i̯ l e m ɑ tː o m ɑ s t iˣ	0
siekailla	s i e̯ k ɑ i̯ lː ɑˣ	0
siekale	s i e̯ k ɑ l eˣ	0
siellä	s i e̯ lː æ	2881
sielukellot	s i e̯ l u k e lː o t	0
sielukkaasti	s i e̯ l u kː ɑː s t iˣ	0
sielullisesti	s i e̯ l u lː i s e s t iˣ	4
sielullistaa	s i e̯ l u lː i s t ɑːˣ	0
sielumessu	s i e̯ l u m e sː u	0
sielunahdistus	s i e̯ l u n ɑ h d i s t u s	0
sielunasia	s i e̯ l u n ɑ s i ɑ	0
sielunelämä	s i e̯ l u n e l æ m æ	2
sielunhoitaja	s i e̯ l u n h o i̯ t ɑ j ɑ	16
sielunhoito	s i e̯ l u n h o i̯ t o	13
sielunhoitotyö	s i e̯ l u n h o i̯ t o t y ø̯	1
sielunhätä	s i e̯ l u n h æ t æ	0
sielunkamppailu	s i e̯ l u n k ɑ m pː ɑ i̯ l u	0
sielunkellot	s i e̯ l u n k e lː o t	0
sielunlääkäri	s i e̯ l u n l æː k æ r i	0
sielunmaisema	s i e̯ l u n m ɑ i̯ s e m ɑ	5
sielunpaimen	s i e̯ l u n p ɑ i̯ m e n	0
sielunpalo	s i e̯ l u n p ɑ l o	0
sielunrakenne	s i e̯ l u n r ɑ k e nː eˣ	0
sielunrauha	s i e̯ l u n r ɑ u̯ h ɑ	0
sieluntaistelu	s i e̯ l u n t ɑ i̯ s t e l u	0
sielunterveys	s i e̯ l u n t e r ʋ e y s	0
sieluntila	s i e̯ l u n t i l ɑ	0
sieluntoiminto	s i e̯ l u n t o i̯ m i n t o	0
sieluntuska	s i e̯ l u n t u s k ɑ	0
sielunvaellus	s i e̯ l u n ʋ ɑ e lː u s	0
sielunvamma	s i e̯ l u n ʋ ɑ mː ɑ	0
sieluoppi	s i e̯ l u o pː i	0
sielutiede	s i e̯ l u t i e̯ d eˣ	0
sielutieteilijä	s i e̯ l u t i e̯ t e i̯ l i j æ	1
sieluttaa	s i e̯ l u tː ɑːˣ	0
siemen	s i e̯ m e n	62
siemenkota	s i e̯ m e n k o t ɑ	2
siemensyöjä	s i e̯ m e n s y ø̯ j æ	1
siemensyöksy	s i e̯ m e n s y ø̯ k s y	4
siementyä	s i e̯ m e n t y æˣ	0
siemenvuosi	s i e̯ m e n ʋ u o̯ s i	1
sieni	s i e̯ n i	24
sieniasema	s i e̯ n i ɑ s e m ɑ	0
sienijuuri	s i e̯ n i j uː r i	0
sienikartta	s i e̯ n i k ɑ r tː ɑ	0
sienikeitto	s i e̯ n i k e i̯ tː o	0
sienikukko	s i e̯ n i k u kː o	0
sienilääke	s i e̯ n i l æː k eˣ	0
sienimetsä	s i e̯ n i m e t s æ	0
sienimuhennos	s i e̯ n i m u h e nː o s	0
sienimyrkytys	s i e̯ n i m y r k y t y s	0
sienimö	s i e̯ n i m ø	0
sienineuvoja	s i e̯ n i n e u̯ ʋ o j ɑ	0
sienipesin	s i e̯ n i p e s i n	0
sienipilvi	s i e̯ n i p i l ʋ i	0
sieniretki	s i e̯ n i r e t k i	3
sienirihmasto	s i e̯ n i r i h m ɑ s t o	2
sienisalaatti	s i e̯ n i s ɑ l ɑː tː i	1
sienisato	s i e̯ n i s ɑ t o	2
sienistö	s i e̯ n i s t ø	0
sieniviljelmä	s i e̯ n i ʋ i l j e l m æ	0
sienivärjäys	s i e̯ n i ʋ æ r j æ y s	0
siepakka	s i e̯ p ɑ kː ɑ	0
siepata	s i e̯ p ɑ t ɑˣ	6
sieppaaja	s i e̯ pː ɑː j ɑ	1
sieppo	s i e̯ pː o	0
sieppuri	s i e̯ pː u r i	0
sierain	s i e̯ r ɑ i̯ n	0
sierettyä	s i e̯ r e tː y æˣ	0
sierettää	s i e̯ r e tː æːˣ	0
sietoalue	s i e̯ t o ɑ l u eˣ	0
sietämättömästi	s i e̯ t æ m æ tː ø m æ s t iˣ	1
sietää	s i e̯ t æːˣ	83
sievi	s i e̯ ʋ i	12
sieviläinen	s i e̯ ʋ i l æ i̯ n e n	1
sievistellä	s i e̯ ʋ i s t e lː æˣ	0
sievistää	s i e̯ ʋ i s t æːˣ	0
sievoinen	s i e̯ ʋ o i̯ n e n	1
sievä	s i e̯ ʋ æ	6
sigma	s i ɡ m ɑ	27
sigmasidos	s i ɡ m ɑ s i d o s	0
sigmoidi	s i ɡ m o i̯ d i	0
signaali	s i ŋ n ɑː l i	61
signaali	s i ɡ n ɑː l i	61
signaaliarvo	s i ŋ n ɑː l i ɑ r ʋ o	0
signaaligeneraattori	s i ŋ n ɑː l i ɡ e n e r ɑː tː o r i	2
signaalilippu	s i ɡ n ɑː l i l i pː u	0
signaalinkäsittely	s i ŋ n ɑː l i n k æ s i tː e l y	6
signaaliprosessori	s i ŋ n ɑː l i p r o s e sː o r i	1
signaaliteho	s i ŋ n ɑː l i t e h o	0
signeerata	s i ɡ n eː r ɑ t ɑˣ	0
sihahdella	s i h ɑ h d e lː ɑˣ	0
sihahtaa	s i h ɑ h t ɑːˣ	1
sihdata	s i h d ɑ t ɑˣ	0
sihistä	s i h i s t æˣ	1
sihtailla	s i h t ɑ i̯ lː ɑˣ	0
sihteeristö	s i h t eː r i s t ø	28
sihti	s i h t i	2
sii	s iː	2
siida	s iː d ɑ	14
siide	s iː d eˣ	0
siihenastinen	s iː h e n ɑ s t i n e n	1
siihirsi	s iː h i r s i	0
siika	s iː k ɑ	23
siikainen	s iː k ɑ i̯ n e n	4
siikaislainen	s iː k ɑ i̯ s l ɑ i̯ n e n	0
siikajokelainen	s iː k ɑ j o k e l ɑ i̯ n e n	0
siikajoki	s iː k ɑ j o k i	3
siikajokinen	s iː k ɑ j o k i n e n	0
siikalatva	s iː k ɑ l ɑ t ʋ ɑ	1
siikalatvalainen	s iː k ɑ l ɑ t ʋ ɑ l ɑ i̯ n e n	0
siilata	s iː l ɑ t ɑˣ	0
siili	s iː l i	24
siiliasema	s iː l i ɑ s e m ɑ	0
siilinjärveläinen	s iː l i n j æ r ʋ e l æ i̯ n e n	2
siilinjärvi	s iː l i n j æ r ʋ i	16
siima	s iː m ɑ	15
siimon	s iː m o n	0
siina	s iː n ɑ	9
siinnellä	s iː nː e lː æˣ	0
siintyä	s iː n t y æˣ	0
siipi	s iː p i	20
siipikarjanliha	s iː p i k ɑ r j ɑ n l i h ɑ	1
siipikarjatalous	s iː p i k ɑ r j ɑ t ɑ l o u s	1
siipikone	s iː p i k o n eˣ	0
siipilihas	s iː p i l i h ɑ s	0
siipipapu	s iː p i p ɑ p u	0
siipiprofiili	s iː p i p r o f iː l i	0
siipipumppu	s iː p i p u m pː u	0
siipipyörä	s iː p i p y ø̯ r æ	0
siipirakennus	s iː p i r ɑ k e nː u s	3
siipiratashöyry	s iː p i r ɑ t ɑ s h ø y̯ r y	0
siipirikko	s iː p i r i kː o	4
siipiruuvi	s iː p i r uː ʋ i	0
siippa	s iː pː ɑ	1
siira	s iː r ɑ	12
siirappi	s iː r ɑ pː i	5
siirappivohveli	s iː r ɑ pː i ʋ o h ʋ e l i	0
siiri	s iː r i	19
siirottaa	s iː r o tː ɑːˣ	0
siirrellä	s iː rː e lː æˣ	23
siirrettävyys	s iː rː e tː æ ʋ yː s	5
siirrostaa	s iː rː o s t ɑːˣ	0
siirrättää	s iː rː æ tː æːˣ	3
siirtofunktio	s iː r t o f u ŋ k t i o	2
siirtoheitin	s iː r t o h e i̯ t i n	1
siirtokokoelma	s iː r t o k o k o e l m ɑ	1
siirtokuva	s iː r t o k u ʋ ɑ	1
siirtokuvakoristelu	s iː r t o k u ʋ ɑ k o r i s t e l u	0
siirtolaisuus	s iː r t o l ɑ i̯ s uː s	20
siirtolinja	s iː r t o l i n j ɑ	1
siirtomaa	s iː r t o m ɑː	7
siirtomenot	s iː r t o m e n o t	0
siirtorata	s iː r t o r ɑ t ɑ	0
siirtorekisteri	s iː r t o r e k i s t e r i	1
siirtotie	s iː r t o t i e̯	3
siirtotyömaa	s iː r t o t y ø̯ m ɑː	0
siirtotyövoima	s iː r t o t y ø̯ ʋ o i̯ m ɑ	0
siirtotyöväki	s iː r t o t y ø̯ ʋ æ k i	0
siirtoväki	s iː r t o ʋ æ k i	2
siirtoäänivaali	s iː r t o æː n i ʋ ɑː l i	0
siirtyillä	s iː r t y i̯ lː æˣ	1
siirtymäalkuaine	s iː r t y m æ ɑ l k u ɑ i̯ n eˣ	0
siirtymäsana	s iː r t y m æ s ɑ n ɑ	0
siirtää	s iː r t æː	1153
siirtää	s iː r t æːˣ	1153
siis	s iː s	5658
siisna	s iː s n ɑ	0
siistata	s iː s t ɑ t ɑˣ	2
siisti	s iː s t i	109
siistiytyä	s iː s t i y t y æˣ	0
siitake	s iː t ɑ k eˣ	1
siitakesieni	s iː t ɑ k e s i e̯ n i	1
siitepöly	s iː t eˣ p ø l y	5
siitepölyanalyysi	s iː t eˣ p ø l y ɑ n ɑ l yː s i	0
siitos	s iː t o s	0
siitoskarja	s iː t o s k ɑ r j ɑ	0
siitti	s iː tː i	0
siittiö	s iː tː i ø	1
siittää	s iː tː æːˣ	0
siitä	s iː t æ	12792
siitä	s iː t æˣ	12792
siiveke	s iː ʋ e k eˣ	3
siivenlapa	s iː ʋ e n l ɑ p ɑ	0
siivilä	s iː ʋ i l æ	1
siivolla	s iː ʋ o lː ɑ	0
siivosti	s iː ʋ o s t iˣ	5
siivota	s iː ʋ o t ɑˣ	32
siivottomasti	s iː ʋ o tː o m ɑ s t iˣ	0
siivous	s iː ʋ o u s	74
siivouskomero	s iː ʋ o u s k o m e r o	0
siivouskone	s iː ʋ o u s k o n eˣ	0
siivoussuunnitelma	s iː ʋ o u s s uː nː i t e l m ɑ	1
siivoustalkoot	s iː ʋ o u s t ɑ l k oː t	2
siivoustiede	s iː ʋ o u s t i e̯ d eˣ	0
siivoustyönjohtaja	s iː ʋ o u s t y ø̯ n j o h t ɑ j ɑ	5
siivousväline	s iː ʋ o u s ʋ æ l i n eˣ	0
sija	s i j ɑ	120
sijaintikunta	s i j ɑ i̯ n t i k u n t ɑ	6
sijaintimaa	s i j ɑ i̯ n t i m ɑː	1
sijaintiosoite	s i j ɑ i̯ n t i o s o i̯ t eˣ	2
sijaintipaikka	s i j ɑ i̯ n t i p ɑ i̯ kː ɑ	20
sijaintivaltio	s i j ɑ i̯ n t i ʋ ɑ l t i o	0
sijaintiviite	s i j ɑ i̯ n t i ʋ iː t eˣ	0
sijaisvanhempi	s i j ɑ i̯ s ʋ ɑ n h e m p i	0
sijaluku	s i j ɑ l u k u	2
sijamuoto	s i j ɑ m u o̯ t o	1
sijapääte	s i j ɑ p æː t e	0
sijauspatja	s i j ɑ u s p ɑ t j ɑ	3
sijoillaan	s i j o i̯ lː ɑː n	4
sijoilleen	s i j o i̯ lː eː n	3
sijoiltaan	s i j o i̯ l t ɑː n	10
sijoittautua	s i j o i̯ tː ɑ u t u ɑˣ	1
sijoittuminen	s i j o i̯ tː u m i n e n	81
sijoituspalveluyritys	s i j o i̯ t u s p ɑ l ʋ e l u y r i t y s	6
sijoituspankki	s i j o i̯ t u s p ɑ ŋ kː i	0
sijoitustodistus	s i j o i̯ t u s t o d i s t u s	0
sijoitusyhtiö	s i j o i̯ t u s y h t i ø	7
sika	s i k ɑ	41
sikaeläin	s i k ɑ e l æ i̯ n	0
sikahalpa	s i k ɑ h ɑ l p ɑ	0
sikahumala	s i k ɑ h u m ɑ l ɑ	0
sikalauma	s i k ɑ l ɑ u̯ m ɑ	0
sikamaisesti	s i k ɑ m ɑ i̯ s e s t iˣ	1
sikamokka	s i k ɑ m o kː ɑ	1
sikanauta	s i k ɑ n ɑ u̯ t ɑ	0
sikapossu	s i k ɑ p o sː u	0
sikari	s i k ɑ r i	5
sikarileikkuri	s i k ɑ r i l e i̯ kː u r i	0
sikarotu	s i k ɑ r o t u	0
sikaruusu	s i k ɑ r uː s u	2
sikasiisti	s i k ɑ s iː s t i	1
sikatalous	s i k ɑ t ɑ l o u s	4
sikatarha	s i k ɑ t ɑ r h ɑ	0
sikermä	s i k e r m æ	3
sikeytyä	s i k e y t y æˣ	0
sikeästi	s i k e æ s t iˣ	3
sikiö	s i k i ø	23
sikiökausi	s i k i ø k ɑ u̯ s i	0
sikiövesi	s i k i ø ʋ e s i	0
sikkaraan	s i kː ɑ r ɑː n	0
sikkaralla	s i kː ɑ r ɑ lː ɑ	0
sikkarallaan	s i kː ɑ r ɑ lː ɑː n	0
sikkaralle	s i kː ɑ r ɑ lː eˣ	0
sikkaralleen	s i kː ɑ r ɑ lː eː n	0
sikkarassa	s i kː ɑ r ɑ sː ɑ	0
sikkuraan	s i kː u r ɑː n	0
sikkuralla	s i kː u r ɑ lː ɑ	0
sikkurallaan	s i kː u r ɑ lː ɑː n	0
sikkuralle	s i kː u r ɑ lː eˣ	0
sikkuralleen	s i kː u r ɑ lː eː n	0
sikkurassa	s i kː u r ɑ sː ɑ	1
siklata	s i k l ɑ t ɑˣ	0
sikli	s i k l i	0
sikotauti	s i k o t ɑ u̯ t i	5
siksi	s i k s i	3160
siksti	s i k s t i	0
sikuna	s i k u n ɑ	0
sikuri	s i k u r i	0
silakkalaatikko	s i l ɑ kː ɑ l ɑː t i kː o	0
silakkaleipä	s i l ɑ kː ɑ l e i̯ p æ	0
silakkamarkkinat	s i l ɑ kː ɑ m ɑ r kː i n ɑ t	4
silakkaperunat	s i l ɑ kː ɑ p e r u n ɑ t	0
silakkapihvi	s i l ɑ kː ɑ p i h ʋ i	0
silakkarulla	s i l ɑ kː ɑ r u lː ɑ	0
silakkarullat	s i l ɑ kː ɑ r u lː ɑ t	0
silankaari	s i l ɑ n k ɑː r i	0
silarengas	s i l ɑ r e ŋː ɑ s	0
silavaljaat	s i l ɑ ʋ ɑ l j ɑː t	0
sile	s i l eˣ	3
sileä	s i l e æ	23
sileästi	s i l e æ s t iˣ	1
silhuetti	s i l h u e tː i	1
silikoni	s i l i k o n i	15
silikonikitti	s i l i k o n i k i tː i	0
silittyä	s i l i tː y æˣ	0
silityshöylä	s i l i t y s h ø y̯ l æ	0
silityskivi	s i l i t y s k i ʋ i	0
silityskone	s i l i t y s k o n eˣ	0
silityslauta	s i l i t y s l ɑ u̯ t ɑ	1
silitysrauta	s i l i t y s r ɑ u̯ t ɑ	2
silitysväline	s i l i t y s ʋ æ l i n eˣ	0
silityttää	s i l i t y tː æːˣ	0
siliytyä	s i l i y t y æˣ	0
silja	s i l j ɑ	72
silkinkiilto	s i l k i n k iː l t o	0
silkinpehmeä	s i l k i n p e h m e æ	0
silkki	s i l kː i	17
silkkikiilto	s i l kː i k iː l t o	0
silkkikukka	s i l kː i k u kː ɑ	0
silkkimaalaus	s i l kː i m ɑː l ɑ u s	1
silkkinauha	s i l kː i n ɑ u̯ h ɑ	0
silkkipaita	s i l kː i p ɑ i̯ t ɑ	0
silkkiterrieri	s i l kː i t e rː i e r i	0
silkkitie	s i l kː i t i e̯	2
silkkiuikku	s i l kː i u i̯ kː u	5
silkkiyrtti	s i l kː i y r tː i	0
silkko	s i l kː o	0
silko	s i l k o	0
silkoinen	s i l k o i̯ n e n	0
silla	s i lː ɑ	9
sillaikaa	s i lː ɑ i̯ k ɑː	0
sillankorva	s i lː ɑ n k o r ʋ ɑ	3
sillanpaikka	s i lː ɑ n p ɑ i̯ kː ɑ	0
sillanpääasema	s i lː ɑ n p æː ɑ s e m ɑ	0
sillanrakennus	s i lː ɑ n r ɑ k e nː u s	0
sillanrakentaja	s i lː ɑ n r ɑ k e n t ɑ j ɑ	2
sillimaniitti	s i lː i m ɑ n iː tː i	0
silloittaa	s i lː o i̯ tː ɑːˣ	0
sillään	s i lː æː n	0
silmiinpistävästi	s i l m iː n p i s t æ ʋ æ s t iˣ	0
silmikkoraanu	s i l m i kː o r ɑː n u	0
silmikkäin	s i l m i kː æ i̯ n	0
silminnähtävästi	s i l m i nː æ h t æ ʋ æ s t iˣ	5
silminnäkijä	s i l m i n n æ k i j æ	7
silmittömästi	s i l m i tː ø m æ s t iˣ	5
silmityksin	s i l m i t y k s i n	0
silmitysten	s i l m i t y s t e n	0
silmukkaruuvi	s i l m u kː ɑ r uː ʋ i	0
silmukkavarsta	s i l m u kː ɑ ʋ ɑ r s t ɑ	0
silmukointi	s i l m u k o i̯ n t i	0
silmä	s i l m æ	130
silmägneissi	s i l m æ ɡ n e i̯ sː i	0
silmähermo	s i l m æ h e r m o	0
silmäkirves	s i l m æ k i r ʋ e s	0
silmäkkäin	s i l m æ kː æ i̯ n	1
silmäkuoppa	s i l m æ k u o̯ pː ɑ	0
silmälasikotelo	s i l m æ l ɑ s i k o t e l o	0
silmälasinkehykset	s i l m æ l ɑ s i n k e h y k s e t	0
silmälihas	s i l m æ l i h ɑ s	0
silmälläpito	s i l m æ lː æ p i t o	0
silmäluomi	s i l m æ l u o̯ m i	1
silmänalus	s i l m æ n ɑ l u s	0
silmäneula	s i l m æ n e u̯ l ɑ	0
silmänhuuhtelukuppi	s i l m æ n h uː h t e l u k u pː i	0
silmänilo	s i l m æ n i l o	2
silmänkääntäjä	s i l m æ n k æː n t æ j æ	1
silmänlume	s i l m æ n l u m eˣ	0
silmänpainetauti	s i l m æ n p ɑ i̯ n eˣ t ɑ u̯ t i	3
silmänympärysvoide	s i l m æ n y m p æ r y s ʋ o i̯ d eˣ	0
silmäpankki	s i l m æ p ɑ ŋ kː i	0
silmäpussit	s i l m æ p u sː i t	2
silmäsolki	s i l m æ s o l k i	0
silmäsuojus	s i l m æ s u o̯ j u s	0
silmätyksin	s i l m æ t y k s i n	1
silmätysten	s i l m æ t y s t e n	2
siloinen	s i l o i̯ n e n	0
siloisesti	s i l o i̯ s e s t iˣ	0
silokallio	s i l o k ɑ lː i o	0
silotella	s i l o t e lː ɑˣ	0
silottaa	s i l o tː ɑːˣ	1
silottua	s i l o tː u ɑˣ	0
silpoa	s i l p o ɑˣ	0
silpoherne	s i l p o h e r n eˣ	0
silpoja	s i l p o j ɑ	0
silpoydinherne	s i l p o y d i n h e r n eˣ	0
silppuuntua	s i l pː uː n t u ɑˣ	0
silpunteko	s i l p u n t e k o	0
silta	s i l t ɑ	247
siltala	s i l t ɑ l ɑ	17
siltanosturi	s i l t ɑ n o s t u r i	1
siltaus	s i l t ɑ u s	0
siltavouti	s i l t ɑ ʋ o u̯ t i	6
siltään	s i l t æː n	0
sima	s i m ɑ	4
simahtaa	s i m ɑ h t ɑːˣ	0
simake	s i m ɑ k e	0
simapanimo	s i m ɑ p ɑ n i m o	0
simeoni	s i m e o n i	11
similaarinen	s i m i l ɑː r i n e n	0
simmarit	s i mː ɑ r i t	1
simo	s i m o	288
simojoki	s i m o j o k i	15
simola	s i m o l ɑ	43
simolainen	s i m o l ɑ i̯ n e n	1
simonen	s i m o n e n	25
simoninhyppymyyrä	s i m o n i n h y pː y m yː r æ	0
simpanssi	s i m p ɑ n sː i	1
simppelisti	s i m pː e l i s t iˣ	2
simpukanpyynti	s i m p u k ɑ n p yː n t i	0
simpukka	s i m p u kː ɑ	2
simpukkamurros	s i m p u kː ɑ m u rː o s	0
simputtaa	s i m p u tː ɑːˣ	0
simputus	s i m p u t u s	1
simson	s i m s o n	4
simulaatio	s i m u l ɑː t i o	7
simulaatiopeli	s i m u l ɑː t i o p e l i	0
simulaattori	s i m u l ɑː tː o r i	8
simultaani	s i m u l t ɑː n i	0
simultaanikäännös	s i m u l t ɑː n i k æː nː ø s	0
simultaaninäyttämö	s i m u l t ɑː n i n æ y̯ tː æ m ø	0
simultaanisesti	s i m u l t ɑː n i s e s t iˣ	1
simultaanisti	s i m u l t ɑː n i s t iˣ	1
simultaanitulkki	s i m u l t ɑː n i t u l kː i	0
simvastatiini	s i m ʋ ɑ s t ɑ t iː n i	1
sinapinsiemen	s i n ɑ p i n s i e̯ m e n	1
sinappi	s i n ɑ pː i	11
sinappijauhe	s i n ɑ pː i j ɑ u̯ h eˣ	0
sinervä	s i n e r ʋ æ	1
sinettileimasin	s i n e tː i l e i̯ m ɑ s i n	0
sinettisormus	s i n e tː i s o r m u s	0
sinettitaide	s i n e tː i t ɑ i̯ d eˣ	0
sinfonietta	s i n f o n i e tː ɑ	8
singahduttaa	s i ŋː ɑ h d u tː ɑːˣ	0
single	s i ŋ l e	53
sini	s i n i	43
siniheinä	s i n i h e i̯ n æ	0
sinijuuri	s i n i j uː r i	1
sinikka	s i n i kː ɑ	233
sinilatva	s i n i l ɑ t ʋ ɑ	0
sinililja	s i n i l i l j ɑ	0
siniliuske	s i n i l i u̯ s k eˣ	0
sinimatara	s i n i m ɑ t ɑ r ɑ	0
sinimusta	s i n i m u s t ɑ	0
sininen	s i n i n e n	278
sinipaita	s i n i p ɑ i̯ t ɑ	0
sinipallo	s i n i p ɑ lː o	0
sinirapu	s i n i r ɑ p u	0
sinirikko	s i n i r i kː o	0
sinirinta	s i n i r i n t ɑ	3
siniristi	s i n i r i s t i	3
siniristilippu	s i n i r i s t i l i pː u	2
sinisavikka	s i n i s ɑ ʋ i kː ɑ	0
sinisilmäisesti	s i n i s i l m æ i̯ s e s t iˣ	1
sinistäjäsieni	s i n i s t æ j æ s i e̯ n i	0
sinistää	s i n i s t æːˣ	0
sinivalas	s i n i ʋ ɑ l ɑ s	3
sinivalvatti	s i n i ʋ ɑ l ʋ ɑ tː i	0
sinivatukka	s i n i ʋ ɑ t u kː ɑ	0
sinivihreä	s i n i ʋ i h r e æ	3
sinivuokko	s i n i ʋ u o̯ kː o	6
siniyökönlehti	s i n i y ø k ø n l e h t i	0
sinkata	s i ŋ k ɑ t ɑˣ	0
sinkautella	s i ŋ k ɑ u t e lː ɑˣ	0
sinkauttaa	s i ŋ k ɑ u tː ɑːˣ	0
sinkilänaulain	s i ŋ k i l æ n ɑ u̯ l ɑ i̯ n	0
sinkitys	s i ŋ k i t y s	2
sinkkiarkku	s i ŋ kː i ɑ r kː u	0
sinkkipasta	s i ŋ kː i p ɑ s t ɑ	0
sinkkivoide	s i ŋ kː i ʋ o i̯ d eˣ	0
sinkkivälke	s i ŋ kː i ʋ æ l k eˣ	0
sinkku	s i ŋ kː u	17
sinkkuus	s i ŋ kː uː s	0
sinko	s i ŋ k o	7
sinkoilla	s i ŋ k o i̯ lː ɑˣ	2
sinkoryhmä	s i ŋ k o r y h m æ	0
sinne	s i nː eˣ	1286
sinnemmä	s i nː e mː æ	0
sinnemmäksi	s i nː e mː æ k s i	0
sinnemmäs	s i nː e mː æ s	0
sinnempänä	s i nː e m p æ n æ	0
sinnempää	s i nː e m p æː	0
sinnepäin	s i nː eˣ p æ i̯ n	11
sintraantua	s i n t r ɑː n t u ɑˣ	0
sintrata	s i n t r ɑ t ɑˣ	0
sintrautua	s i n t r ɑ u t u ɑˣ	0
sintteri	s i n tː e r i	0
sintu	s i n t u	0
sinua	s i n u ɑ	989
sinuiksi	s i n u i̯ k s i	11
sinuksi	s i n u k s i	2
sinulla	s i n u lː ɑ	1067
sinulle	s i n u lː eˣ	1378
sinulta	s i n u l t ɑ	106
sinun	s i n u n	1471
sinuna	s i n u n ɑ	2
sinunkaupat	s i n u n k ɑ u̯ p ɑ t	3
sinunlainen	s i n u n l ɑ i̯ n e n	0
sinunlaisesi	s i n u n l ɑ i̯ s e s i	0
sinussa	s i n u sː ɑ	47
sinusta	s i n u s t ɑ	150
sinut	s i n u t	432
sinutella	s i n u t e lː ɑˣ	4
sinutta	s i n u tː ɑ	0
sinuun	s i n uː n	153
sinä	s i n æ	1214
sinälleen	s i n æ lː eː n	0
sinältään	s i n æ l t æː n	0
sinänsä	s i n æ n s æˣ	738
sioux	s i o u k s	0
sioux	s uː	0
siperianharmaalokki	s i p e r i ɑ n h ɑ r m ɑː l o kː i	0
siperianhusky	s i p e r i ɑ n h u s k i	6
siperianhusky	s i p e r i ɑ n h u s k y	6
siperianhusky	s i p e r i ɑ n h ɑ s k i	6
siperianjokilohi	s i p e r i ɑ n j o k i l o h i	0
siperiansinivalvatti	s i p e r i ɑ n s i n i ʋ ɑ l ʋ ɑ tː i	0
sipoo	s i p oː	9
sipoolainen	s i p oː l ɑ i̯ n e n	1
sipsutella	s i p s u t e lː ɑˣ	0
sipuli	s i p u l i	57
sipulihakkuri	s i p u l i h ɑ kː u r i	0
sipulihiutale	s i p u l i h i u̯ t ɑ l eˣ	0
sipulihiutaleet	s i p u l i h i u̯ t ɑ l eː t	0
sipulijauhe	s i p u l i j ɑ u̯ h eˣ	0
sipulikastike	s i p u l i k ɑ s t i k eˣ	0
sipulikasvi	s i p u l i k ɑ s ʋ i	0
sipulikeitto	s i p u l i k e i̯ tː o	0
sipulikirkko	s i p u l i k i r kː o	0
sipulikupoli	s i p u l i k u p o l i	1
sipulikärpänen	s i p u l i k æ r p æ n e n	0
sipulilehti	s i p u l i l e h t i	0
sipulileikkuri	s i p u l i l e i̯ kː u r i	0
sipulimaito	s i p u l i m ɑ i̯ t o	0
sipulinkuori	s i p u l i n k u o̯ r i	0
sipulinviipale	s i p u l i n ʋ iː p ɑ l eˣ	0
sipulipihvi	s i p u l i p i h ʋ i	0
sipulipiirakka	s i p u l i p iː r ɑ kː ɑ	0
sipuliviipale	s i p u l i ʋ iː p ɑ l eˣ	0
sirahdella	s i r ɑ h d e lː ɑˣ	0
sirahtaa	s i r ɑ h t ɑːˣ	1
sireeni	s i r eː n i	6
siren	s i r e̞ː n	20
siristää	s i r i s t æːˣ	1
sirittäjä	s i r i tː æ j æ	1
sirkeä	s i r k e æ	2
sirkka	s i r kː ɑ	213
sirkkajuuri	s i r kː ɑ j uː r i	0
sirkkalehti	s i r kː ɑ l e h t i	0
sirkkelisaha	s i r kː e l i s ɑ h ɑ	1
sirkku	s i r kː u	37
sirklata	s i r k l ɑ t ɑˣ	0
sirkulaattori	s i r k u l ɑː tː o r i	0
sirkus	s i r k u s	22
sirkuslainen	s i r k u s l ɑ i̯ n e n	0
sirkusryhmä	s i r k u s r y h m æ	0
sirkustaiteilija	s i r k u s t ɑ i̯ t e i̯ l i j ɑ	0
sirkusteltta	s i r k u s t e l tː ɑ	1
sirkustirehtööri	s i r k u s t i r e h t øː r i	3
sironta	s i r o n t ɑ	8
sirostella	s i r o s t e lː ɑˣ	0
sirota	s i r o t ɑˣ	0
sirotesokeri	s i r o t eˣ s o k e r i	0
sirottua	s i r o tː u ɑˣ	0
sirpa	s i r p ɑ	239
sirpale	s i r p ɑ l eˣ	1
sirpalepommi	s i r p ɑ l eˣ p o mː i	0
sirpaletieto	s i r p ɑ l eˣ t i e̯ t o	0
sirpaloitua	s i r p ɑ l o i̯ t u ɑˣ	0
sirppi	s i r pː i	6
sirukortti	s i r u k o r tː i	2
sirén	s i r e̞ː n	25
sisal	s i s ɑ l	0
sisar	s i s ɑ r	46
sisaralus	s i s ɑ r ɑ l u s	2
sisarekset	s i s ɑ r e k s e t	0
sisarellisesti	s i s ɑ r e lː i s e s t iˣ	0
sisaruus	s i s ɑ r uː s	4
sisaryhtiö	s i s ɑ r y h t i ø	0
sisemmälle	s i s e mː æ lː eˣ	0
sisemmällä	s i s e mː æ lː æ	1
sisemmältä	s i s e mː æ l t æ	0
sisemmäs	s i s e mː æ s	1
sisilisko	s i s i l i s k o	1
sisimmäinen	s i s i mː æ i̯ n e n	0
sisin	s i s i n	14
sisko	s i s k o	109
siskokset	s i s k o k s e t	2
siskonmakkarakeitto	s i s k o n m ɑ kː ɑ r ɑ k e i̯ tː o	0
siskonpoika	s i s k o n p o i̯ k ɑ	0
siskontytär	s i s k o n t y t æ r	0
sisnalaukku	s i s n ɑ l ɑ u̯ kː u	0
sissijoukot	s i sː i j o u̯ k o t	0
sisu	s i s u	29
sisukas	s i s u k ɑ s	8
sisukkaasti	s i s u kː ɑː s t iˣ	3
sisupussi	s i s u p u sː i	0
sisus	s i s u s	13
sisuskalut	s i s u s k ɑ l u t	2
sisustaa	s i s u s t ɑːˣ	15
sisustustekstiili	s i s u s t u s t e k s t iː l i	1
sisustustyö	s i s u s t u s t y ø̯	0
sisuuntua	s i s uː n t u ɑˣ	0
sisäasiainministeriö	s i s æ ɑ s i ɑ i̯ n m i n i s t e r i ø	57
sisäenergia	s i s æ e n e r ɡ i ɑ	1
sisäfile	s i s æ f i l eˣ	1
sisähalkaisija	s i s æ h ɑ l k ɑ i̯ s i j ɑ	1
sisäilmasto	s i s æ i l m ɑ s t o	6
sisäinen	s i s æ i̯ n e n	494
sisäistyä	s i s æ i̯ s t y æˣ	0
sisäkalut	s i s æ k ɑ l u t	0
sisälentopallo	s i s æ l e n t o p ɑ lː o	0
sisäliitos	s i s æ l iː t o s	0
sisälinja	s i s æ l i n j ɑ	0
sisällisesti	s i s æ lː i s e s t iˣ	0
sisällys	s i s æ lː y s	10
sisällysluettelo	s i s æ lː y s l u e tː e l o	53
sisällönkuvailu	s i s æ lː ø n k u ʋ ɑ i̯ l u	5
sisälmysmato	s i s æ l m y s m ɑ t o	0
sisälmysrasva	s i s æ l m y s r ɑ s ʋ ɑ	0
sisältää	s i s æ l t æːˣ	4043
sisältö	s i s æ l t ø	1737
sisältöjako	s i s æ l t ø j ɑ k o	0
sisältömalli	s i s æ l t ø m ɑ lː i	0
sisältörikas	s i s æ l t ø r i k ɑ s	0
sisälukutaito	s i s æ l u k u t ɑ i̯ t o	1
sisämaanpassi	s i s æ m ɑː n p ɑ sː i	0
sisämarkkinat	s i s æ m ɑ r kː i n ɑ t	4
sisämeri	s i s æ m e r i	3
sisäministeri	s i s æ m i n i s t e r i	18
sisäministeriö	s i s æ m i n i s t e r i ø	12
sisäovi	s i s æ o ʋ i	1
sisäpiirivitsi	s i s æ p iː r i ʋ i t s i	0
sisäpiste	s i s æ p i s t eˣ	0
sisäreuna	s i s æ r e u̯ n ɑ	2
sisäruokintakausi	s i s æ r u o̯ k i n t ɑ k ɑ u̯ s i	0
sisäsaaristo	s i s æ s ɑː r i s t o	1
sisäseinä	s i s æ s e i̯ n æ	0
sisäsiittoisuus	s i s æ s iː tː o i̯ s uː s	0
sisäsivu	s i s æ s i ʋ u	0
sisäsynnyttimet	s i s æ s y nː y tː i m e t	0
sisätyö	s i s æ t y ø̯	0
sisävaatteet	s i s æ ʋ ɑː tː eː t	0
sisävalaistus	s i s æ ʋ ɑ l ɑ i̯ s t u s	2
sisäverkko	s i s æ ʋ e r kː o	8
sisävesialus	s i s æ ʋ e s i ɑ l u s	0
sisävesihöyry	s i s æ ʋ e s i h ø y̯ r y	0
sisävesiliikenne	s i s æ ʋ e s i l iː k e nː eˣ	1
sisävesisatama	s i s æ ʋ e s i s ɑ t ɑ m ɑ	0
sisävesitie	s i s æ ʋ e s i t i e̯	0
sisäydin	s i s æ y d i n	0
sisäänajotie	s i s æː n ɑ j o t i e̯	0
sisäänhengityslihas	s i s æː n h e ŋː i t y s l i h ɑ s	0
sisäänpisto	s i s æː n p i s t o	0
sisääntuloaula	s i s æː n t u l o ɑ u l ɑ	3
sisääntulotie	s i s æː n t u l o t i e̯	0
sitaattilaina	s i t ɑː tː i l ɑ i̯ n ɑ	0
sitar	s i t ɑ r	1
siten	s i t e n	5585
sitkaasti	s i t k ɑː s t iˣ	0
sitkeyttää	s i t k e y tː æːˣ	0
sitkeytyä	s i t k e y t y æˣ	0
sitkistyä	s i t k i s t y æˣ	0
sitkistää	s i t k i s t æːˣ	0
sitkoaine	s i t k o ɑ i̯ n eˣ	0
sitkopitoisuus	s i t k o p i t o i̯ s uː s	0
sitkostaa	s i t k o s t ɑːˣ	0
sitoa	s i t o ɑˣ	85
sitoi	s i t o i̯	17
sitomakone	s i t o m ɑ k o n eˣ	0
sitouttaa	s i t o u tː ɑːˣ	21
sitova	s i t o ʋ ɑ	119
sitovasti	s i t o ʋ ɑ s t iˣ	24
sitraattisyntaasi	s i t r ɑː tː i s y n t ɑː s i	0
sitruuna	s i t r uː n ɑ	4
sitruunajäätelö	s i t r uː n ɑ j æː t e l ø	0
sitruunamehu	s i t r uː n ɑ m e h u	11
sitruunaperhonen	s i t r uː n ɑ p e r h o n e n	1
sitruunasooda	s i t r uː n ɑ s oː d ɑ	0
sitruunatee	s i t r uː n ɑ t eː	0
sitta	s i tː ɑ	0
sitten	s i tː e n	8456
situatiivi	s i t u ɑ t iː ʋ i	0
siula	s i u̯ l ɑ	0
siulaverkko	s i u̯ l ɑ ʋ e r kː o	0
siunaantua	s i u̯ n ɑː n t u ɑˣ	1
siunailla	s i u̯ n ɑ i̯ lː ɑˣ	0
siunauskappeli	s i u̯ n ɑ u s k ɑ pː e l i	2
siunauslapio	s i u̯ n ɑ u s l ɑ p i o	0
siunautua	s i u̯ n ɑ u t u ɑˣ	0
siuntio	s i u̯ n t i o	27
siuntiolainen	s i u̯ n t i o l ɑ i̯ n e n	3
siuruanjoki	s i u̯ r u ɑ n j o k i	0
sivallella	s i ʋ ɑ lː e lː ɑˣ	0
siveellinen	s i ʋ eː lː i n e n	2
siveellisesti	s i ʋ eː lː i s e s t iˣ	3
siveettömästi	s i ʋ eː tː ø m æ s t iˣ	0
sivellintekniikka	s i ʋ e lː i n t e k n iː kː ɑ	1
sivellä	s i ʋ e lː æˣ	4
siveysoppi	s i ʋ e y s o pː i	0
siveyspoliisi	s i ʋ e y s p o l iː s i	1
siveästi	s i ʋ e æ s t iˣ	1
siviili	s i ʋ iː l i	2
siviiliammatti	s i ʋ iː l i ɑ mː ɑ tː i	0
siviiliauto	s i ʋ iː l i ɑ u t o	0
siviilielämä	s i ʋ iː l i e l æ m æ	0
siviilihenkilö	s i ʋ iː l i h e ŋ k i l ø	2
siviilikäyttö	s i ʋ iː l i k æ y̯ tː ø	0
siviilipalvelus	s i ʋ iː l i p ɑ l ʋ e l u s	12
siviilipalvelusmies	s i ʋ iː l i p ɑ l ʋ e l u s m i e̯ s	13
siviilipoliisiauto	s i ʋ iː l i p o l iː s i ɑ u t o	0
siviilipuku	s i ʋ iː l i p u k u	0
siviilisääty	s i ʋ iː l i s æː t y	11
sivistymättömästi	s i ʋ i s t y m æ tː ø m æ s t iˣ	0
sivistyneesti	s i ʋ i s t y n eː s t iˣ	3
sivistys	s i ʋ i s t y s	49
sivistää	s i ʋ i s t æːˣ	4
siviä	s i ʋ i æ	1
sivu	s i ʋ u	603
sivuaallokko	s i ʋ u ɑː lː o kː o	0
sivuaja	s i ʋ u ɑ j ɑ	0
sivuajatus	s i ʋ u ɑ j ɑ t u s	0
sivualttari	s i ʋ u ɑ l tː ɑ r i	0
sivuammatti	s i ʋ u ɑ mː ɑ tː i	1
sivuansio	s i ʋ u ɑ n s i o	0
sivuapteekki	s i ʋ u ɑ p t eː kː i	0
sivuasia	s i ʋ u ɑ s i ɑ	1
sivuaskel	s i ʋ u ɑ s k e l	1
sivuaurinko	s i ʋ u ɑ u r i ŋ k o	2
sivuelinkeino	s i ʋ u e l i n k e i̯ n o	6
sivuhaara	s i ʋ u h ɑː r ɑ	0
sivuhalkio	s i ʋ u h ɑ l k i o	0
sivuhenkilö	s i ʋ u h e ŋ k i l ø	0
sivuhomma	s i ʋ u h o mː ɑ	0
sivuhuomautus	s i ʋ u h u o̯ m ɑ u t u s	1
sivuhuone	s i ʋ u h u o̯ n eˣ	0
sivuhyppy	s i ʋ u h y pː y	0
sivuikkuna	s i ʋ u i kː u n ɑ	2
sivuilmiö	s i ʋ u i l m i ø	0
sivuitse	s i ʋ u i̯ t s eˣ	11
sivujuoni	s i ʋ u j u o̯ n i	0
sivukappale	s i ʋ u k ɑ pː ɑ l eˣ	0
sivukautta	s i ʋ u k ɑ u̯ tː ɑ	1
sivukoko	s i ʋ u k o k o	4
sivukone	s i ʋ u k o n eˣ	0
sivukuva	s i ʋ u k u ʋ ɑ	1
sivukvanttiluku	s i ʋ u k ʋ ɑ n tː i l u k u	0
sivulaiton	s i ʋ u l ɑ i̯ t o n	0
sivulaiva	s i ʋ u l ɑ i̯ ʋ ɑ	0
sivulastaaja	s i ʋ u l ɑ s t ɑː j ɑ	0
sivulaukku	s i ʋ u l ɑ u̯ kː u	0
sivuliike	s i ʋ u l iː k eˣ	7
sivullepäin	s i ʋ u lː eˣ p æ i̯ n	2
sivulletaivutus	s i ʋ u lː eˣ t ɑ i̯ ʋ u t u s	0
sivultapäin	s i ʋ u l t ɑ p æ i̯ n	3
sivuluisu	s i ʋ u l u i̯ s u	1
sivuluku	s i ʋ u l u k u	0
sivumaku	s i ʋ u m ɑ k u	0
sivumeri	s i ʋ u m e r i	0
sivumerkitys	s i ʋ u m e r k i t y s	1
sivummaksi	s i ʋ u mː ɑ k s i	0
sivummalla	s i ʋ u mː ɑ lː ɑ	3
sivummalle	s i ʋ u mː ɑ lː eˣ	8
sivummalta	s i ʋ u mː ɑ l t ɑ	0
sivummas	s i ʋ u mː ɑ s	0
sivumpaa	s i ʋ u m p ɑː	0
sivumpana	s i ʋ u m p ɑ n ɑ	0
sivumyymälä	s i ʋ u m yː m æ l æ	0
sivumäärä	s i ʋ u m æː r æ	15
sivunkuvauskieli	s i ʋ u n k u ʋ ɑ u s k i e̯ l i	3
sivunormaali	s i ʋ u n o r m ɑː l i	0
sivunumerointi	s i ʋ u n u m e r o i̯ n t i	6
sivunvalmistus	s i ʋ u n ʋ ɑ l m i s t u s	4
sivuontelo	s i ʋ u o n t e l o	0
sivuosa	s i ʋ u o s ɑ	1
sivuotsikko	s i ʋ u o t s i kː o	0
sivuperintö	s i ʋ u p e r i n t ø	0
sivupersoona	s i ʋ u p e r s oː n ɑ	0
sivuperäsin	s i ʋ u p e r æ s i n	0
sivupinta	s i ʋ u p i n t ɑ	0
sivupolku	s i ʋ u	0
sivupöytä	s i ʋ u p ø y̯ t æ	1
sivuraide	s i ʋ u r ɑ i̯ d eˣ	0
sivuraja	s i ʋ u r ɑ j ɑ	1
sivurakennus	s i ʋ u r ɑ k e nː u s	3
sivusauma	s i ʋ u s ɑ u̯ m ɑ	0
sivustavedettävä	s i ʋ u s t ɑ ʋ e d e tː æ ʋ æ	1
sivustovastaava	s i ʋ u s t o ʋ ɑ s t ɑː ʋ ɑ	0
sivusuunnitelma	s i ʋ u s uː nː i t e l m ɑ	0
sivusuunta	s i ʋ u s uː n t ɑ	0
sivusävel	s i ʋ u s æ ʋ e l	0
sivutaitto	s i ʋ u t ɑ i̯ tː o	0
sivutaivutus	s i ʋ u t ɑ i̯ ʋ u t u s	0
sivutarkoitus	s i ʋ u t ɑ r k o i̯ t u s	0
sivutasku	s i ʋ u t ɑ s k u	1
sivutaulu	s i ʋ u t ɑ u̯ l u	0
sivuteema	s i ʋ u t eː m ɑ	2
sivutoimi	s i ʋ u t o i̯ m i	8
sivuttaisliike	s i ʋ u tː ɑ i̯ s l iː k eˣ	1
sivuttaispito	s i ʋ u tː ɑ i̯ s p i t o	0
sivutustiedosto	s i ʋ u t u s t i e̯ d o s t o	0
sivutustila	s i ʋ u t u s t i l ɑ	0
sivutyö	s i ʋ u t y ø̯	2
sivutörmäys	s i ʋ u t ø r m æ y s	0
sivuvaaka	s i ʋ u ʋ ɑː k ɑ	0
sivuvaikutus	s i ʋ u ʋ ɑ i̯ k u t u s	7
sivuvaimo	s i ʋ u ʋ ɑ i̯ m o	0
sivuvakaaja	s i ʋ u ʋ ɑ k ɑː j ɑ	0
sivuvakain	s i ʋ u ʋ ɑ k ɑ i̯ n	0
sivuvalo	s i ʋ u ʋ ɑ l o	0
sivuvedos	s i ʋ u ʋ e d o s	0
sivuverho	s i ʋ u ʋ e r h o	0
sivuvesieste	s i ʋ u ʋ e s i e s t eˣ	0
sivuvirka	s i ʋ u ʋ i r k ɑ	1
sivuvivahde	s i ʋ u ʋ i ʋ ɑ h d eˣ	0
sivuääni	s i ʋ u æː n i	6
skaala	s k ɑː l ɑ	24
skaba	s k ɑ b ɑ	0
skalaarikertolasku	s k ɑ l ɑː r i k e r t o l ɑ s k u	0
skalaarisuure	s k ɑ l ɑː r i s uː r eˣ	0
skannata	s k ɑ nː ɑ t ɑˣ	21
skeduloida	s k e d u l o i̯ d ɑˣ	0
skeglu	s k e ɡ l u	0
skeida	s k e i̯ d ɑ	0
skene	s k e n e	3
skiitta	s k iː tː ɑ	0
skini	s k i n i	1
skitsofreenistyyppinen	s k i t s o f r eː n i s t yː pː i n e n	0
skitsofrenia	s k i t s o f r e n i ɑ	18
sklerosoiva	s k l e r o s o i̯ ʋ ɑ	0
skole	s k o l e	0
skorpioni	s k o r p i o n i	3
skorpioni	s k o r pː i oː n i	3
skotlanti	s k o t l ɑ n t i	10
skoude	s k o u̯ d e	1
skripti	s k r i p t i	5
skruudata	s k r uː d ɑ t ɑˣ	0
skrätsätä	s k r æ t s æ t æˣ	0
skumppa	s k u m pː ɑ	0
skuru	s k u r u	0
skvaleenisyntaasi	s k ʋ ɑ l eː n i s y n t ɑː s i	0
skypettää	s k y p e tː æːˣ	0
skäfä	s k æ f æ	0
slaba	s l ɑ b ɑ	0
slangi	s l ɑ ŋː i	6
slapstick	s l æ p s t i k	0
slavisti	s l ɑ ʋ i s t i	1
slummi	s l u mː i	2
slush	s l u s	0
slush	s l u ʃ	0
sluuppi	s l uː pː i	0
smegma	s m e ɡ m ɑ	0
smektiitti	s m e k t iː tː i	0
smirgelikivi	s m i r ɡ e l i k i ʋ i	0
smokki	s m o kː i	1
smoothie	s m uː t i e	0
smoothie	s m uː tː i	0
smurffi	s m u r fː i	0
snautseri	s n ɑ u̯ t s e r i	0
snooker	s n uː k e r	1
snooker	s n uː kː e r	1
socinolainen	s o s i n o l ɑ i̯ n e n	0
sodankylä	s o d ɑ n k y l æ	11
sodankyläläinen	s o d ɑ n k y l æ l æ i̯ n e n	1
sodi	s o d iˣ	3
sofia	s o f i ɑ	55
softaus	s o f t ɑ u s	0
softball	s o f t b oː l	0
sohia	s o h i ɑˣ	1
sohjoinen	s o h j o i̯ n e n	0
sohva	s o h ʋ ɑ	10
sohvasänky	s o h ʋ ɑ s æ ŋ k y	0
sohvi	s o h ʋ i	2
soi	s o i̯	241
soi	s o i̯ˣ	241
soida	s o i̯ d ɑˣ	30
soidin	s o i̯ d i n	2
soidinalue	s o i̯ d i n ɑ l u eˣ	0
soidinhuuto	s o i̯ d i n h uː t o	0
soijajuusto	s o i̯ j ɑ j uː s t o	0
soijamaito	s o i̯ j ɑ m ɑ i̯ t o	0
soijarouhe	s o i̯ j ɑ r o u̯ h eˣ	0
soikea	s o i̯ k e ɑ	7
soikio	s o i̯ k i o	4
soila	s o i̯ l ɑ	13
soile	s o i̯ l e	41
soili	s o i̯ l i	29
soilikki	s o i̯ l i kː i	3
soima	s o i̯ m ɑ	0
soimaaminen	s o i̯ m ɑː m i n e n	0
soimiminen	s o i̯ m i m i n e n	0
soiminen	s o i̯ m i n e n	6
soin	s o i̯ n	1
soini	s o i̯ n i	64
soinilainen	s o i̯ n i l ɑ i̯ n e n	0
soininen	s o i̯ n i n e n	47
soinnahtaa	s o i̯ nː ɑ h t ɑːˣ	0
soinnikkaasti	s o i̯ nː i kː ɑː s t iˣ	0
soinnillisesti	s o i̯ nː i lː i s e s t iˣ	0
soinnillistua	s o i̯ nː i lː i s t u ɑˣ	0
soinnullisesti	s o i̯ nː u lː i s e s t iˣ	0
soinnutella	s o i̯ nː u t e lː ɑˣ	0
sointi	s o i̯ n t i	27
sointinen	s o i̯ n t i n e n	0
sointu	s o i̯ n t u	16
sointua	s o i̯ n t u ɑ	1
sointua	s o i̯ n t u ɑˣ	1
sointufunktio	s o i̯ n t u f u ŋ k t i o	0
sointukierto	s o i̯ n t u k i e̯ r t o	0
sointukulku	s o i̯ n t u k u l k u	2
sointuoppi	s o i̯ n t u o pː i	1
soiro	s o i̯ r o	1
soisi	s o i̯ s i	42
soistaa	s o i̯ s t ɑːˣ	0
soistuminen	s o i̯ s t u m i n e n	1
soitin	s o i̯ t i n	91
soitinryhmä	s o i̯ t i n r y h m æ	1
soitonopettaja	s o i̯ t o n o p e tː ɑ j ɑ	0
soittaa	s o i̯ tː ɑːˣ	569
soittaminen	s o i̯ tː ɑ m i n e n	33
soittokello	s o i̯ tː o k e lː o	1
soittokone	s o i̯ tː o k o n eˣ	0
soittolista	s o i̯ tː o l i s t ɑ	3
soittotaito	s o i̯ tː o t ɑ i̯ t o	9
soittotekniikka	s o i̯ tː o t e k n iː kː ɑ	1
soittoääni	s o i̯ tː o æː n i	2
sokea	s o k e ɑ	57
sokeisto	s o k e i̯ s t o	0
sokeri	s o k e r i	86
sokerihumala	s o k e r i h u m ɑ l ɑ	1
sokerikakku	s o k e r i k ɑ kː u	0
sokeripala	s o k e r i p ɑ l ɑ	0
sokeripussi	s o k e r i p u sː i	1
sokeritauti	s o k e r i t ɑ u̯ t i	8
sokeroituminen	s o k e r o i̯ t u m i n e n	0
sokeus	s o k e u s	8
sokka	s o kː ɑ	13
sokkapultti	s o kː ɑ p u l tː i	0
sokkeliperustus	s o kː e l i p e r u s t u s	0
sokko	s o kː o	4
sokkokäärme	s o kː o k æː r m eˣ	0
sokkolento	s o kː o l e n t o	0
sokkopaarma	s o kː o p ɑː r m ɑ	0
solaarinen	s o l ɑː r i n e n	0
solahtaa	s o l ɑ h t ɑːˣ	2
solakka	s o l ɑ kː ɑ	1
solakko	s o l ɑ kː o	0
solakoittaa	s o l ɑ k o i̯ tː ɑːˣ	0
solakoitua	s o l ɑ k o i̯ t u ɑˣ	0
solauttaa	s o l ɑ u tː ɑːˣ	0
solenoidiventtiili	s o l e n o i̯ d i ʋ e n tː iː l i	0
solidaarisesti	s o l i d ɑː r i s e s t iˣ	2
solidi	s o l i d i	0
soljahtaa	s o l j ɑ h t ɑːˣ	1
soljo	s o l j o	0
soljua	s o l j u ɑˣ	2
soljuttaa	s o l j u tː ɑːˣ	0
solkata	s o l k ɑ t ɑˣ	0
solki	s o l k i	6
solkottaa	s o l k o tː ɑːˣ	0
solmeilla	s o l m e i̯ lː ɑˣ	0
solmeilu	s o l m e i̯ l u	0
solmeilutyö	s o l m e i̯ l u t y ø̯	0
solmiutua	s o l m i u t u ɑˣ	0
solmu	s o l m u	39
solmukohta	s o l m u k o h t ɑ	10
solmuvarsta	s o l m u ʋ ɑ r s t ɑ	0
solttu	s o l tː u	0
solu	s o l u	28
solualue	s o l u ɑ l u eˣ	0
soluasunto	s o l u ɑ s u n t o	1
solubetoni	s o l u b e t o n i	0
soluhengitys	s o l u h e ŋː i t y s	0
solukelmu	s o l u k e l m u	0
solulimakalvosto	s o l u l i m ɑ k ɑ l ʋ o s t o	0
solumuovi	s o l u m u o̯ ʋ i	1
solunesterakkula	s o l u n e s t eˣ r ɑ kː u l ɑ	0
solusisältö	s o l u s i s æ l t ø	0
soluteoria	s o l u t e o r i ɑ	0
soluton	s o l u t o n	2
soluttaa	s o l u tː ɑːˣ	3
solutus	s o l u t u s	1
solutustyö	s o l u t u s t y ø̯	1
solutyö	s o l u t y ø̯	1
soluviljely	s o l u ʋ i l j e l y	0
soma	s o m ɑ	5
somasti	s o m ɑ s t iˣ	0
some	s o m e	5
somekansa	s o m e k ɑ n s ɑ	0
somekupla	s o m e k u p l ɑ	0
somentua	s o m e n t u ɑˣ	0
someraivo	s o m e r ɑ i̯ ʋ o	0
somero	s o m e r o	21
somerolainen	s o m e r o l ɑ i̯ n e n	3
somersara	s o m e r s ɑ r ɑ	0
somiitti	s o m iː tː i	0
somistaa	s o m i s t ɑːˣ	4
somistua	s o m i s t u ɑˣ	0
somistus	s o m i s t u s	3
sommelo	s o mː e l o	5
sommitella	s o mː i t e lː ɑˣ	5
sommitelma	s o mː i t e l m ɑ	10
sompahissi	s o m p ɑ h i sː i	0
sompailla	s o m p ɑ i̯ lː ɑˣ	0
sondi	s o n d i	2
sonetti	s o n e tː i	2
sonja	s o n j ɑ	45
sonkajärveläinen	s o ŋ k ɑ j æ r ʋ e l æ i̯ n e n	0
sonkajärvi	s o ŋ k ɑ j æ r ʋ i	2
sonnanajo	s o nː ɑ n ɑ j o	0
sonni	s o nː i	4
sonni	s o nː iˣ	4
sonnustaa	s o nː u s t ɑːˣ	0
sonta	s o n t ɑ	0
sontareki	s o n t ɑ r e k i	0
sontikka	s o n t i kː ɑ	0
soodalasi	s oː d ɑ l ɑ s i	0
sooli	s oː l i	0
sooloilla	s oː l o i̯ lː ɑˣ	3
sooni	s oː n i	0
soopelinnahka	s oː p e l i n n ɑ h k ɑ	0
sopa	s o p ɑ	0
soperrella	s o p e rː e lː ɑˣ	0
sopeutumiskyky	s o p e u t u m i s k y k y	4
sopeutuva	s o p e u t u ʋ ɑ	8
sopia	s o p i ɑˣ	551
sopiminen	s o p i m i n e n	58
sopimus	s o p i m u s	1007
sopimusvedos	s o p i m u s ʋ e d o s	1
sopimusyhteiskunta	s o p i m u s y h t e i̯ s k u n t ɑ	0
sopiva	s o p i ʋ ɑ	782
sopottaa	s o p o tː ɑːˣ	0
soppajono	s o pː ɑ j o n o	0
soppi	s o pː i	1
sopraanoavain	s o p r ɑː n o ɑ ʋ ɑ i̯ n	0
sopu	s o p u	14
sopuilla	s o p u i̯ lː ɑˣ	0
sopuisasti	s o p u i̯ s ɑ s t iˣ	8
sopuli	s o p u l i	3
sopulinsara	s o p u l i n s ɑ r ɑ	0
sopulivuosi	s o p u l i ʋ u o̯ s i	2
sopupeliskandaali	s o p u p e l i s k ɑ n d ɑː l i	0
sopusointu	s o p u s o i̯ n t u	7
sopusointuisesti	s o p u s o i̯ n t u i̯ s e s t iˣ	1
sopusuhtaisesti	s o p u s u h t ɑ i̯ s e s t iˣ	2
sopuvaalit	s o p u ʋ ɑː l i t	0
sora	s o r ɑ	19
sorahdella	s o r ɑ h d e lː ɑˣ	0
sorahduttaa	s o r ɑ h d u tː ɑːˣ	0
sorahtaa	s o r ɑ h t ɑːˣ	0
sorakauha	s o r ɑ k ɑ u̯ h ɑ	0
sorastaa	s o r ɑ s t ɑːˣ	0
sorauttaa	s o r ɑ u tː ɑːˣ	0
sorautua	s o r ɑ u t u ɑˣ	0
sorbetti	s o r b e tː i	0
soreasti	s o r e ɑ s t iˣ	0
sorittaa	s o r i tː ɑːˣ	0
sorjistua	s o r j i s t u ɑˣ	0
sorjonen	s o r j o n e n	8
sorkka	s o r kː ɑ	2
sorkkarauta	s o r kː ɑ r ɑ u̯ t ɑ	0
sorkkavasara	s o r kː ɑ ʋ ɑ s ɑ r ɑ	0
sormainen	s o r m ɑ i̯ n e n	0
sormenjälkilukija	s o r m e n j æ l k i l u k i j ɑ	0
sormenjälkitunnistin	s o r m e n j æ l k i t u nː i s t i n	2
sormenjälkitunnistus	s o r m e n j æ l k i t u nː i s t u s	1
sormenjälkitutkimus	s o r m e n j æ l k i t u t k i m u s	0
sormenkynsi	s o r m e n k y n s i	0
sormenpää	s o r m e n p æː	0
sormi	s o r m i	34
sormihirssi	s o r m i h i r sː i	0
sormikas	s o r m i k ɑ s	4
sormilovi	s o r m i l o ʋ i	0
sormiruuvi	s o r m i r uː ʋ i	1
sormisara	s o r m i s ɑ r ɑ	1
sormus	s o r m u s	9
sormusrasia	s o r m u s r ɑ s i ɑ	0
sormustimellinen	s o r m u s t i m e lː i n e n	0
sormustin	s o r m u s t i n	0
sorokka	s o r o kː ɑ	0
sorrettu	s o rː e tː u	0
sorsa	s o r s ɑ	35
sorsapilli	s o r s ɑ p i lː i	0
sorsimo	s o r s i m o	1
sortaa	s o r t ɑːˣ	7
sortavala	s o r t ɑ ʋ ɑ l ɑ	9
sortoaita	s o r t o ɑ i̯ t ɑ	0
sortsit	s o r t s i t	0
sortuma	s o r t u m ɑ	0
sortuu	s o r t uː	34
sortuuki	s o r t uː k i	1
sortuva	s o r t u ʋ ɑ	2
sorva	s o r ʋ ɑ	5
sorvaamo	s o r ʋ ɑː m o	0
sorvailla	s o r ʋ ɑ i̯ lː ɑˣ	1
sorvata	s o r ʋ ɑ t ɑˣ	5
sosekeitto	s o s eˣ k e i̯ tː o	1
sosemylly	s o s eˣ m y lː y	0
soseuttaa	s o s e u tː ɑːˣ	0
soseutua	s o s e u t u ɑˣ	0
sosiaaliantropologia	s o s i ɑː l i ɑ n t r o p o l o ɡ i ɑ	2
sosiaaliekologia	s o s i ɑː l i e k o l o ɡ i ɑ	0
sosiaalihistoria	s o s i ɑː l i h i s t o r i ɑ	6
sosiaalilääketiede	s o s i ɑː l i l æː k eˣ t i e̯ d eˣ	0
sosiaalimenot	s o s i ɑː l i m e n o t	10
sosiaalineuvos	s o s i ɑː l i n e u̯ ʋ o s	3
sosiaalipoliittinen	s o s i ɑː l i p o l iː tː i n e n	35
sosiaalipolitiikka	s o s i ɑː l i p o l i t iː kː ɑ	31
sosiaalipsykologi	s o s i ɑː l i p s y k o l o ɡ i	5
sosiaalipsykologinen	s o s i ɑː l i p s y k o l o ɡ i n e n	2
sosiaaliryhmä	s o s i ɑː l i r y h m æ	2
sosiaalisairaala	s o s i ɑː l i s ɑ i̯ r ɑː l ɑ	8
sosiaalisesti	s o s i ɑː l i s e s t iˣ	155
sosiaalitieteet	s o s i ɑː l i t i e̯ t eː t	2
sosiaalitilat	s o s i ɑː l i t i l ɑ t	15
sosiaalitoimisto	s o s i ɑː l i t o i̯ m i s t o	19
sosiaaliturva	s o s i ɑː l i t u r ʋ ɑ	61
sosiaaliturvasopimus	s o s i ɑː l i t u r ʋ ɑ s o p i m u s	4
sosiobiologi	s o s i o b i o l o ɡ i	0
sosiolingvistiikka	s o s i o l i ŋ ʋ i s t iː kː ɑ	0
sosiolingvistinen	s o s i o l i ŋ ʋ i s t i n e n	3
sosiopatia	s o s i o p ɑ t i ɑ	0
sota	s o t ɑ	239
sotakamreeri	s o t ɑ k ɑ m r eː r i	1
sotakomissaari	s o t ɑ k o m i sː ɑː r i	0
sotakomissariaatti	s o t ɑ k o m i sː ɑ r i ɑː tː i	0
sotakoulu	s o t ɑ k o u̯ l u	1
sotamestari	s o t ɑ m e s t ɑ r i	0
sotapetos	s o t ɑ p e t o s	0
sotaraportti	s o t ɑ r ɑ p o r tː i	0
sotarasitus	s o t ɑ r ɑ s i t u s	0
sotaseikkailija	s o t ɑ s e i̯ kː ɑ i̯ l i j ɑ	0
sotataidollinen	s o t ɑ t ɑ i̯ d o lː i n e n	0
sotatapahtuma	s o t ɑ t ɑ p ɑ h t u m ɑ	0
sotatarviketeollisuus	s o t ɑ t ɑ r ʋ i k e tː e o lː i s uː s	0
sotatekniikka	s o t ɑ t e k n iː kː ɑ	1
sotatekninen	s o t ɑ t e k n i n e n	0
sotateollisuus	s o t ɑ t e o lː i s uː s	0
sotateoreetikko	s o t ɑ t e o r eː t i kː o	0
sotatoimiyhtymä	s o t ɑ t o i̯ m i y h t y m æ	0
sotatoimiyksikkö	s o t ɑ t o i̯ m i y k s i kː ø	0
sotatuomioistuin	s o t ɑ t u o̯ m i o i s t u i̯ n	1
sotauutinen	s o t ɑ uː t i n e n	0
sotavahvuinen	s o t ɑ ʋ ɑ h ʋ u i̯ n e n	0
sotavahvuus	s o t ɑ ʋ ɑ h ʋ uː s	0
sotavalokuvaus	s o t ɑ ʋ ɑ l o k u ʋ ɑ u s	0
sotavamma	s o t ɑ ʋ ɑ mː ɑ	0
sotavammainen	s o t ɑ ʋ ɑ mː ɑ i̯ n e n	0
sotavankeus	s o t ɑ ʋ ɑ ŋ k e u s	0
sotavankileiri	s o t ɑ ʋ ɑ ŋ k i l e i̯ r i	0
sotavarustelu	s o t ɑ ʋ ɑ r u s t e l u	0
sotavarustus	s o t ɑ ʋ ɑ r u s t u s	0
sotavasara	s o t ɑ ʋ ɑ s ɑ r ɑ	0
sotaveteraanitoiminta	s o t ɑ ʋ e t e r ɑː n i t o i̯ m i n t ɑ	0
sotaväenosasto	s o t ɑ ʋ æ e n o s ɑ s t o	0
sotaväenotto	s o t ɑ ʋ æ e n o tː o	0
sotaväki	s o t ɑ ʋ æ k i	3
sote	s o t e	6
soti	s o t i	7
sotia	s o t i ɑ	70
sotia	s o t i ɑˣ	70
sotilas	s o t i l ɑ s	66
sotilasammatti	s o t i l ɑ s ɑ mː ɑ tː i	0
sotilaselämä	s o t i l ɑ s e l æ m æ	1
sotilashenkilö	s o t i l ɑ s h e ŋ k i l ø	1
sotilaskohde	s o t i l ɑ s k o h d eˣ	1
sotilaskone	s o t i l ɑ s k o n eˣ	0
sotilaskoti	s o t i l ɑ s k o t i	5
sotilaskulttuuri	s o t i l ɑ s k u l tː uː r i	0
sotilaskurinpito	s o t i l ɑ s k u r i n p i t o	0
sotilaslentokenttä	s o t i l ɑ s l e n t o k e n tː æ	0
sotilasmenot	s o t i l ɑ s m e n o t	1
sotilasnimi	s o t i l ɑ s n i m i	3
sotilasparaati	s o t i l ɑ s p ɑ r ɑː t i	1
sotilaspassi	s o t i l ɑ s p ɑ sː i	1
sotilaspoliittinen	s o t i l ɑ s p o l iː tː i n e n	0
sotilasrakennelma	s o t i l ɑ s r ɑ k e nː e l m ɑ	0
sotilassaapas	s o t i l ɑ s s ɑː p ɑ s	0
sotilassairaala	s o t i l ɑ s s ɑ i̯ r ɑː l ɑ	1
sotilassosiologi	s o t i l ɑ s s o s i o l o ɡ i	0
sotilassosiologia	s o t i l ɑ s s o s i o l o ɡ i ɑ	0
sotilasteltta	s o t i l ɑ s t e l tː ɑ	0
sotilastorppa	s o t i l ɑ s t o r pː ɑ	0
sotilastukikohta	s o t i l ɑ s t u k i k o h t ɑ	1
sotilasvirkatalo	s o t i l ɑ s ʋ i r k ɑ t ɑ l o	0
sotilasyhteisö	s o t i l ɑ s y h t e i̯ s ø	0
sotiminen	s o t i m i n e n	5
sotisopa	s o t i s o p ɑ	1
sotka	s o t k ɑ	12
sotkamo	s o t k ɑ m o	16
sotkamolainen	s o t k ɑ m o l ɑ i̯ n e n	2
sotkea	s o t k e ɑˣ	15
sottiisi	s o tː iː s i	2
sottunga	s o tː u ŋː ɑ	0
sotu	s o t u	4
soudattaa	s o u̯ d ɑ tː ɑːˣ	0
soudella	s o u̯ d e lː ɑˣ	5
soukentua	s o u̯ k e n t u ɑˣ	0
soukistaa	s o u̯ k i s t ɑːˣ	0
soukistua	s o u̯ k i s t u ɑˣ	0
soukkasara	s o u̯ kː ɑ s ɑ r ɑ	0
soul	s o u̯ l	30
soutaa	s o u̯ t ɑːˣ	14
sovellusesimerkki	s o ʋ e lː u s e s i m e r kː i	0
sovelluskehitys	s o ʋ e lː u s k e h i t y s	4
sovelluskehitysympäristö	s o ʋ e lː u s k e h i t y s y m p æ r i s t ø	0
sovelluskerros	s o ʋ e lː u s k e rː o s	0
sovelluskirjasto	s o ʋ e lː u s k i r j ɑ s t o	0
sovellusloki	s o ʋ e lː u s l o k i	0
sovelma	s o ʋ e l m ɑ	2
soveltaa	s o ʋ e l t ɑːˣ	444
soveltamisala	s o ʋ e l t ɑ m i s ɑ l ɑ	17
soveltava	s o ʋ e l t ɑ ʋ ɑ	90
sovi	s o ʋ iˣ	354
sovinnaisesti	s o ʋ i nː ɑ i̯ s e s t iˣ	0
sovinnaisnimi	s o ʋ i nː ɑ i̯ s n i m i	0
sovinnolla	s o ʋ i nː o lː ɑ	1
sovinnollisesti	s o ʋ i nː o lː i s e s t iˣ	0
sovintoveri	s o ʋ i n t o ʋ e r i	0
sovitin	s o ʋ i t i n	5
sovitteleva	s o̞ ʋ i t̪ t̪ e̞ l e̞ ʋ ɑ	0
sovittelevasti	s o̞ ʋ i t̪ t̪ e̞ l e̞ ʋ ɑ s t̪ i	0
sovitus	s o ʋ i t u s	60
sovituselin	s o ʋ i t u s e l i n	0
spaddu	s p ɑ dː u	1
spasmi	s p ɑ s m i	0
speedway	s p iː d ʋ e i̯	0
speksi	s p e k s i	0
speksit	s p e k s i t	1
spektraalinen	s p e k t r ɑː l i n e n	1
spektrianalysaattori	s p e k t r i ɑ n ɑ l y s ɑː tː o r i	1
spektriviiva	s p e k t r i ʋ iː ʋ ɑ	1
spektrofotometri	s p e k t r o f o t o m e t r i	0
spektrografi	s p e k t r o ɡ r ɑ f i	0
spektroradiometri	s p e k t r o r ɑ d i o m e t r i	1
spektroskooppinen	s p e k t r o s k oː pː i n e n	2
speleologia	s p e l e o l o ɡ i ɑ	0
spesies	s p eː s i e s	0
spessartiini	s p e sː ɑ r t iː n i	0
spiidata	s p iː d ɑ t ɑˣ	0
spiliitti	s p i l iː tː i	0
spin	s p i n	6
spinkvanttiluku	s p i n k ʋ ɑ n tː i l u k u	0
spinni	s p i nː i	0
spinori	s p i n o r i	0
spinoserebellaarinen	s p i n o s e r e b e lː ɑː r i n e n	0
spintroninen	s p i n t r o n i n e n	0
spiraakkeli	s p i r ɑː kː e l i	0
spirometri	s p i r o m e t r i	0
spirometria	s p i r o m e t r i ɑ	0
spitaali	s p i t ɑː l i	2
spora	s p o r ɑ	0
sporokysta	s p o r o k y s t ɑ	0
spottiväri	s p o tː i ʋ æ r i	0
spray	s p r e i̯	12
sprayhood	s p r e̞ i ɦ uː d	0
spraymaalata	s p r e i̯ m ɑː l ɑ t ɑˣ	0
spraymaali	s p r e̞ i m ɑː l i	1
spraytölkki	s p r e i̯ t ø l kː i	0
sprite	s p r i t e	1
sprite	s p r ɑ i̯ tː i	1
spritsata	s p r i t s ɑ t ɑˣ	0
squash	s k u ɑ s	13
squash	s k u ɑ ʃ	13
staalo	s t ɑː l o	8
stadi	s t ɑ d i	9
stagnaatio	s t ɑ ɡ n ɑː t i o	0
standardi	s t ɑ n d ɑ r d i	143
standardikirjasto	s t ɑ n d ɑ r d i k i r j ɑ s t o	0
standardinen	s t ɑ n d ɑ r d i n e n	0
stanniini	s t ɑ nː iː n i	0
statisti	s t ɑ t i s t i	0
statusrakenne	s t ɑ t u s r ɑ k e nː eˣ	0
steerinen	s t eː r i n e n	0
steissi	s t e i̯ sː i	1
stemma	s t e mː ɑ	2
stemmata	s t e mː ɑ t ɑˣ	0
stemmatologia	s t e mː ɑ t o l o ɡ i ɑ	0
steppi	s t e pː i	2
stereoetäisyysmittari	s t e r e o e t æ i̯ s yː s m i tː ɑ r i	0
stereoisomeria	s t e r e o i s o m e r i ɑ	0
stereotypia	s t e r e o t y p i ɑ	5
stereovahvistin	s t e r e o ʋ ɑ h ʋ i s t i n	0
sterletti	s t e r l e tː i	0
steroli	s t e r o l i	0
stidi	s t i d i	0
stidilodju	s t i d i l o d j u	0
stiftata	s t i f t ɑ t ɑˣ	1
stiina	s t iː n ɑ	8
stikari	s t i k ɑ r i	0
stipendi	s t i p e n d i	41
stipendijärjestelmä	s t i p e n d i j æ r j e s t e l m æ	0
stishoviitti	s t i ʃ o ʋ iː tː i	0
stoge	s t o ɡ e	0
stoikiometria	s t o i̯ k i o m e t r i ɑ	0
stoikiometrinen	s t o i̯ k i o m e t r i n e n	0
stokki	s t o kː i	0
stora	s t uː r ɑ	118
stradivarius	s t r ɑ d i ʋ ɑ r i u s	0
stratocumulus	s t r ɑ t o k u m u l u s	0
stratus	s t r ɑ t u s	1
stressi	s t r e sː i	93
striimata	s t r iː m ɑ t ɑˣ	0
striptease	s t̪ r i p t̪ iː s	0
strutsi	s t r u t s i	2
strösseli	s t r ø sː e l i	0
styge	s t y ɡ e	0
stökiometria	s t ø k i o m e t r i ɑ	0
subakuutti	s u b ɑ k uː tː i	1
subbari	s u bː ɑ r i	2
suberiini	s u b e r iː n i	0
subkontraoktaavi	s u b k o n t r ɑ o k t ɑː ʋ i	0
subkutaaninen	s u b k u t ɑː n i n e n	1
sublatiivi	s u b l ɑ t iː ʋ i	0
subluksaatio	s u b l u k s ɑː t i o	0
submediantti	s u b m e d i ɑ n tː i	0
subraktiivinen	s u b r ɑ k t iː ʋ i n e n	0
substantiivilauseke	s u b s t ɑ n t iː ʋ i l ɑ u̯ s e k eˣ	0
substituutioreaktio	s u b s t i t uː t i o r e ɑ k t i o	0
subtraktiivinen	s u b t r ɑ k t iː ʋ i n e n	0
subwoofer	s u b ʋ uː fː e r i	12
sudenkorento	s u d e n k o r e n t o	1
sudentarha	s u d e n t ɑ r h ɑ	0
sudi	s u d iˣ	0
sueta	s u e t ɑˣ	0
suggestiivinen	s u ɡː e s t iː ʋ i n e n	2
suggestiivisesti	s u ɡː e s t iː ʋ i s e s t iˣ	0
suhahdella	s u h ɑ h d e lː ɑˣ	0
suhailla	s u h ɑ i̯ lː ɑˣ	0
suhauttaa	s u h ɑ u tː ɑːˣ	0
suhdannepöly	s u h d ɑ nː eˣ p ø l y	0
suhdannetyöttömyys	s u h d ɑ nː eˣ t y ø̯ tː ø m yː s	0
suhde	s u h d e	558
suhdeasteikko	s u h d eˣ ɑ s t e i̯ kː o	0
suhdeasteikollinen	s u h d eˣ ɑ s t e i̯ k o lː i n e n	0
suhdekaava	s u h d e k ɑː ʋ ɑ	0
suhdeluku	s u h d eˣ l u k u	11
suhdelukuasteikko	s u h d eˣ l u k u ɑ s t e i̯ kː o	0
suhdetoiminta	s u h d eˣ t o i̯ m i n t ɑ	4
suhdetoimintahenkilö	s u h d eˣ t o i̯ m i n t ɑ h e ŋ k i l ø	0
suhdittaa	s u h d i tː ɑːˣ	0
suhtauttaa	s u h t ɑ u tː ɑːˣ	0
suhtautumistapa	s u h t ɑ u t u m i s t ɑ p ɑ	9
suhteellinen	s u h t eː lː i n e n	157
suhteellistaa	s u h t eː lː i s t ɑːˣ	1
suhteittaa	s u h t e i̯ tː ɑːˣ	0
suhteutettu	s u h t e u t e tː u	19
suhteuttamaton	s u h t e u tː ɑ m ɑ t o n	0
suhteutua	s u h t e u t u ɑˣ	0
suihkata	s u i̯ h k ɑ t ɑˣ	0
suihkia	s u i̯ h k i ɑˣ	1
suihkuhuone	s u i̯ h k u h u o̯ n eˣ	2
suihkujarru	s u i̯ h k u j ɑ rː u	0
suihkukomennus	s u i̯ h k u k o m e nː u s	0
suihkuputki	s u i̯ h k u p u t k i	0
suihkusaippua	s u i̯ h k u s ɑ i̯ pː u ɑ	4
suihkuturbiinimoottori	s u i̯ h k u t u r b iː n i m oː tː o r i	0
suikale	s u i̯ k ɑ l eˣ	5
suikalepata	s u i̯ k ɑ l eˣ p ɑ t ɑ	0
suikata	s u i̯ k ɑ t ɑˣ	0
suikea	s u i̯ k e ɑ	0
suikerrella	s u i̯ k e rː e lː ɑˣ	0
suikulainen	s u i̯ k u l ɑ i̯ n e n	0
suipistaa	s u i̯ p i s t ɑːˣ	0
suipistella	s u i̯ p i s t e lː ɑˣ	0
suistoalue	s u i̯ s t o ɑ l u eˣ	1
suitsait	s u i̯ t s ɑ i̯ t	0
suitsea	s u i̯ t s e ɑˣ	0
suitsia	s u i̯ t s i ɑ	3
suitsia	s u i̯ t s i ɑˣ	3
suitsu	s u i̯ t s u	0
suitsutusaine	s u i̯ t s u t u s ɑ i̯ n eˣ	0
suivaantua	s u i̯ ʋ ɑː n t u ɑˣ	0
suivakko	s u i̯ ʋ ɑ kː o	0
suivautua	s u i̯ ʋ ɑ u t u ɑˣ	0
sujahdella	s u j ɑ h d e lː ɑˣ	0
sujahtaa	s u j ɑ h t ɑːˣ	4
sujautella	s u j ɑ u t e lː ɑˣ	0
sujauttaa	s u j ɑ u tː ɑːˣ	5
sujua	s u j u ɑˣ	30
sujutella	s u j u t e lː ɑˣ	0
sujuttaa	s u j u tː ɑːˣ	0
sujuvoittaa	s u j u ʋ o i̯ tː ɑːˣ	2
suka	s u k ɑ	1
sukasauma	s u k ɑ s ɑ u̯ m ɑ	0
sukassara	s u k ɑ s s ɑ r ɑ	0
sukellella	s u k e lː e lː ɑˣ	3
sukellusalus	s u k e lː u s ɑ l u s	0
sukelluslaite	s u k e lː u s l ɑ i̯ t eˣ	0
sukelluslupa	s u k e lː u s l u p ɑ	0
sukelluslöytö	s u k e lː u s l ø y̯ t ø	0
sukellusnaamari	s u k e lː u s n ɑː m ɑ r i	0
sukellustietokone	s u k e lː u s t i e̯ t o k o n eˣ	1
sukellusvene	s u k e lː u s ʋ e n eˣ	5
sukelluttaa	s u k e lː u tː ɑːˣ	0
sukeltaminen	s u k e l t ɑ m i n e n	7
sukeutua	s u k e u t u ɑˣ	0
sukia	s u k i ɑ	0
sukia	s u k i ɑˣ	0
sukiminen	s u k i m i n e n	0
sukka	s u kː ɑ	15
sukkahousut	s u kː ɑ h o u̯ s u t	2
sukkaside	s u kː ɑ s i d eˣ	0
sukkasillaan	s u kː ɑ s i lː ɑː n	1
sukkasunnuntai	s u kː ɑ s u nː u n t ɑ i̯	0
sukkikset	s u kː i k s e t	0
sukkuladiplomatia	s u kː u l ɑ d i p l o m ɑ t i ɑ	0
sukkulalento	s u kː u l ɑ l e n t o	0
sukkulaliikenne	s u kː u l ɑ l iː k e nː eˣ	0
sukkulaviesti	s u kː u l ɑ ʋ i e̯ s t i	0
sukkulaväestö	s u kː u l ɑ ʋ æ e s t ø	0
suklaa	s u k l ɑː	26
suklaahippu	s u k l ɑː h i pː u	0
suklaahippukeksi	s u k l ɑː h i pː u k e k s i	0
suklaakiisseli	s u k l ɑː k iː sː e l i	0
suklaakuorrute	s u k l ɑː k u o̯ rː u t eˣ	0
suklaakuorrutus	s u k l ɑː k u o̯ rː u t u s	0
suklaalastu	s u k l ɑː l ɑ s t u	0
suklaaleivos	s u k l ɑː l e i̯ ʋ o s	0
suklaalevite	s u k l ɑː l e ʋ i t eˣ	0
suklaamakeinen	s u k l ɑː m ɑ k e i̯ n e n	0
suklaamousse	s u k l ɑː m o u̯ sː e	0
suklaamousse	s u k l ɑː m u s e	0
suklaamousse	s u k l ɑː m u s eː	0
suklaanappi	s u k l ɑː n ɑ pː i	0
suklaapäällyste	s u k l ɑː p æː lː y s t eˣ	0
suklaarasia	s u k l ɑ ʔ ɑ r ɑ s i ɑ	1
suklaarusina	s u k l ɑː r u s i n ɑ	0
suklaata	s u k l ɑː t ɑ	24
suklaatäyte	s u k l ɑː t æ y̯ t eˣ	0
suklaavanukas	s u k l ɑː ʋ ɑ n u k ɑ s	0
sukraasi	s u k r ɑː s i	0
suksi	s u k s i	24
suksi	s u k s iˣ	24
suksikeli	s u k s i k e l i	0
suksikelkka	s u k s i k e l kː ɑ	0
suksirasva	s u k s i r ɑ s ʋ ɑ	0
suksiside	s u k s i s i d eˣ	1
suku	s u k u	161
sukua	sː u k u ɑ	136
sukuanamneesi	s u k u ɑ n ɑ m n eː s i	0
sukuelin	s u k u e l i n	1
sukuhaara	s u k u h ɑː r ɑ	9
sukujuuri	s u k u j uː r i	0
sukukunta	s u k u k u n t ɑ	2
sukulaissielu	s u k u l ɑ i̯ s s i e̯ l u	0
sukulaistua	s u k u l ɑ i̯ s t u ɑˣ	0
sukulaistunne	s u k u l ɑ i̯ s t u nː eˣ	0
sukupuolenkorjaus	s u k u p u o̯ l e n k o r j ɑ u s	0
sukupuolentutkimus	s u k u p u o̯ l e n t u t k i m u s	0
sukupuoli	s u k u p u o̯ l i	117
sukupuoliakti	s u k u p u o̯ l i ɑ k t i	0
sukupuoliasia	s u k u p u o̯ l i ɑ s i ɑ	0
sukupuoliasiat	s u k u p u o̯ l i ɑ s i ɑ t	0
sukupuoliaukko	s u k u p u o̯ l i ɑ u kː o	0
sukupuolielimistö	s u k u p u o̯ l i e l i m i s t ø	0
sukupuolienergia	s u k u p u o̯ l i e n e r ɡ i ɑ	0
sukupuoliero	s u k u p u o̯ l i e r o	5
sukupuolierottelu	s u k u p u o̯ l i e r o tː e l u	0
sukupuolifantasia	s u k u p u o̯ l i f ɑ n t ɑ s i ɑ	0
sukupuolihaju	s u k u p u o̯ l i h ɑ j u	0
sukupuolihimo	s u k u p u o̯ l i h i m o	0
sukupuolihormoni	s u k u p u o̯ l i h o r m o n i	0
sukupuolihormooni	s u k u p u o̯ l i h o r m oː n i	0
sukupuolihurjastelu	s u k u p u o̯ l i h u r j ɑ s t e l u	0
sukupuolihygienia	s u k u p u o̯ l i h y ɡ i e n i ɑ	0
sukupuolijakauma	s u k u p u o̯ l i j ɑ k ɑ u m ɑ	4
sukupuolijako	s u k u p u o̯ l i j ɑ k o	0
sukupuolikehitys	s u k u p u o̯ l i k e h i t y s	0
sukupuolikiihotus	s u k u p u o̯ l i k iː h o t u s	0
sukupuolikiintiö	s u k u p u o̯ l i k iː n t i ø	1
sukupuolikokemus	s u k u p u o̯ l i k o k e m u s	0
sukupuolikromosomi	s u k u p u o̯ l i k r o m o s o m i	0
sukupuolikuri	s u k u p u o̯ l i k u r i	0
sukupuolikypsyys	s u k u p u o̯ l i k y p s yː s	0
sukupuolileikki	s u k u p u o̯ l i l e i̯ kː i	0
sukupuolimoraali	s u k u p u o̯ l i m o r ɑː l i	1
sukupuolineuvonta	s u k u p u o̯ l i n e u̯ ʋ o n t ɑ	0
sukupuoliominaisuus	s u k u p u o̯ l i o m i n ɑ i̯ s uː s	0
sukupuoliopetus	s u k u p u o̯ l i o p e t u s	0
sukupuolipatologia	s u k u p u o̯ l i p ɑ t o l o ɡ i ɑ	0
sukupuolipsykologia	s u k u p u o̯ l i p s y k o l o ɡ i ɑ	0
sukupuolisesti	s u k u p u o̯ l i s e s t iˣ	1
sukupuolisiveettömyys	s u k u p u o̯ l i s i ʋ eː tː ø m yː s	0
sukupuolisiveys	s u k u p u o̯ l i s i ʋ e y s	0
sukupuolisolu	s u k u p u o̯ l i s o l u	0
sukupuolisuhde	s u k u p u o̯ l i s u h d eˣ	0
sukupuoliteitse	s u k u p u o̯ l i t e i̯ t s eˣ	9
sukupuolitesti	s u k u p u o̯ l i t e s t i	0
sukupuolitietoisuus	s u k u p u o̯ l i t i e̯ t o i̯ s uː s	0
sukupuolitietous	s u k u p u o̯ l i t i e̯ t o u s	0
sukupuolitoiminto	s u k u p u o̯ l i t o i̯ m i n t o	0
sukupuolitunne	s u k u p u o̯ l i t u nː eˣ	0
sukupuolituntomerkki	s u k u p u o̯ l i t u n t o m e r kː i	0
sukupuolityydytys	s u k u p u o̯ l i t yː d y t y s	0
sukupuolivalinta	s u k u p u o̯ l i ʋ ɑ l i n t ɑ	0
sukupuolivalistus	s u k u p u o̯ l i ʋ ɑ l i s t u s	0
sukupuoliviha	s u k u p u o̯ l i ʋ i h ɑ	0
sukupuolivähemmistö	s u k u p u o̯ l i ʋ æ h e mː i s t ø	0
sukusiitos	s u k u s iː t o s	0
sukusolu	s u k u s o l u	1
sukututkimus	s u k u t u t k i m u s	24
sukuvaakuna	s u k u ʋ ɑː k u n ɑ	0
sukuvika	s u k u ʋ i k ɑ	4
sula	s u l ɑ	23
sula	s u l ɑˣ	23
sulaa	s u l ɑː	52
sulaa	s u l ɑːˣ	52
sulahitsaus	s u l ɑ h i t s ɑ u s	0
sulasuolareaktori	s u l ɑ s u o̯ l ɑ r e ɑ k t o r i	0
sulattaa	s u l ɑ tː ɑːˣ	34
sulatusaine	s u l ɑ t u s ɑ i̯ n eˣ	0
sulatusuuni	s u l ɑ t u s uː n i	6
sulavasti	s u l ɑ ʋ ɑ s t iˣ	14
sulavesivirta	s u l ɑ ʋ e s i ʋ i r t ɑ	0
sulevi	s u l e ʋ i	7
sulfalääke	s u l f ɑ l æː k eˣ	0
sulfataasi	s u l f ɑ t ɑː s i	0
sulfidimineraali	s u l f i d i m i n e r ɑː l i	0
sulhanen	s u l h ɑ n e n	19
sulhaspiirakka	s u l h ɑ s p iː r ɑ kː ɑ	1
sulhaspoika	s u l h ɑ s p o i̯ k ɑ	0
sulittaa	s u l i tː ɑːˣ	0
sulje	s u l j eˣ	100
sulka	s u l k ɑ	5
sulkahirssi	s u l k ɑ h i r sː i	0
sulkapallo	s u l k ɑ p ɑ lː o	11
sulkatyö	s u l k ɑ t y ø̯	0
sulkava	s u l k ɑ ʋ ɑ	41
sulkavalainen	s u l k ɑ ʋ ɑ l ɑ i̯ n e n	1
sulkea	s u l k e ɑˣ	199
sulkeutunut	s u l k e u t u n u t	12
sulkis	s u l k i s	0
sulkualue	s u l k u ɑ l u eˣ	0
sulkukammio	s u l k u k ɑ mː i o	0
sulkukanava	s u l k u k ɑ n ɑ ʋ ɑ	1
sulkulauseke	s u l k u l ɑ u̯ s e k eˣ	0
sulkutuli	s u l k u t u l i	0
sulloa	s u lː o ɑˣ	5
sulo	s u l o	31
suloisesti	s u l o i̯ s e s t iˣ	5
sulokkaasti	s u l o kː ɑː s t iˣ	0
sulosti	s u l o s t iˣ	0
sulostuttaa	s u l o s t u tː ɑːˣ	0
sulputtaa	s u l p u tː ɑːˣ	0
suluke	s u l u k eˣ	0
suluttaa	s u l u tː ɑːˣ	0
sulutus	s u l u t u s	0
suma	s u m ɑ	5
sumautua	s u m ɑ u t u ɑˣ	0
sumea	s u m e ɑ	7
sumeilla	s u m e i̯ lː ɑˣ	1
summaarinen	s u mː ɑː r i n e n	0
summaarisesti	s u mː ɑː r i s e s t iˣ	0
summamuoto	s u mː ɑ m u o̯ t o	0
summatiivinen	s u mː ɑ t iː ʋ i n e n	0
summattomasti	s u mː ɑ tː o m ɑ s t iˣ	0
summeerata	s u mː eː r ɑ t ɑˣ	0
summittaisesti	s u mː i tː ɑ i̯ s e s t iˣ	5
sumplata	s u m p l ɑ t ɑˣ	0
sumppuuntua	s u m pː uː n t u ɑˣ	0
sumputtaa	s u m p u tː ɑːˣ	0
sumu	s u m u	20
sumuinen	s u m u i̯ n e n	9
sumukuivaus	s u m u k u i̯ ʋ ɑ u s	0
sumupeite	s u m u p e i̯ t eˣ	0
sumupilvi	s u m u p i l ʋ i	0
sumupisara	s u m u p i s ɑ r ɑ	0
sumusireeni	s u m u s i r eː n i	1
sund	s u n d	11
sundae	s ɑ n d e i̯	0
sunnuntai	s u nː u n t ɑ i̯	107
sunnuntaiaamupäivä	s u nː u n t ɑ i̯ ɑː m u p æ i̯ ʋ æ	0
sunnuntaipäivä	s u nː u n t ɑ i̯ p æ i̯ ʋ æ	4
sunnuntaityö	s u nː u n t ɑ i̯ t y ø̯	2
suntti	s u n tː i	0
suo	s u o̯	133
suo	s u o̯ˣ	133
suoalue	s u o̯ ɑ l u eˣ	17
suoda	s u o̯ d ɑˣ	21
suodatinpussi	s u o̯ d ɑ t i n p u sː i	0
suodattaa	s u o̯ d ɑ tː ɑːˣ	34
suoja	s u o̯ j ɑ	121
suojaa	s u o̯ j ɑː	491
suojaa	s u o̯ j ɑːˣ	491
suojailma	s u o̯ j ɑ i l m ɑ	1
suojajoukot	s u o̯ j ɑ j o u̯ k o t	0
suojakate	s u o̯ j ɑ k ɑ t eˣ	0
suojakatos	s u o̯ j ɑ k ɑ t o s	0
suojakeli	s u o̯ j ɑ k e l i	1
suojakenkä	s u o̯ j ɑ k e ŋ k æ	0
suojakäsine	s u o̯ j ɑ k æ s i n eˣ	1
suojalaite	s u o̯ j ɑ l ɑ i̯ t eˣ	2
suojalasit	s u o̯ j ɑ l ɑ s i t	3
suojalevy	s u o̯ j ɑ l e ʋ y	2
suojamaski	s u o̯ j ɑ m ɑ s k i	1
suojametsäalue	s u o̯ j ɑ m e t s æ ɑ l u eˣ	0
suojapaperi	s u o̯ j ɑ p ɑ p e r i	3
suojapäähine	s u o̯ j ɑ p æː h i n eˣ	0
suojaravintoaine	s u o̯ j ɑ r ɑ ʋ i n t o ɑ i̯ n eˣ	0
suojasatama	s u o̯ j ɑ s ɑ t ɑ m ɑ	0
suojasää	s u o̯ j ɑ s æː	2
suojata	s u o̯ j ɑ t ɑˣ	156
suojatakki	s u o̯ j ɑ t ɑ kː i	0
suojatyö	s u o̯ j ɑ t y ø̯	2
suojatyökeskus	s u o̯ j ɑ t y ø̯ k e s k u s	0
suojatyöpaikka	s u o̯ j ɑ t y ø̯ p ɑ i̯ kː ɑ	1
suojaussuunnitelma	s u o̯ j ɑ u s s uː nː i t e l m ɑ	0
suojavaate	s u o̯ j ɑ ʋ ɑː t eˣ	1
suojavaatetus	s u o̯ j ɑ ʋ ɑː t e t u s	13
suojavarustus	s u o̯ j ɑ ʋ ɑ r u s t u s	2
suojaverho	s u o̯ j ɑ ʋ e r h o	0
suojaviiva	s u o̯ j ɑ ʋ iː ʋ ɑ	0
suojaväri	s u o̯ j ɑ ʋ æ r i	2
suojelija	s u o̯ j e l i j ɑ	21
suojelukohde	s u o̯ j e l u k o h d eˣ	9
suojelulaki	s u o̯ j e l u l ɑ k i	0
suojeluluokka	s u o̯ j e l u l u o̯ kː ɑ	0
suojelumääräys	s u o̯ j e l u m æː r æ y s	2
suojelupoliisi	s u o̯ j e l u p o l iː s i	0
suojeluraha	s u o̯ j e l u r ɑ h ɑ	0
suojelus	s u o̯ j e l u s	0
suojelutoimenpide	s u o̯ j e l u t o i̯ m e n p i d eˣ	0
suojelutoimikunta	s u o̯ j e l u t o i̯ m i k u n t ɑ	4
suojelutyö	s u o̯ j e l u t y ø̯	2
suokaasu	s u o̯ k ɑː s u	0
suokaski	s u o̯ k ɑ s k i	0
suokenkä	s u o̯ k e ŋ k æ	0
suola	s u o̯ l ɑ	82
suolakide	s u o̯ l ɑ k i d eˣ	0
suolamylly	s u o̯ l ɑ m y lː y	0
suolapanos	s u o̯ l ɑ p ɑ n o s	0
suolasara	s u o̯ l ɑ s ɑ r ɑ	0
suolasilta	s u o̯ l ɑ s i l t ɑ	0
suolasorsimo	s u o̯ l ɑ s o r s i m o	0
suolata	s u o̯ l ɑ t ɑˣ	2
suolatasku	s u o̯ l ɑ t ɑ s k u	0
suolavesitasku	s u o̯ l ɑ ʋ e s i t ɑ s k u	0
suoli	s u o̯ l i	12
suoliavanne	s u o̯ l i ɑ ʋ ɑ nː eˣ	0
suolikasvain	s u o̯ l i k ɑ s ʋ ɑ i̯ n	0
suolimato	s u o̯ l i m ɑ t o	0
suolineste	s u o̯ l i n e s t eˣ	0
suolinukka	s u o̯ l i n u kː ɑ	1
suolirauhanen	s u o̯ l i r ɑ u̯ h ɑ n e n	0
suolisaivartaja	s u o̯ l i s ɑ i̯ ʋ ɑ r t ɑ j ɑ	0
suolisolmu	s u o̯ l i s o l m u	0
suolistokaasu	s u o̯ l i s t o k ɑː s u	0
suolistosairaus	s u o̯ l i s t o s ɑ i̯ r ɑ u s	0
suolistosyöpä	s u o̯ l i s t o s y ø̯ p æ	0
suolitulehdus	s u o̯ l i t u l e h d u s	0
suolla	s u o̯ lː ɑ	19
suoltaa	s u o̯ l t ɑː	9
suoltaa	s u o̯ l t ɑːˣ	9
suoltaminen	s u o̯ l t ɑ m i n e n	0
suoma	s u o̯ m ɑ	15
suomalainen	s u o̯ m ɑ l ɑ i̯ n e n	1289
suomalaisesti	s u o̯ m ɑ l ɑ i̯ s e s t iˣ	3
suomalaismies	s u o̯ m ɑ l ɑ i̯ s m i e̯ s	4
suomalaisnainen	s u o̯ m ɑ l ɑ i̯ s n ɑ i̯ n e n	0
suomalaistuttaa	s u o̯ m ɑ l ɑ i̯ s t u tː ɑːˣ	0
suomalaisuusaate	s u o̯ m ɑ l ɑ i̯ s uː s ɑː t eˣ	0
suomenkarja	s u o̯ m e n k ɑ r j ɑ	0
suomenlammas	s u o̯ m e n l ɑ mː ɑ s	1
suomennostyö	s u o̯ m e nː o s t y ø̯	0
suomennus	s u o̯ m e nː u s	0
suomenopettaja	s u o̯ m e n o p e tː ɑ j ɑ	0
suomensukuinen	s u o̯ m e n s u k u i̯ n e n	0
suomentaa	s u o̯ m e n t ɑːˣ	15
suomentaja	s u o̯ m e n t ɑ j ɑ	14
suomentua	s u o̯ m e n t u ɑˣ	0
suometar	s u o̯ m e t ɑ r	2
suometsä	s u o̯ m e t s æ	0
suomettaa	s u o̯ m e tː ɑːˣ	0
suomettua	s u o̯ m e tː u ɑˣ	0
suomi	s u o̯ m i	2189
suomimakkara	s u o̯ m i m ɑ kː ɑ r ɑ	0
suomu	s u o̯ m u	2
suomugrafiittivalurauta	s u o̯ m u ɡ r ɑ f iː tː i ʋ ɑ l o r ɑ u̯ t ɑ	0
suomuhaarniska	s u o̯ m u h ɑː r n i s k ɑ	0
suomussalmelainen	s u o̯ m u s s ɑ l m e l ɑ i̯ n e n	2
suomussalmi	s u o̯ m u s s ɑ l m i	14
suomustus	s u o̯ m u s t ɑː u s	0
suomustusrauta	s u o̯ m u s t u s r ɑ u̯ t ɑ	0
suonenjokelainen	s u o̯ n e n j o k e l ɑ i̯ n e n	1
suonenjoki	s u o̯ n e n j o k i	7
suonenjokinen	s u o̯ n e n j o k i n e n	0
suongeri	s u o̯ ŋː e r i	0
suoni	s u o̯ n i	8
suonirauta	s u o̯ n i r ɑ u̯ t ɑ	0
suonsilmä	s u o̯ n s i l m æ	0
suopa	s u o̯ p ɑ	0
suopayrtti	s u o̯ p ɑ y r tː i	0
suopeasti	s u o̯ p e ɑ s t iˣ	7
suopelto	s u o̯ p e l t o	0
suora	s u o̯ r ɑ	407
suorahampainen	s u o̯ r ɑ h ɑ m p ɑ i̯ n e n	1
suorahiuksinen	s u o̯ r ɑ h i u̯ k s i n e n	0
suorakaide	s u o̯ r ɑ k ɑ i̯ d eˣ	5
suorakorvaus	s u o̯ r ɑ k o r ʋ ɑ u s	0
suorakulma	s u o̯ r ɑ k u l m ɑ	1
suorakäyttö	s u o̯ r ɑ k æ y̯ tː ø	1
suoraluonteinen	s u o̯ r ɑ l u o̯ n t e i̯ n e n	0
suoraluontoinen	s u o̯ r ɑ l u o̯ n t o i̯ n e n	0
suoramainonta	s u o̯ r ɑ m ɑ i̯ n o n t ɑ	7
suoramainos	s u o̯ r ɑ m ɑ i̯ n o s	0
suoramyynti	s u o̯ r ɑ m yː n t i	6
suoranaan	s u o̯ r ɑ n ɑː n	0
suoranaisesti	s u o̯ r ɑ n ɑ i̯ s e s t iˣ	79
suoraommel	s u o̯ r ɑ o mː e l	0
suoraommelkone	s u o̯ r ɑ o mː e l k o n eˣ	0
suorapuheinen	s u o̯ r ɑ p u h e i̯ n e n	1
suorarunkoinen	s u o̯ r ɑ r u ŋ k o i̯ n e n	1
suoraruutuinen	s u o̯ r ɑ r uː t u i̯ n e n	0
suoraryhtinen	s u o̯ r ɑ r y h t i n e n	0
suorasaanti	s u o̯ r ɑ s ɑː n t i	0
suorasanainen	s u o̯ r ɑ s ɑ n ɑ i̯ n e n	5
suorasiipinen	s u o̯ r ɑ s iː p i n e n	1
suorasuihkutus	s u o̯ r ɑ s u i̯ h k u t u s	0
suorasukainen	s u o̯ r ɑ s u k ɑ i̯ n e n	2
suorasukaisesti	s u o̯ r ɑ s u k ɑ i̯ s e s t iˣ	5
suorasuu	s u o̯ r ɑ s uː	0
suorasuuntaus	s u o̯ r ɑ s uː n t ɑ u s	0
suorasäärinen	s u o̯ r ɑ s æː r i n e n	0
suoratoisto	s u o̯ r ɑ t o i̯ s t o	0
suoratukkainen	s u o̯ r ɑ t u kː ɑ i̯ n e n	0
suoratulostus	s u o̯ r ɑ t u l o s t u s	0
suoravartinen	s u o̯ r ɑ ʋ ɑ r t i n e n	0
suoristaminen	s u o̯ r i s t ɑ m i n e n	1
suoristusharja	s u o̯ r i s t u s h ɑ r j ɑ	0
suoritella	s u o̯ r i t e lː ɑˣ	0
suorittaminen	s u o̯ r i tː ɑ m i n e n	355
suoritusarvo	s u o̯ r i t u s ɑ r ʋ o	1
suorituskykyvaatimus	s u o̯ r i t u s k y k y ʋ ɑː t i m u s	0
suoritusmerkki	s u o̯ r i t u s m e r kː i	0
suoritustapa	s u o̯ r i t u s t ɑ p ɑ	112
suoritusteho	s u o̯ r i t u s t e h o	0
suoritusympäristö	s u o̯ r i t u s y m p æ r i s t ø	0
suorituttaa	s u o̯ r i t u tː ɑːˣ	1
suoro	s u o̯ r o	0
suoruus	s u o̯ r uː s	6
suosi	s u o̯ s i	64
suosi	s u o̯ s iˣ	64
suosikkiasema	s u o̯ s i kː i ɑ s e m ɑ	2
suosikkikohtaus	s u o̯ s i kː i k o h t ɑ u s	0
suosiolla	s u o̯ s i o lː ɑ	22
suosiollinen	s u o̯ s i o lː i n e n	6
suosiollisesti	s u o̯ s i o lː i s e s t iˣ	2
suosittu	s u o̯ s i tː u	261
suosittuus	s u o̯ s i tː uː s	0
suosituimmuusasema	s u o̯ s i t u i̯ mː uː s ɑ s e m ɑ	0
suositus	s u o̯ s i t u s	192
suostutella	s u o̯ s t u t e lː ɑˣ	5
suostuttaa	s u o̯ s t u tː ɑːˣ	0
suosuksi	s u o̯ s u k s i	0
suotava	s u o̯ t ɑ ʋ ɑ	10
suotuisasti	s u o̯ t u i̯ s ɑ s t iˣ	28
suotyyppi	s u o̯ t yː pː i	1
suova	s u o̯ ʋ ɑ	3
suoveri	s u o̯ ʋ e r i	0
suoviljely	s u o̯ ʋ i l j e l y	0
suoyhdistymätyyppi	s u o̯ y h d i s t y m æ t yː pː i	0
supatella	s u p ɑ t e lː ɑˣ	0
superego	s u p e r e ɡ o	2
superessiivi	s u p e r e sː iː ʋ i	0
superiorinen	s u p e r i o r i n e n	0
superkalanterointi	s u p e r k ɑ l ɑ n t e r o i̯ n t i	0
superkavitaatio	s u p e r k ɑ ʋ i t ɑː t i o	0
superoksidi	s u p e r o k s i d i	1
superpallo	s u p e r p ɑ lː o	1
superpositio	s u p e r p o s i t i o	0
supersankari	s u p e r s ɑ ŋ k ɑ r i	1
supersymmetria	s u p e r s y mː e t r i ɑ	0
supertoonika	s u p e r t oː n i k ɑ	0
supertulivuori	s u p e r t u l i ʋ u o̯ r i	0
supervuoropari	s u p e r ʋ u o̯ r o p ɑ r i	1
supi	s u p i	3
supikas	s u p i k ɑ s	0
supinaatio	s u p i n ɑː t i o	0
supistaminen	s u p i s t ɑ m i n e n	19
suppeasti	s u pː e ɑ s t iˣ	25
suppeuttaa	s u pː e u tː ɑːˣ	0
suppeutua	s u pː e u t u ɑˣ	0
suppilo	s u pː i l o	3
suppilopikarikulttuuri	s u pː i l o p i k ɑ r i k u l tː uː r i	0
suppojää	s u pː o j æː	0
supportiivinen	s u pː o r t iː ʋ i n e n	0
suppupaarma	s u pː u p ɑː r m ɑ	0
suprakrustinen	s u p r ɑ k r u s t i n e n	0
supraventrikulaarinen	s u p r ɑ ʋ e n t r i k u l ɑː r i n e n	0
supremum	s u p r eː m u m	1
surahdella	s u r ɑ h d e lː ɑˣ	0
surahtaa	s u r ɑ h t ɑːˣ	0
surettaa	s u r e tː ɑːˣ	1
surjektio	s u r j e k t i o	0
surkastua	s u r k ɑ s t u ɑˣ	2
surkea	s u r k e ɑ	32
surkeasti	s u r k e ɑ s t iˣ	15
surkeilla	s u r k e i̯ lː ɑˣ	1
surku	s u r k u	2
surma	s u r m ɑ	14
surmata	s u r m ɑ t ɑˣ	14
surmatyö	s u r m ɑ t y ø̯	3
surmauttaa	s u r m ɑ u tː ɑːˣ	0
surra	s u rː ɑˣ	11
suru	s u r u	65
suruharso	s u r u h ɑ r s o	0
suruhuntu	s u r u h u n t u	0
surujuhla	s u r u j u h l ɑ	2
suruliputtaa	s u r u l i p u tː ɑːˣ	1
surullinen	s u r u lː i n e n	43
surullisesti	s u r u lː i s e s t iˣ	3
surumarssi	s u r u m ɑ r sː i	3
surumieli	s u r u m i e̯ l i	0
surumielinen	s u r u m i e̯ l i n e n	8
surumielisesti	s u r u m i e̯ l i s e s t iˣ	0
surunappi	s u r u n ɑ pː i	0
surunauha	s u r u n ɑ u̯ h ɑ	1
surunkyynel	s u r u n k yː n e l	0
surunlapsi	s u r u n l ɑ p s i	0
surunpäivä	s u r u n p æ i̯ ʋ æ	0
surunsekainen	s u r u n s e k ɑ i̯ n e n	1
surunviesti	s u r u n ʋ i e̯ s t i	0
surunvoittoinen	s u r u n ʋ o i̯ tː o i̯ n e n	0
surupuku	s u r u p u k u	1
surureuna	s u r u r e u̯ n ɑ	0
surureunus	s u r u r e u̯ n u s	1
surusaatto	s u r u s ɑː tː o	0
surusaattue	s u r u s ɑː tː u eˣ	0
surusanoma	s u r u s ɑ n o m ɑ	1
surusilmäinen	s u r u s i l m æ i̯ n e n	0
surusormus	s u r u s o r m u s	0
surut	s u r u t	13
surutalo	s u r u t ɑ l o	0
suruttomasti	s u r u tː o m ɑ s t iˣ	2
surutyö	s u r u t y ø̯	0
suruvaippa	s u r u ʋ ɑ i̯ pː ɑ	0
suruviesti	s u r u ʋ i e̯ s t i	3
survoa	s u r ʋ o ɑˣ	4
susanna	s u s ɑ nː ɑ	182
sushi	s u ʃ i	4
susi	s u s i	85
susihukka	s u s i h u kː ɑ	0
susiovi	s u s i o ʋ i	0
suskeptibiliteetti	s u s k e p t i b i l i t eː tː i	1
sussu	s u sː u	0
sut	s u t	16
sutari	s u t ɑ r i	0
sutela	s u t e l ɑ	12
sutenööri	s u t e n øː r i	2
suti	s u t i	7
suti	s u t iˣ	7
sutia	s u t i ɑ	0
sutia	s u t i ɑˣ	0
sutjakasti	s u t j ɑ k ɑ s t iˣ	2
sutuura	s u t uː r ɑ	0
suu	s uː	82
suualue	s uː ɑ l u eˣ	0
suudella	s uː d e lː ɑˣ	5
suudellen	s uː d e lː e n	1
suudelma	s uː d e l m ɑ	3
suuhaara	s uː h ɑː r ɑ	1
suukamera	s uː k ɑ m e r ɑ	0
suukapula	s uː k ɑ p u l ɑ	0
suukki	s uː kː i	0
suukku	s uː kː u	0
suulaasti	s uː l ɑː s t iˣ	0
suulas	s uː l ɑ s	3
suuli	s uː l i	1
suuliina	s uː l iː n ɑ	0
suulla	s uː lː ɑ	53
suunnanvaihto	s uː nː ɑ n ʋ ɑ i̯ h t o	2
suunnilleen	s uː nː i lː eː n	306
suunnistautua	s uː nː i s t ɑ u t u ɑˣ	2
suunnistuskartta	s uː nː i s t u s k ɑ r tː ɑ	5
suunnitella	s uː nː i t e lː ɑˣ	545
suunnitelmallisesti	s uː nː i t e l m ɑ lː i s e s t iˣ	58
suunnitelmallisuus	s uː nː i t e l m ɑ lː i s uː s	14
suunnittelemattomasti	s uː nː i tː e l e m ɑ tː o m ɑ s t iˣ	3
suunnittelu	s uː nː i tː e l u	1096
suunnitteluinsinööri	s uː nː i tː e l u i n s i n øː r i	11
suunnittelupeli	s uː nː i tː e l u p e l i	0
suunnittelupiirustus	s uː nː i tː e l u p iː r u s t u s	0
suunnittelupäällikkö	s uː nː i tː e l u p æː lː i kː ø	38
suunnittelutyö	s uː nː i tː e l u t y ø̯	39
suunnitteluvelvoite	s uː nː i tː e l u ʋ e l ʋ o i̯ t eˣ	0
suunta	s uː n t ɑ	298
suuntaamaton	s uː n t ɑː m ɑ t o n	1
suuntapiirrin	s uː n t ɑ p iː rː i n	0
suuntaruusu	s uː n t ɑ r uː s u	0
suuntasija	s uː n t ɑ s i j ɑ	0
suuntavaisto	s uː n t ɑ ʋ ɑ i̯ s t o	2
suuntaventtiili	s uː n t ɑ ʋ e n tː iː l i	0
suuntia	s uː n t i ɑ	20
suuntia	s uː n t i ɑˣ	20
suuntimislevy	s uː n t i m i s l e ʋ y	0
suupaltti	s uː p ɑ l tː i	0
suura	s uː r ɑ	2
suure	s uː r eˣ	16
suurehko	s uː r e h k o	27
suurelementti	s uː r e l e m e n tː i	0
suurellisesti	s uː r e lː i s e s t iˣ	1
suurenergiafysiikka	s uː r e n e r ɡ i ɑ f y s iː kː ɑ	0
suurenmoisesti	s uː r e n m o i̯ s e s t iˣ	0
suurennuskone	s uː r e nː u s k o n eˣ	0
suurennussuhde	s uː r e nː u s s u h d eˣ	0
suurentaa	s uː r e n t ɑːˣ	38
suuri	s uː r i	3670
suurieleisesti	s uː r i e l e i̯ s e s t iˣ	1
suurisanaisesti	s uː r i s ɑ n ɑ i̯ s e s t iˣ	0
suurisuisesti	s uː r i s u i̯ s e s t iˣ	0
suuriäänisesti	s uː r i æː n i s e s t iˣ	0
suurjännite	s uː r j æ nː i t e	0
suurkirves	s uː r k i r ʋ e s	0
suurkäräjät	s uː r k æ r æ j æ t	1
suurmaatalous	s uː r m ɑː t ɑ l o u s	0
suurmanner	s uː r m ɑ nː e r	0
suurmielenosoitus	s uː r m i e̯ l e n o s o i̯ t u s	3
suurmyymälä	s uː r m yː m æ l æ	0
suurnopeusrata	s uː r n o p e u s r ɑ t ɑ	0
suurpaine	s uː r p ɑ i̯ n eˣ	0
suurpainenatriumlamppu	s uː r p ɑ i̯ n e nː ɑ t r i u m l ɑ m pː u	0
suurpeto	s uː r p e t o	4
suurpiirteisesti	s uː r p iː r t e i̯ s e s t iˣ	5
suurristi	s uː r r i s t i	1
suursota	s uː r s o t ɑ	1
suursäätila	s uː r s æː t i l ɑ	0
suurtaajuus	s uː r t ɑː j uː s	0
suurtaajuustekniikka	s uː r t ɑː j uː s t e k n iː kː ɑ	0
suurtalous	s uː r t ɑ l o u s	0
suurtapahtuma	s uː r t ɑ p ɑ h t u m ɑ	10
suurtietokone	s uː r t i e̯ t o k o n eˣ	0
suurtila	s uː r t i l ɑ	0
suurtyö	s uː r t y ø̯	2
suuruinen	s uː r u i̯ n e n	273
suurus	s uː r u s	2
suurustaa	s uː r u s t ɑːˣ	1
suuruudenhullu	s uː r uː d e n h u lː u	1
suuruudenhulluus	s uː r uː d e n h u lː uː s	0
suuruus	s uː r uː s	438
suuryhtiö	s uː r y h t i ø	0
suutari	s uː t ɑ r i	41
suutarinkielo	s uː t ɑ r i n k i e̯ l o	0
suutarintyö	s uː t ɑ r i n t y ø̯	0
suuteleminen	s uː t e l e m i n e n	1
suutia	s uː t i ɑˣ	0
suuttumus	s uː tː u m u s	5
suvaita	s u ʋ ɑ i̯ t ɑˣ	10
suvaitsevaisesti	s u ʋ ɑ i̯ t s e ʋ ɑ i̯ s e s t iˣ	5
suvehtia	s u ʋ e h t i ɑˣ	0
suvereenisesti	s u ʋ e r eː n i s e s t iˣ	2
suvereenisti	s u ʋ e r eː n i s t iˣ	29
suvi	s u ʋ i	112
suvivirsi	s u ʋ i ʋ i r s i	1
suvullinen	s u ʋ u lː i n e n	3
suši	s u ʃ i	0
sveitsi	s ʋ e i̯ t s i	35
svekofennialainen	s ʋ e k o f e nː i ɑ l ɑ i̯ n e n	0
sviitti	s ʋ iː tː i	3
svingi	s ʋ i ŋː i	0
syaani	s y ɑː n i	4
syaaniyhdiste	s y ɑː n i y h d i s t eˣ	0
syanoakrylaatti	s y ɑ n o ɑ k r y l ɑː tː i	0
syanuurihappo	s y ɑ n uː r i h ɑ pː o	0
sydneyläinen	s i d n i l æ i̯ n e n	1
sydämeenkäypä	s y d æ mː eː n k æ y̯ p æ	0
sydämeenkäyvä	s y d æ mː eː n k æ y̯ ʋ æ	0
sydämellinen	s y d æ mː e lː i n e n	14
sydämenahdistus	s y d æ mː e n ɑ h d i s t u s	0
sydämenasia	s y d æ mː e n ɑ s i ɑ	4
sydämenkuva	s y d æ mː e n k u ʋ ɑ	0
sydämenlaajentuma	s y d æ mː e n l ɑː j e n t u m ɑ	0
sydämensiirtoleikkaus	s y d æ mː e n s iː r t o l e i̯ kː ɑ u s	0
sydämensiirtopotilas	s y d æ mː e n s iː r t o p o t i l ɑ s	0
sydämensivistys	s y d æ mː e n s i ʋ i s t y s	0
sydämensyke	s y d æ mː e n s y k eˣ	2
sydämentykytys	s y d æ mː e n t y k y t y s	3
sydämettömästi	s y d æ m e tː ø m æ s t iˣ	0
sydämetön	s y d æ mː e t ø n	0
sydän	s y d æ n	221
sydänala	s y d æ n ɑ l ɑ	0
sydänalue	s y d æ n ɑ l u eˣ	1
sydänambulanssi	s y d æ n ɑ m b u l ɑ n sː i	0
sydäneteinen	s y d æ n e t e i̯ n e n	0
sydänhalkeama	s y d æ n h ɑ l k e ɑ m ɑ	0
sydänhermo	s y d æ n h e r m o	0
sydänhermovika	s y d æ n h e r m o ʋ i k ɑ	0
sydänhäiriö	s y d æ n h æ i̯ r i ø	0
sydäninsuffisienssi	s y d æ n i n s u fː i s i e n sː i	0
sydäninvalidi	s y d æ n i n ʋ ɑ l iː d i	0
sydänkipu	s y d æ n k i p u	0
sydänkirurgi	s y d æ n k i r u r ɡ i	1
sydänkirurgia	s y d æ n k i r u r ɡ i ɑ	8
sydänkuolema	s y d æ n k u o̯ l e m ɑ	3
sydänkuolleisuus	s y d æ n k u o̯ lː e i̯ s uː s	1
sydänkäpy	s y d æ n k æ p y	0
sydänkäyrä	s y d æ n k æ y̯ r æ	1
sydänlaho	s y d æ n l ɑ h o	0
sydänleikkaus	s y d æ n l e i̯ kː ɑ u s	3
sydänlääke	s y d æ n l æː k eˣ	0
sydänmuuri	s y d æ n m uː r i	0
sydänosa	s y d æ n o s ɑ	0
sydänperäinen	s y d æ n p e r æ i̯ n e n	0
sydänpotilas	s y d æ n p o t i l ɑ s	2
sydänpuolisko	s y d æ n p u o̯ l i s k o	0
sydänpäivä	s y d æ n p æ i̯ ʋ æ	2
sydänsairaus	s y d æ n s ɑ i̯ r ɑ u s	7
sydänsiirto	s y d æ n s iː r t o	0
sydänsuru	s y d æ n s u r u	0
sydänsuvi	s y d æ n s u ʋ i	0
sydänsyöpä	s y d æ n s y ø̯ p æ	0
sydänsärky	s y d æ n s æ r k y	0
sydäntenmurskaaja	s y d æ n t e n m u r s k ɑː j ɑ	0
sydäntoiminta	s y d æ n t o i̯ m i n t ɑ	0
sydäntulehdus	s y d æ n t u l e h d u s	0
sydäntutkimus	s y d æ n t u t k i m u s	3
sydäntyä	s y d æ n t y æˣ	0
sydänvaiva	s y d æ n ʋ ɑ i̯ ʋ ɑ	0
sydänvalvuri	s y d æ n ʋ ɑ l ʋ u r i	0
sydänvarjo	s y d æ n ʋ ɑ r j o	1
sydänvaurio	s y d æ n ʋ ɑ u̯ r i o	0
sydänveri	s y d æ n ʋ e r i	1
sydänveritulppa	s y d æ n ʋ e r i t u l pː ɑ	1
sydänvikainen	s y d æ n ʋ i k ɑ i̯ n e n	6
sydänyö	s y d æ n y ø	0
sydänääni	s y d æ n æː n i	5
syitä	s y i̯ t æ	445
syke	s y k eˣ	103
sykertyä	s y k e r t y æˣ	0
sykerö	s y k e r ø	1
sykkiä	s y kː i æˣ	3
syklaasi	s y k l ɑː s i	0
syklokonvertteri	s y k l o k o n ʋ e r tː e r i	0
syksy	s y k s y	156
syksymmäksi	s y k s y mː æ k s i	0
syksymmälle	s y k s y mː æ lː eˣ	1
syksymmällä	s y k s y mː æ lː æ	7
syksymmäs	s y k s y mː æ s	0
syksympänä	s y k s y m p æ n æ	0
sykähdellä	s y k æ h d e lː æˣ	0
syleillä	s y l e i̯ lː æ	3
syleillä	s y l e i̯ lː æˣ	3
syli	s y l i	13
sylikkäin	s y l i kː æ i̯ n	2
sylinterikoordinaatisto	s y l i n t e r i k oː r d i n ɑː t i s t o	0
sylinterikoordinaatit	s y l i n t e r i k oː r d i n ɑː t i t	0
sylinteriryhmä	s y l i n t e r i r y h m æ	1
sylitanssi	s y l i t ɑ n sː i	0
sylitanssija	s y l i t ɑ n sː i j ɑ	0
sylittäin	s y l i tː æ i̯ n	0
sylityksin	s y l i t y k s i n	0
sylitysten	s y l i t y s t e n	0
syljeskellä	s y l j e s k e lː æˣ	0
sylkeä	s y l k e æ	5
sylkeä	s y l k e æˣ	5
sylki	s y l k i	13
sylkikuoriainen	s y l k i k u o̯ r i ɑ i̯ n e n	1
sylkirauhanen	s y l k i r ɑ u̯ h ɑ n e n	0
sylkky	s y l kː y	0
sylkyastia	s y l k y ɑ s t i ɑ	0
sylkyn	s y l k y n	0
syllogismi	s y lː o ɡ i s m i	3
syllogistiikka	s y lː o ɡ i s t iː kː ɑ	0
syllogistinen	s y lː o ɡ i s t i n e n	0
sylvesteri	s y l ʋ e s t e r i	3
sylvi	s y l ʋ i	24
sylvia	s y l ʋ i ɑ	7
symboliarvo	s y m b o l i ɑ r ʋ o	3
symmetriaryhmä	s y mː e t r i ɑ r y h m æ	0
symmetriataso	s y mː e t r i ɑ t ɑ s o	0
symmetrointielin	s y mː e t r o i̯ n t i e l i n	0
sympaattinen	s y m p ɑː tː i n e n	22
symppis	s y m pː i s	2
symptomaattinen	s y m p t o m ɑː tː i n e n	3
synapsirako	s y n ɑ p s i r ɑ k o	0
synergistinen	s y n e r ɡ i s t i n e n	3
synkassa	s y ŋ k ɑ sː ɑ	0
synkentyä	s y ŋ k e n t y æˣ	0
synkinemaattinen	s y n k i n e m ɑː tː i n e n	0
synkistellä	s y ŋ k i s t e lː æˣ	0
synkistyä	s y ŋ k i s t y æˣ	0
synkkaan	s y ŋ kː ɑː n	0
synkkä	s y ŋ kː æ	39
synkliini	s y ŋ k l iː n i	0
synkretistinen	s y ŋ k r e t i s t i n e n	1
synkronisatelliitti	s y ŋ k r o n i s ɑ t e lː iː tː i	0
synkrotroni	s y ŋ k r o t r o n i	0
synkrotronisäteily	s y ŋ k r o t r o n i s æ t e i̯ l y	2
synkästi	s y ŋ k æ s t iˣ	1
synnillisesti	s y nː i lː i s e s t iˣ	0
synninpäästö	s y nː i n p æː s t ø	4
synnyinmaa	s y nː y i̯ n m ɑː	1
synnyinpaikka	s y nː y i̯ n p ɑ i̯ kː ɑ	1
synnyinseutu	s y nː y i̯ n s e u̯ t u	2
synnynnäisesti	s y nː y nː æ i̯ s e s t iˣ	6
synnytinelimet	s y nː y t i n e l i m e t	0
synnyttimet	s y nː y tː i m e t	0
synnyttää	s y nː y tː æːˣ	197
synnytyskanava	s y nː y t y s k ɑ n ɑ ʋ ɑ	0
synnytysosasto	s y nː y t y s o s ɑ s t o	0
synnytyspihdit	s y nː y t y s p i h d i t	0
synnytyssairaala	s y nː y t y s s ɑ i̯ r ɑː l ɑ	1
synonyymi	s y n o n yː m i	11
synoptiikka	s y n o p t iː kː ɑ	0
synorogeeninen	s y n o r o ɡ eː n i n e n	0
synoviaalinivel	s y n o ʋ i ɑː l i n i ʋ e l	0
synoviitti	s y n o ʋ iː tː i	0
syntaasi	s y n t ɑː s i	0
synteesi	s y n t eː s i	26
syntetaasi	s y n t e t ɑː s i	0
syntikka	s y n t i kː ɑ	3
syntisesti	s y n t i s e s t iˣ	1
syntymäajankohta	s y n t y m æ ɑ j ɑ n k o h t ɑ	0
syntymähetki	s y n t y m æ h e t k i	0
syntymäkuukausi	s y n t y m æ k uː k ɑ u s i	0
syntymämaa	s y n t y m æ m ɑː	0
syntymäpäiväongelma	s y n t y m æ p æ i̯ ʋ æ o ŋː e l m ɑ	0
syntymäpäiväsankari	s y n t y m æ p æ i̯ ʋ æ s ɑ ŋ k ɑ r i	0
syntysanat	s y n t y s ɑ n ɑ t	7
syntyvyys	s y n t y ʋ yː s	19
syntyvyyssäännöstely	s y n t y ʋ yː s s æː nː ø s t e l y	0
syntyä	s y n t y æ	400
syntyä	s y n t y æˣ	400
syrjemmäksi	s y r j e mː æ k s i	0
syrjemmälle	s y r j e mː æ lː eˣ	4
syrjemmällä	s y r j e mː æ lː æ	3
syrjemmältä	s y r j e mː æ l t æ	0
syrjemmäs	s y r j e mː æ s	0
syrjemmässä	s y r j e mː æ sː æ	1
syrjemmästä	s y r j e mː æ s t æ	0
syrjempänä	s y r j e m p æ n æ	1
syrjempää	s y r j e m p æː	0
syrjempään	s y r j e m p æː n	1
syrjiminen	s y r j i m i n e n	2
syrjintä	s y r j i n t æ	39
syrjittäin	s y r j i tː æ i̯ n	0
syrjiä	s y r j i æ	7
syrjiä	s y r j i æˣ	7
syrjä	s y r j æ	18
syrjäkarein	s y r j æ k ɑ r e i̯ n	0
syrjäkylä	s y r j æ k y l æ	0
syrjälleen	s y r j æ lː eː n	0
syrjällään	s y r j æ lː æː n	3
syrjäpolku	s y r j æ p o l k u	0
syrjäsilmin	s y r j æ s i l m i n	0
syrjäsilmällä	s y r j æ s i l m æ lː æ	1
syrjätie	s y r j æ t i e̯	0
sysi	s y s i	1
sysi	s y s iˣ	1
sysimusta	s y s i m u s t ɑ	2
sysipaska	s y s i p ɑ s k ɑ	0
sysisara	s y s i s ɑ r ɑ	0
sysmä	s y s m æ	5
sysmäläinen	s y s m æ l æ i̯ n e n	1
syssyyn	s y sː yː n	1
systeemibiologia	s y s t eː m i b i o l o ɡ i ɑ	0
systeemisesti	s y s t eː m i s e s t iˣ	4
sytkyttää	s y t k y tː æːˣ	1
sytologi	s y t o l o ɡ i	0
sytolyysi	s y t o l yː s i	0
sytosoli	s y t o s o l i	0
sytostaatti	s y t o s t ɑː tː i	0
sytostaattihoito	s y t o s t ɑː tː i h o i̯ t o	3
syttyisi	s y tː y i̯ s i	7
syttyä	s y tː y æˣ	16
sytyttäminen	s y t y tː æ m i n e n	9
sytytysaine	s y t y t y s ɑ i̯ n eˣ	0
sytytyslaite	s y t y t y s l ɑ i̯ t eˣ	0
syvemmäksi	s y ʋ e mː æ k s i	2
syvemmälle	s y ʋ e mː æ lː eˣ	102
syvemmällä	s y ʋ e mː æ lː æ	19
syvemmältä	s y ʋ e mː æ l t æ	17
syvemmäs	s y ʋ e mː æ s	0
syvempänä	s y ʋ e m p æ n æ	1
syvempää	s y ʋ e m p æː	29
syventävä	s y ʋ e n t æ ʋ æ	94
syvyinen	s y ʋ y i̯ n e n	10
syvyys	s y ʋ yː s	102
syvyyshaku	s y ʋ yː s h ɑ k u	0
syvyysmittari	s y ʋ yː s m i tː ɑ r i	3
syvyyspuskuri	s y ʋ yː s p u s k u r i	0
syvyyssuunta	s y ʋ yː s s uː n t ɑ	0
syvyysvaikutelma	s y ʋ yː s ʋ ɑ i̯ k u t e l m ɑ	0
syvyyttää	s y ʋ yː tː æːˣ	0
syvä	s y ʋ æ	146
syväkairaus	s y ʋ æ k ɑ i̯ r ɑ u s	0
syväkurkku	s y ʋ æ k u r kː u	0
syvällisesti	s y ʋ æ lː i s e s t iˣ	54
syvälti	s y ʋ æ l t i	0
syvämeri	s y ʋ æ m e r i	0
syväpaino	s y ʋ æ p ɑ i̯ n o	1
syväpainoväri	s y ʋ æ p ɑ i̯ n o ʋ æ r i	0
syväterävyys	s y ʋ æ t e r æ ʋ yː s	2
syväterävyysalue	s y ʋ æ t e r æ ʋ yː s ɑ l u eˣ	0
syvätä	s y ʋ æ t æˣ	0
syväveto	s y ʋ æ ʋ e t o	0
syväväylä	s y ʋ æ ʋ æ y̯ l æ	5
syväyspolku	s y ʋ æ y s p o l k u	1
syy	s yː	940
syydvesti	s yː d ʋ e s t i	0
syylinki	s yː l i ŋ k i	0
syyllistyä	s yː lː i s t y æˣ	15
syyllistäminen	s yː lː i s t æ m i n e n	4
syyllistää	s yː lː i s t æːˣ	20
syyllisyydentunne	s yː lː i s yː d e n t u nː eˣ	3
syylä	s yː l æ	3
syyläjuuri	s yː l æ j uː r i	1
syyntakeeton	s yː n t ɑ k eː t o n	2
syynätä	s yː n æ t æˣ	0
syysaamu	s yː s ɑː m u	0
syysaurinko	s yː s ɑ u r i ŋ k o	0
syysilma	s yː s i l m ɑ	0
syyskuu	s yː s k uː	39
syyskyntö	s yː s k y n t ø	0
syysleimu	s yː s l e i̯ m u	0
syysleimukukka	s yː s l e i̯ m u k u kː ɑ	0
syysmaitiainen	s yː s m ɑ i̯ t i ɑ i̯ n e n	0
syysmyrsky	s yː s m y r s k y	2
syysomena	s yː s o m e n ɑ	0
syyspäiväntasaus	s yː s p æ i̯ ʋ æ n t ɑ s ɑ u s	1
syyssiivous	s yː s s iː ʋ o u s	0
syyssää	s yː s s æː	3
syystasauspiste	s yː s t ɑ s ɑ u s p i s t eˣ	0
syystä	s yː s t æ	1503
syyte	s yː t eˣ	31
syyteaineisto	s yː t eˣ ɑ i̯ n e i̯ s t o	0
syytekysymys	s yː t eˣ k y s y m y s	0
syytinki	s yː t i ŋ k i	0
syytteleminen	s yː tː e l e m i n e n	0
syyttäjäorganisaatio	s yː tː æ j æ o r ɡ ɑ n i s ɑː t i o	0
syyttää	s yː tː æː	99
syyttää	s yː tː æːˣ	99
syyttömyys	s yː tː ø m yː s	1
syyttömästi	s yː tː ø m æ s t iˣ	5
syytös	s yː t ø s	7
syö	s y ø̯	223
syö	s y ø̯ˣ	223
syödä	s y ø̯ d æˣ	264
syökseminen	s y ø̯ k s e m i n e n	0
syöksyillä	s y ø̯ k s y i̯ lː æˣ	0
syöksykierre	s y ø̯ k s y k i e̯ rː eˣ	2
syöksykäämme	s y ø̯ k s y k æː mː e	0
syöksypommituskone	s y ø̯ k s y p o mː i t u s k o n eˣ	0
syöksyputki	s y ø̯ k s y p u t k i	0
syöksyä	s y ø̯ k s y æ	9
syöksyä	s y ø̯ k s y æˣ	9
syöksähdellä	s y ø̯ k s æ h d e lː æˣ	0
syöksähtää	s y ø̯ k s æ h t æːˣ	0
syömingit	s y ø̯ m i ŋː i t	0
syömäpuikko	s y ø̯ m æ p u i̯ kː o	0
syön	s y ø̯ n	15
syöpymä	s y ø̯ p y m æ	0
syöpä	s y ø̯ p æ	51
syöpä	s y ø̯ˣ p æ	51
syöpägeeni	s y ø̯ p æ ɡ eː n i	0
syöpäkuolleisuus	s y ø̯ p æ k u o̯ lː e i̯ s uː s	2
syöpäkääryle	s y ø̯ p æ k æː r y l eˣ	0
syöpälapsi	s y ø̯ p æ l ɑ p s i	0
syöpälääke	s y ø̯ p æ l æː k eˣ	3
syöpäpotilas	s y ø̯ p æ p o t i l ɑ s	1
syöpäsairas	s y ø̯ p æ s ɑ i̯ r ɑ s	0
syöpäsairaus	s y ø̯ p æ s ɑ i̯ r ɑ u s	1
syöpätauti	s y ø̯ p æ t ɑ u̯ t i	2
syöpätutkimus	s y ø̯ p æ t u t k i m u s	0
syöpävirus	s y ø̯ p æ ʋ i r u s	0
syöpävirus	s y ø̯ p æ ʋ iː r u s	0
syöpötellä	s y ø̯ p ø t e lː æˣ	0
syöstä	s y ø̯ s t æˣ	6
syöstään	s y ø̯ s t æː n	1
syötekerros	s y ø̯ t eˣ k e rː o s	0
syötellä	s y ø̯ t e lː æˣ	0
syötittää	s y ø̯ t i tː æːˣ	3
syöttimato	s y ø̯ tː i m ɑ t o	0
syöttäjä	s y ø̯ tː æ j æ	8
syöttäminen	s y ø̯ tː æ m i n e n	22
syöttää	s y ø̯ tː æːˣ	133
syöttökaukalo	s y ø̯ tː ø k ɑ u̯ k ɑ l o	0
syöttölautanen	s y ø̯ tː ø l ɑ u̯ t ɑ n e n	1
syöttölinja	s y ø̯ tː ø l i n j ɑ	0
syöttöpallo	s y ø̯ tː ø p ɑ lː o	0
syöttöruuvi	s y ø̯ tː ø r uː ʋ i	1
syöttösolu	s y ø̯ tː ø s o l u	0
syöttötariffi	s y ø̯ tː ø t ɑ r i fː i	0
syöttötieto	s y ø̯ tː ø t i e̯ t o	0
syöttöviive	s y ø̯ tː ø ʋ iː ʋ eˣ	0
syöveri	s y ø̯ ʋ e r i	1
syöväntutkimus	s y ø̯ ʋ æ n t u t k i m u s	0
sä	s æ	195
säde	s æ d eˣ	39
sädekaavio	s æ d eˣ k ɑː ʋ i o	0
sädelihas	s æ d eˣ l i h ɑ s	0
säe	s æ eˣ	5
sähke	s æ h k eˣ	2
sähkeitse	s æ h k e i̯ t s eˣ	1
sähkeuutiset	s æ h k e uː t i s e t	0
sähkö	s æ h k ø	339
sähköajanotto	s æ h k ø ɑ j ɑ n o tː o	0
sähköakustiikka	s æ h k ø ɑ k u s t iː kː ɑ	0
sähköala	s æ h k ø ɑ l ɑ	5
sähköasema	s æ h k ø ɑ s e m ɑ	6
sähköelementti	s æ h k ø e l e m e n tː i	0
sähköenergiatalous	s æ h k ø e n e r ɡ i ɑ t ɑ l o u s	0
sähköeristin	s æ h k ø e r i s t i n	0
sähköeristys	s æ h k ø e r i s t y s	0
sähkögrilli	s æ h k ø ɡ r i lː i	1
sähköhitsaus	s æ h k ø h i t s ɑ u s	0
sähköhuolto	s æ h k ø h u o̯ l t o	1
sähköhöylä	s æ h k ø h ø y̯ l æ	0
sähköilmiö	s æ h k ø i l m i ø	2
sähköisesti	s æ h k ø i̯ s e s t iˣ	167
sähköistysurakka	s æ h k ø i̯ s t y s u r ɑ kː ɑ	0
sähköistyä	s æ h k ø i̯ s t y æˣ	0
sähköjärjestelmä	s æ h k ø j æ r j e s t e l m æ	1
sähkökaapeli	s æ h k ø k ɑː p e l i	0
sähkökalastus	s æ h k ø k ɑ l ɑ s t u s	0
sähkökattila	s æ h k ø k ɑ tː i l ɑ	0
sähkökeitin	s æ h k ø k e i̯ t i n	0
sähkökello	s æ h k ø k e lː o	0
sähkökemiallinen	s æ h k ø k e m i ɑ lː i n e n	0
sähkökeskus	s æ h k ø k e s k u s	4
sähkökipinä	s æ h k ø k i p i n æ	0
sähkökoje	s æ h k ø k o j eˣ	1
sähkökone	s æ h k ø k o n eˣ	0
sähkökynttelikkö	s æ h k ø k y n tː e l i kː ø	0
sähkökynttilä	s æ h k ø k y n tː i l æ	0
sähkökytkin	s æ h k ø k y t k i n	0
sähkökäymälä	s æ h k ø k æ y̯ m æ l æ	0
sähkökäynnisteinen	s æ h k ø k æ y̯ nː i s t e i̯ n e n	0
sähkökäynnistin	s æ h k ø k æ y̯ nː i s t i n	1
sähkökäynnistys	s æ h k ø k æ y̯ nː i s t y s	1
sähkökäyttö	s æ h k ø k æ y̯ tː ø	0
sähkökäyttöinen	s æ h k ø k æ y̯ tː ø i̯ n e n	5
sähkölaitosasentaja	s æ h k ø l ɑ i̯ t o s ɑ s e n t ɑ j ɑ	0
sähkölaitostekniikka	s æ h k ø l ɑ i̯ t o s t e k n iː kː ɑ	0
sähkölamautin	s æ h k ø l ɑ m ɑ u t i n	0
sähkölanka	s æ h k ø l ɑ ŋ k ɑ	0
sähkölevy	s æ h k ø l e ʋ y	1
sähköliike	s æ h k ø l iː k eˣ	2
sähkölinja	s æ h k ø l i n j ɑ	11
sähkölukitus	s æ h k ø l u k i t u s	0
sähkölukko	s æ h k ø l u kː o	1
sähkölähde	s æ h k ø l æ h d eˣ	0
sähkölämmitteinen	s æ h k ø l æ mː i tː e i̯ n e n	4
sähkölämpö	s æ h k ø l æ m p ø	0
sähkölämpömittari	s æ h k ø l æ m p ø m i tː ɑ r i	0
sähkömankeli	s æ h k ø m ɑ ŋ k e l i	0
sähkömarkkinat	s æ h k ø m ɑ r kː i n ɑ t	9
sähkömekaanikko	s æ h k ø m e k ɑː n i kː o	0
sähkömiehenmakkara	s æ h k ø m i e̯ h e n m ɑ kː ɑ r ɑ	0
sähkömies	s æ h k ø m i e̯ s	1
sähkömoottorijuna	s æ h k ø m oː tː o r i j u n ɑ	0
sähkömotorinen	s æ h k ø m o t o r i n e n	1
sähkömusiikki	s æ h k ø m u s iː kː i	0
sähköneriste	s æ h k ø n e r i s t eˣ	0
sähköneristin	s æ h k ø n e r i s t i n	0
sähköneristys	s æ h k ø n e r i s t y s	0
sähkönjakelu	s æ h k ø n j ɑ k e l u	12
sähkönjakeluverkko	s æ h k ø n j ɑ k e l u ʋ e r kː o	1
sähkönkäyttö	s æ h k ø n k æ y̯ tː ø	9
sähkönlähde	s æ h k ø n l æ h d eˣ	0
sähkönpurkaus	s æ h k ø n p u r k ɑ u s	0
sähkönsiirto	s æ h k ø n s iː r t o	1
sähköntuotanto	s æ h k ø n t u o̯ t ɑ n t o	10
sähkönvaraamiskyky	s æ h k ø n ʋ ɑ r ɑː m i s k y k y	0
sähköohjaus	s æ h k ø o h j ɑ u s	1
sähköompelukone	s æ h k ø o m p e l u k o n eˣ	0
sähköopillinen	s æ h k ø o p i lː i n e n	0
sähköpaistinpannu	s æ h k ø p ɑ i̯ s t i n p ɑ nː u	0
sähköpalo	s æ h k ø p ɑ l o	0
sähköpiirustus	s æ h k ø p iː r u s t u s	0
sähköpora	s æ h k ø p o r ɑ	0
sähköpostilista	s æ h k ø p o s t i l i s t ɑ	16
sähköpostitse	s æ h k ø p o s t i t s eˣ	571
sähköpumppu	s æ h k ø p u m pː u	0
sähköpunktuuri	s æ h k ø p u ŋ k t uː r i	0
sähköpurkaus	s æ h k ø p u r k ɑ u s	1
sähköputkitus	s æ h k ø p u t k i t u s	0
sähköpylväs	s æ h k ø p y l ʋ æ s	0
sähköpäätaulu	s æ h k ø p æː t ɑ u̯ l u	0
sähköraha	s æ h k ø r ɑ h ɑ	0
sähkörata	s æ h k ø r ɑ t ɑ	0
sähkösilitysrauta	s æ h k ø s i l i t y s r ɑ u̯ t ɑ	0
sähkösilmä	s æ h k ø s i l m æ	0
sähköskitta	s æ h k ø s k i tː ɑ	0
sähkösoitin	s æ h k ø s o i̯ t i n	1
sähköstartti	s æ h k ø s t ɑ r tː i	0
sähkösuunnittelija	s æ h k ø s uː nː i tː e l i j ɑ	8
sähkösuunnittelu	s æ h k ø s uː nː i tː e l u	5
sähkötalous	s æ h k ø t ɑ l o u s	0
sähkötapaturma	s æ h k ø t ɑ p ɑ t u r m ɑ	0
sähkötarvike	s æ h k ø t ɑ r ʋ i k eˣ	1
sähkötavara	s æ h k ø t ɑ ʋ ɑ r ɑ	0
sähköteho	s æ h k ø t e h o	4
sähköteknikko	s æ h k ø t e k n i kː o	2
sähkötekninen	s æ h k ø t e k n i n e n	5
sähköteollisuus	s æ h k ø t e o lː i s uː s	1
sähkötoiminen	s æ h k ø t o i̯ m i n e n	2
sähkötolppa	s æ h k ø t o l pː ɑ	0
sähkötrukki	s æ h k ø t r u kː i	0
sähköturvallisuus	s æ h k ø t u r ʋ ɑ lː i s uː s	9
sähkötuuletin	s æ h k ø t uː l e t i n	0
sähkötyyny	s æ h k ø t yː n y	0
sähkötyö	s æ h k ø t y ø̯	1
sähkötyöväline	s æ h k ø t y ø̯ ʋ æ l i n eˣ	0
sähköurakka	s æ h k ø u r ɑ kː ɑ	2
sähköurakointi	s æ h k ø u r ɑ k o i̯ n t i	3
sähköurakoitsija	s æ h k ø u r ɑ k o i̯ t s i j ɑ	14
sähkövalaisin	s æ h k ø ʋ ɑ l ɑ i̯ s i n	0
sähkövarasto	s æ h k ø ʋ ɑ r ɑ s t o	0
sähkövatkain	s æ h k ø ʋ ɑ t k ɑ i̯ n	0
sähköverkko	s æ h k ø ʋ e r kː o	3
sähköviestintä	s æ h k ø ʋ i e̯ s t i n t æ	0
sähkövoima	s æ h k ø ʋ o i̯ m ɑ	1
sähkövoimajohto	s æ h k ø ʋ o i̯ m ɑ j o h t o	0
sähkövoimala	s æ h k ø ʋ o i̯ m ɑ l ɑ	1
sähkövoimalaitos	s æ h k ø ʋ o i̯ m ɑ l ɑ i̯ t o s	0
sähkövoimansiirto	s æ h k ø ʋ o i̯ m ɑ n s iː r t o	0
sähkövoimatalous	s æ h k ø ʋ o i̯ m ɑ t ɑ l o u s	0
sähkövoimatekniikka	s æ h k ø ʋ o i̯ m ɑ t e k n iː kː ɑ	1
sähly	s æ h l y	12
sählääminen	s æ h l æː m i n e n	0
sähäkästi	s æ h æ k æ s t iˣ	3
säie	s æ i̯ eˣ	5
säieteoria	s æ i̯ eˣ t e o r i ɑ	0
säihkyä	s æ i̯ h k y æˣ	1
säikeistää	s æ i̯ k e i̯ s t æːˣ	0
säikkyä	s æ i̯ kː y æ	3
säikkyä	s æ i̯ kː y æˣ	3
säikytellä	s æ i̯ k y t e lː æˣ	1
säikähdyttää	s æ i̯ k æ h d y tː æːˣ	0
säikähtyä	s æ i̯ k æ h t y æˣ	0
säikähtää	s æ i̯ k æ h t æːˣ	7
säikäytellä	s æ i̯ k æ y t e lː æˣ	0
säilyketeollisuus	s æ i̯ l y k eˣ t e o lː i s uː s	0
säilymislaki	s æ i̯ l y m i s l ɑ k i	2
säilytteille	s æ i̯ l y tː e i̯ lː eˣ	0
säilytteillä	s æ i̯ l y tː e i̯ lː æ	0
säilyttäneen	s æ i̯ l y tː æ n eː n	3
säilyttää	s æ i̯ l y tː æːˣ	749
säilytysaika	s æ i̯ l y t y s ɑ i̯ k ɑ	6
säilytyskaluste	s æ i̯ l y t y s k ɑ l u s t eˣ	0
säilytyslaatikko	s æ i̯ l y t y s l ɑː t i kː o	0
säilytyslämpötila	s æ i̯ l y t y s l æ m p ø t i l ɑ	5
säilytysohje	s æ i̯ l y t y s o h j eˣ	3
säilytysteline	s æ i̯ l y t y s t e l i n eˣ	0
säilytysyhteisö	s æ i̯ l y t y s y h t e i̯ s ø	0
säilyä	s æ i̯ l y æˣ	61
säilä	s æ i̯ l æ	6
säilömuisti	s æ i̯ l ø m u i̯ s t i	0
säilön	s æ i̯ l ø n	2
säilöntä	s æ i̯ l ø n t æ	2
säilöntäaine	s æ i̯ l ø n t æ ɑ i̯ n eˣ	9
säilöntäaineeton	s æ i̯ l ø n t æ ɑ i̯ n eː t o n	1
säilöttäneen	s æ i̯ l ø tː æ n eː n	0
säilötään	s æ i̯ l ø t æː n	6
säilöä	s æ i̯ l ø æˣ	14
säkeistö	s æ k e i̯ s t ø	8
säkeittäin	s æ k e i̯ tː æ i̯ n	1
säkiä	s æ k i æ	0
säkki	s æ kː i	17
säkkipaperi	s æ kː i p ɑ p e r i	0
säkylä	s æ k y l æ	12
säkyläläinen	s æ k y l æ l æ i̯ n e n	2
säkä	s æ k æ	7
säkättää	s æ k æ tː æːˣ	0
säleaita	s æ l e ɑ i̯ t ɑ	0
sälli	s æ lː i	4
sälyttää	s æ l y tː æːˣ	6
sälähtää	s æ l æ h t æːˣ	0
sälöinen	s æ l ø i̯ n e n	1
sämpyläjauho	s æ m p y l æ j ɑ u̯ h o	0
sängynpeite	s æ ŋː y n p e i̯ t eˣ	1
sänki	s æ ŋ k i	6
sänkipelto	s æ ŋ k i p e l t o	1
sänkyvaatteet	s æ ŋ k y ʋ ɑː tː eː t	0
säntilleen	s æ n t i lː eː n	0
säntillinen	s æ n t i lː i n e n	2
säntillisesti	s æ n t i lː i s e s t iˣ	4
säpikäs	s æ p i k æ s	0
säppäli	s æ pː æ l i	0
säpsä	s æ p s æ	0
säpäke	s æ p æ k e	0
särjen	s æ r j e n	2
särkeä	s æ r k e æ	16
särkeä	s æ r k e æˣ	16
särki	s æ r k i	17
särky	s æ r k y	23
särkylääke	s æ r k y l æː k eˣ	1
särkylääkepäänsärky	s æ r k y l æː k eˣ p æː n s æ r k y	2
särkynyt	s æ r k y n y t	11
särkynytsydän	s æ r k y n y t s y d æ n	0
särkyä	s æ r k y æ	17
särkyä	s æ r k y æˣ	17
särmikkäästi	s æ r m i kː æː s t iˣ	0
särmikäs	s æ r m i k æ s	7
särmä	s æ r m æ	15
särmäkartio	s æ r m æ k ɑ r t i o	0
särmäri	s æ r m æ r i	0
särmätä	s æ r m æ t æˣ	0
särpiä	s æ r p i æˣ	0
särä	s æ r æ	3
särähdellä	s æ r æ h d e lː æˣ	0
särähtää	s æ r æ h t æːˣ	2
särö	s æ r ø	12
säröillä	s æ r ø i̯ lː æˣ	0
särölasite	s æ r ø l ɑ s i t eˣ	0
säröytyä	s æ r ø y t y æˣ	0
säteenjäljitys	s æ t eː n j æ l j i t y s	0
säteenseuranta	s æ t eː n s e u̯ r ɑ n t ɑ	0
säteensuuntaus	s æ t eː n s uː n t ɑ u s	0
säteily	s æ t e i̯ l y	81
säteilyenergia	s æ t e i̯ l y e n e r ɡ i ɑ	1
säteilyfysiikka	s æ t e i̯ l y f y s iː kː ɑ	0
säteilylämmitin	s æ t e i̯ l y l æ mː i t i n	0
säteilynpaine	s æ t e i̯ l y n p ɑ i̯ n eˣ	0
säteilypaine	s æ t e i̯ l y p ɑ i̯ n eˣ	2
säteilypakote	s æ t e i̯ l y p ɑ k o t eˣ	1
säteittäin	s æ t e i̯ tː æ i̯ n	1
säteittäissymmetrinen	s æ t e i̯ tː æ i̯ s s y mː e t r i n e n	0
säterikatto	s æ t e r i k ɑ tː o	1
säteritila	s æ t e r i t i l ɑ	1
sätkytellä	s æ t k y t e lː æˣ	0
sätkyttää	s æ t k y tː æːˣ	0
sätkäkone	s æ t k æ k o n eˣ	0
sätkättää	s æ t k æ tː æːˣ	0
sävel	s æ ʋ e l	39
sävelaihe	s æ ʋ e l ɑ i̯ h eˣ	1
sävelala	s æ ʋ e l ɑ l ɑ	0
sävelaskel	s æ ʋ e l ɑ s k e l	0
sävelkulku	s æ ʋ e l k u l k u	1
sävellys	s æ ʋ e lː y s	41
sävelnimi	s æ ʋ e l n i m i	0
sävelrauta	s æ ʋ e l r ɑ u̯ t ɑ	0
sävy	s æ ʋ y	48
sävyisesti	s æ ʋ y i̯ s e s t iˣ	0
sävyisästi	s æ ʋ y i̯ s æ s t iˣ	0
sävykuva	s æ ʋ y k u ʋ ɑ	2
sävyntoisto	s æ ʋ y n t o i̯ s t o	0
sävyntoistokäyrä	s æ ʋ y n t o i̯ s t o k æ y̯ r æ	0
sävyttyä	s æ ʋ y tː y æˣ	0
sävytyskone	s æ ʋ y t y s k o n eˣ	0
sävähdyttää	s æ ʋ æ h d y tː æːˣ	0
sävähtää	s æ ʋ æ h t æːˣ	0
säyne	s æ y̯ n eˣ	3
sää	s æː	275
säädellä	s æː d e lː æˣ	69
säädyllisesti	s æː d y lː i s e s t iˣ	0
säädyttömästi	s æː d y tː ø m æ s t iˣ	0
säädännäinen	s æː d æ nː æ i̯ n e n	0
säädättää	s æː d æ tː æːˣ	0
säädösvalmistelu	s æː d ø s ʋ ɑ l m i s t e l u	2
säähavainto	s æː h ɑ ʋ ɑ i̯ n t o	1
säähavaintoalus	s æː h ɑ ʋ ɑ i̯ n t o ɑ l u s	0
sääilmiö	s æː i l m i ø	0
sääksi	s æː k s i	9
säälaiva	s æː l ɑ i̯ ʋ ɑ	0
sääliminen	s æː l i m i n e n	0
säälittää	s æː l i tː æːˣ	2
säällisesti	s æː lː i s e s t iˣ	0
sääluotain	s æː l u o̯ t ɑ i̯ n	0
säänmuutos	s æː n m uː t o s	1
säännöllistyä	s æː nː ø lː i s t y æˣ	0
säännöllistää	s æː nː ø lː i s t æːˣ	1
säännöstelykortti	s æː nː ø s t e l y k o r tː i	0
säännöstelypato	s æː nː ø s t e l y p ɑ t o	0
säännöstelytalous	s æː nː ø s t e l y t ɑ l o u s	0
säännöstää	s æː nː ø s t æːˣ	0
säännötellä	s æː nː ø t e lː æˣ	0
säännöttää	s æː nː ø tː æːˣ	0
säännöttömästi	s æː nː ø tː ø m æ s t iˣ	1
sääntömuutos	s æː n t ø m uː t o s	12
säänvaihtelu	s æː n ʋ ɑ i̯ h t e l u	1
sääolosuhteet	s æː o l o s u h t eː t	19
sääolot	s æː o l o t	16
sääpoiju	s æː p o i̯ j u	0
sääprofeetta	s æː p r o f eː tː ɑ	3
sääri	s æː r i	2
säärihaava	s æː r i h ɑː ʋ ɑ	5
säärikarvat	s æː r i k ɑ r ʋ ɑ t	0
säärikokko	s æː r i k o kː o	0
sääriluu	s æː r i l uː	2
sääriside	s æː r i s i d eˣ	0
sääski	s æː s k i	1
sääskilakki	s æː s k i l ɑ kː i	0
sääskiteltta	s æː s k i t e l tː ɑ	0
säästäväisesti	s æː s t æ ʋ æ i̯ s e s t iˣ	0
säästää	s æː s t æːˣ	359
säästöbetoni	s æː s t ø b e t o n i	0
säästölipas	s æː s t ø l i p ɑ s	1
säästöpankkiryhmä	s æː s t ø p ɑ ŋ kː i r y h m æ	1
säästöpossu	s æː s t ø p o sː u	0
säästöraha	s æː s t ø r ɑ h ɑ	0
säästötalkoot	s æː s t ø t ɑ l k oː t	0
säästötili	s æː s t ø t i l i	1
säätekokuu	s æː t e k o k uː	0
säätely	s æː t e l y	30
säätelygeeni	s æː t e l y ɡ eː n i	0
säätiedot	s æː t i e̯ d o t	11
säätila	s æː t i l ɑ	17
sääty	s æː t y	1
säätyä	s æː t y æˣ	0
säätäminen	s æː t æ m i n e n	24
säätää	s æː t æːˣ	283
säätökondensaattori	s æː t ø k o n d e n s ɑː tː o r i	0
säätösauva	s æː t ø s ɑ u̯ ʋ ɑ	0
säätötekniikka	s æː t ø t e k n iː kː ɑ	3
säätövastus	s æː t ø ʋ ɑ s t u s	0
säätöventtiili	s æː t ø ʋ e n tː iː l i	5
säätövoima	s æː t ø ʋ o i̯ m ɑ	0
söisi	s ø i̯ s i	13
söpöillä	s ø p ø i̯ lː æ	0
söpöillä	s ø p ø i̯ lː æˣ	0
söpöttää	s ø p ø tː æːˣ	0
taa	t ɑːˣ	47
taaemma	t ɑː e mː ɑˣ	0
taaemmas	t ɑː e mː ɑ s	0
taaimpaa	t ɑː i m p ɑː	0
taaja	t ɑː j ɑ	2
taajamajuna	t ɑː j ɑ m ɑ j u n ɑ	0
taajassa	t ɑː j ɑ sː ɑ	0
taajuinen	t ɑː j u i̯ n e n	0
taajuus	t ɑː j uː s	39
taajuusjakaja	t ɑː j uː s j ɑ k ɑ j ɑ	0
taajuuskorjain	t ɑː j uː s k o r j ɑ i̯ n	2
taajuuslaskin	t ɑː j uː s l ɑ s k i n	0
taajuusmuuttaja	t ɑː j uː s m uː tː ɑ j ɑ	3
taakka	t ɑː kː ɑ	33
taakse	t ɑː k s eˣ	650
taakseen	t ɑː k s eː n	62
taala	t ɑː l ɑ	1
taamma	t ɑː mː ɑ	0
taammaksi	t ɑː mː ɑ k s i	0
taammas	t ɑː mː ɑ s	0
taampaa	t ɑː m p ɑː	0
taampana	t ɑː m p ɑ n ɑ	0
taannehtia	t ɑː nː e h t i ɑˣ	0
taannuttaa	t ɑː nː u tː ɑːˣ	1
taantuma	t ɑː n t u m ɑ	20
taantumuksellisesti	t ɑː n t u m u k s e lː i s e s t iˣ	0
taapero	t ɑː p e r o	0
taaperrella	t ɑː p e rː e lː ɑˣ	0
taara	t ɑː r ɑ	5
taarna	t ɑː r n ɑ	1
taata	t ɑː t ɑ	194
taata	t ɑː t ɑˣ	194
taateli	t ɑː t e l i	0
taatti	t ɑː tː i	0
taava	t ɑː ʋ ɑ	1
taavetti	t ɑː ʋ e tː i	13
taavi	t ɑː ʋ i	14
tabletti	t ɑ b l e tː i	34
tabu	t ɑ b u	14
taburetti	t ɑ b u r e tː i	0
taco	t ɑ k o	4
tade	t ɑ d eˣ	0
tae	t ɑ eˣ	67
taekwondo	t ɑ e k ʋ o n d o	16
taemma	t ɑ e mː ɑ	0
taemmaksi	t ɑ e mː ɑ k s i	0
taemmas	t ɑ e mː ɑ s	0
taemmas	t ɑː e mː ɑ s	0
taempaa	t ɑ e m p ɑː	0
taeta	t ɑ e t ɑˣ	0
tafonomia	t ɑ f o n o m i ɑ	0
tagata	t æ ɡ æ t æˣ	0
tagata	t ɑ ɡ ɑ t ɑˣ	0
tahansa	t ɑ h ɑ n s ɑˣ	1890
tahattomasti	t ɑ h ɑ tː o m ɑ s t iˣ	13
tahdikkaasti	t ɑ h d i kː ɑː s t iˣ	0
tahdistin	t ɑ h d i s t i n	3
tahdistua	t ɑ h d i s t u ɑˣ	0
tahi	t ɑ h i	99
tahko	t ɑ h k o	24
tahko	t ɑ h k oˣ	24
tahkokivi	t ɑ h k o k i ʋ i	0
tahkoutua	t ɑ h k o u t u ɑˣ	0
tahma	t ɑ h m ɑ	0
tahmaannuttaa	t ɑ h m ɑː nː u tː ɑːˣ	0
tahmea	t ɑ h m e ɑ	4
tahmeasti	t ɑ h m e ɑ s t iˣ	2
tahranpoisto	t ɑ h r ɑ n p o i̯ s t o	0
tahranpoistoaine	t ɑ h r ɑ n p o i̯ s t o ɑ i̯ n eˣ	0
tahriutua	t ɑ h r i u t u ɑˣ	0
tahti	t ɑ h t i	61
tahtilaji	t ɑ h t i l ɑ j i	0
tahtiosa	t ɑ h t i o s ɑ	0
tahtiosoitus	t ɑ h t i o s o i̯ t u s	0
tahtipuikko	t ɑ h t i p u i̯ kː o	0
tahtiviiva	t ɑ h t i ʋ iː ʋ ɑ	0
tahto	t ɑ h t o	158
tahtoa	t ɑ h t o ɑ	151
tahtoa	t ɑ h t o ɑˣ	151
tahtomattaan	t ɑ h t o m ɑ tː ɑː n	11
tahtominen	t ɑ h t o m i n e n	5
tai	t ɑ i̯	58170
taianomaisesti	t ɑ i̯ ɑ n o m ɑ i̯ s e s t iˣ	1
taide	t ɑ i̯ d eˣ	200
taideaine	t ɑ i̯ d eˣ ɑ i̯ n eˣ	5
taidearvo	t ɑ i̯ d eˣ ɑ r ʋ o	0
taidearvostelu	t ɑ i̯ d e ɑ r ʋ o s t e l u	0
taidehistoriallisesti	t ɑ i̯ d eˣ h i s t o r i ɑ lː i s e s t iˣ	4
taidejäljennös	t ɑ i̯ d eˣ j æ l j e nː ø s	0
taidekauppa	t ɑ i̯ d eˣ k ɑ u̯ pː ɑ	1
taidekorkeakoulu	t ɑ i̯ d eˣ k o r k e ɑ k o u̯ l u	1
taidekäsityö	t ɑ i̯ d eˣ k æ s i t y ø̯	1
taidelasi	t ɑ i̯ d eˣ l ɑ s i	1
taidemaailma	t ɑ i̯ d eˣ m ɑː i l m ɑ	1
taideneuvos	t ɑ i̯ d eˣ n e u̯ ʋ o s	0
taidestudio	t ɑ i̯ d eˣ s t u d i o	0
taidetekstiili	t ɑ i̯ d eˣ t e k s t iː l i	0
taideväärennös	t ɑ i̯ d eˣ ʋ æː r e nː ø s	0
taidokkaasti	t ɑ i̯ d o kː ɑː s t iˣ	33
taidollisesti	t ɑ i̯ d o lː i s e s t iˣ	6
taidonnäyte	t ɑ i̯ d o n n æ y̯ t eˣ	9
taidottomasti	t ɑ i̯ d o tː o m ɑ s t iˣ	0
taija	t ɑ i̯ j ɑ	9
taika	t ɑ i̯ k ɑ	19
taikaesine	t ɑ i̯ k ɑ e s i n eˣ	1
taikakalu	t ɑ i̯ k ɑ k ɑ l u	3
taikamenot	t ɑ i̯ k ɑ m e n o t	0
taikamerkki	t ɑ i̯ k ɑ m e r kː i	1
taikanumero	t ɑ i̯ k ɑ n u m e r o	0
taikasauva	t ɑ i̯ k ɑ s ɑ u̯ ʋ ɑ	1
taikatemppu	t ɑ i̯ k ɑ t e m pː u	0
taikausko	t ɑ i̯ k ɑ u s k o	8
taikavarpu	t ɑ i̯ k ɑ ʋ ɑ r p u	0
taikavoima	t ɑ i̯ k ɑ ʋ o i̯ m ɑ	0
taikina	t ɑ i̯ k i n ɑ	38
taikinakaavin	t ɑ i̯ k i n ɑ k ɑː ʋ i n	0
taikinanjuuri	t ɑ i̯ k i n ɑ n j uː r i	0
taikinapyörä	t ɑ i̯ k i n ɑ p y ø̯ r æ	0
taiko	t ɑ i̯ k o	5
taikoa	t ɑ i̯ k o ɑˣ	1
taikoi	t ɑ i̯ k o i̯	2
taikonautti	t ɑ i̯ k o n ɑ u tː i	0
taikuri	t ɑ i̯ k u r i	20
taimen	t ɑ i̯ m e n	46
taimettaa	t ɑ i̯ m e tː ɑːˣ	0
taimettua	t ɑ i̯ m e tː u ɑˣ	0
taimi	t ɑ i̯ m i	45
taimi	t ɑ i̯ m iˣ	45
taimmainen	t ɑ i̯ mː ɑ i̯ n e n	0
taimmas	t ɑ i̯ mː ɑ s	0
taimpaa	t ɑ i̯ m p ɑː	0
taina	t ɑ i̯ n ɑ	114
tainnoksiin	t ɑ i̯ nː o k s iː n	1
tainnoksissa	t ɑ i̯ nː o k s i sː ɑ	1
tainnoksista	t ɑ i̯ nː o k s i s t ɑ	0
tainnuksiin	t ɑ i̯ nː u k s iː n	0
tainnuksissa	t ɑ i̯ nː u k s i sː ɑ	0
tainnuksista	t ɑ i̯ nː u k s i s t ɑ	0
taipalsaarelainen	t ɑ i̯ p ɑ l s ɑː r e l ɑ i̯ n e n	0
taipalsaari	t ɑ i̯ p ɑ l s ɑː r i	12
taipua	t ɑ i̯ p u ɑˣ	16
taipuilla	t ɑ i̯ p u i̯ lː ɑˣ	0
taipuisasti	t ɑ i̯ p u i̯ s ɑ s t iˣ	1
taipuma	t ɑ i̯ p u m ɑ	1
taipuminen	t ɑ i̯ p u m i n e n	9
taira	t ɑ i̯ r ɑ	4
taistella	t ɑ i̯ s t e lː ɑˣ	59
taistelualue	t ɑ i̯ s t e l u ɑ l u eˣ	0
taistelualus	t ɑ i̯ s t e l u ɑ l u s	0
taisteluasema	t ɑ i̯ s t e l u ɑ s e m ɑ	0
taisteluhaarniska	t ɑ i̯ s t e l u h ɑː r n i s k ɑ	0
taisteluhauta	t ɑ i̯ s t e l u h ɑ u̯ t ɑ	0
taistelujoukot	t ɑ i̯ s t e l u j o u̯ k o t	0
taistelukaasu	t ɑ i̯ s t e l u k ɑː s u	0
taistelukaivanto	t ɑ i̯ s t e l u k ɑ i̯ ʋ ɑ n t o	0
taistelukukko	t ɑ i̯ s t e l u k u kː o	0
taistelukuvaus	t ɑ i̯ s t e l u k u ʋ ɑ u s	0
taistelumuona	t ɑ i̯ s t e l u m u o̯ n ɑ	0
taistelumuonapakkaus	t ɑ i̯ s t e l u m u o̯ n ɑ p ɑ kː ɑ u s	0
taistelupaikka	t ɑ i̯ s t e l u p ɑ i̯ kː ɑ	4
taistelutaito	t ɑ i̯ s t e l u t ɑ i̯ t o	3
taisto	t ɑ i̯ s t o	69
taitaa	t ɑ i̯ t ɑːˣ	155
taitaja	t ɑ i̯ t ɑ j ɑ	26
taitajan	t ɑ i̯ t ɑ j ɑ n	8
taitamattomasti	t ɑ i̯ t ɑ m ɑ tː o m ɑ s t iˣ	7
taitaminen	t ɑ i̯ t ɑ m i n e n	7
taitava	t ɑ i̯ t ɑ ʋ ɑ	103
taiteenala	t ɑ i̯ t eː n ɑ l ɑ	2
taiteilija	t ɑ i̯ t e i̯ l i j ɑ	258
taiteilijaelämä	t ɑ i̯ t e i̯ l i j ɑ e l æ m æ	1
taiteilijakoti	t ɑ i̯ t e i̯ l i j ɑ k o t i	5
taiteilijanimi	t ɑ i̯ t e i̯ l i j ɑ n i m i	3
taiteilijaseura	t ɑ i̯ t e i̯ l i j ɑ s e u̯ r ɑ	13
taitekerroin	t ɑ i̯ t eˣ k e rː o i̯ n	4
taitella	t ɑ i̯ t e lː ɑˣ	1
taito	t ɑ i̯ t o	321
taitoaine	t ɑ i̯ t o ɑ i̯ n eˣ	4
taitolaji	t ɑ i̯ t o l ɑ j i	9
taitolentoryhmä	t ɑ i̯ t o l e n t o r y h m æ	0
taitolentäjä	t ɑ i̯ t o l e n t æ j æ	0
taitoluistelija	t ɑ i̯ t o l u i̯ s t e l i j ɑ	2
taitoluistelu	t ɑ i̯ t o l u i̯ s t e l u	5
taitoluistin	t ɑ i̯ t o l u i̯ s t i n	0
taitopeli	t ɑ i̯ t o p e l i	1
taitotaso	t ɑ i̯ t o t ɑ s o	10
taitotemppu	t ɑ i̯ t o t e m pː u	0
taitouimari	t ɑ i̯ t o u i̯ m ɑ r i	0
taitouinti	t ɑ i̯ t o u i̯ n t i	0
taitovirhe	t ɑ i̯ t o ʋ i r h eˣ	0
taitovoimistelu	t ɑ i̯ t o ʋ o i̯ m i s t e l u	0
taitse	t ɑ i̯ t s eˣ	2
taitto	t ɑ i̯ tː o	31
taittoherne	t ɑ i̯ tː o h e r n eˣ	0
taittokone	t ɑ i̯ tː o k o n eˣ	1
taittolaite	t ɑ i̯ tː o l ɑ i̯ t eˣ	0
taittomitta	t ɑ i̯ tː o m i tː ɑ	0
taittotiedosto	t ɑ i̯ tː o t i e̯ d o s t o	0
taittotuoli	t ɑ i̯ tː o t u o̯ l i	0
taittovoima	t ɑ i̯ tː o ʋ o i̯ m ɑ	8
taittumislaki	t ɑ i̯ tː u m i s l ɑ k i	0
taiturillisesti	t ɑ i̯ t u r i lː i s e s t iˣ	0
taiturimaisesti	t ɑ i̯ t u r i m ɑ i̯ s e s t iˣ	1
taivaallisesti	t ɑ i̯ ʋ ɑː lː i s e s t iˣ	1
taivaankappale	t ɑ i̯ ʋ ɑː n k ɑ pː ɑ l eˣ	5
taivaanmekaniikka	t ɑ i̯ ʋ ɑː n m e k ɑ n iː kː ɑ	0
taivaannapa	t ɑ i̯ ʋ ɑː n n ɑ p ɑ	0
taivaanranta	t ɑ i̯ ʋ ɑː n r ɑ n t ɑ	2
taivaansininen	t ɑ i̯ ʋ ɑː n s i n i n e n	1
taivalkoskelainen	t ɑ i̯ ʋ ɑ l k o s k e l ɑ i̯ n e n	0
taivalkoski	t ɑ i̯ ʋ ɑ l k o s k i	8
taivalkoskinen	t ɑ i̯ ʋ ɑ l k o s k i n e n	0
taivas	t ɑ i̯ ʋ ɑ s	119
taivaskanava	t ɑ i̯ ʋ ɑ s k ɑ n ɑ ʋ ɑ	1
taivassalo	t ɑ i̯ ʋ ɑ s s ɑ l o	5
taivassalolainen	t ɑ i̯ ʋ ɑ s s ɑ l o l ɑ i̯ n e n	1
taive	t ɑ i̯ ʋ eˣ	0
taivekartonki	t ɑ i̯ ʋ eˣ k ɑ r t o ŋ k i	0
taivuttautua	t ɑ i̯ ʋ u tː ɑ u t u ɑˣ	0
taivutuskulma	t ɑ i̯ ʋ u t u s k u l m ɑ	1
taivutustyyppi	t ɑ i̯ ʋ u t u s t yː pː i	0
taju	t ɑ j u	25
tajuaminen	t ɑ j u ɑ m i n e n	8
tajuisesti	t ɑ j u i̯ s e s t iˣ	0
tajuisuus	t ɑ j u i̯ s uː s	0
tajunnanvirtatekniikka	t ɑ j u nː ɑ n ʋ i r t ɑ t e k n iː kː ɑ	0
tajunta	t ɑ j u n t ɑ	17
tajuttomasti	t ɑ j u tː o m ɑ s t iˣ	1
tajuttomuus	t ɑ j u tː o m uː s	6
taka	t ɑ k ɑ	6
takaa	t ɑ k ɑː	1381
takaa	t ɑ k ɑːˣ	1381
takaaminen	t ɑ k ɑː m i n e n	34
takahaarukka	t ɑ k ɑ h ɑː r u kː ɑ	3
takahuone	t ɑ k ɑ h u o̯ n e	4
takaisin	t ɑ k ɑ i̯ s i n	2249
takaisinheijastin	t ɑ k ɑ i̯ s i n h e i̯ j ɑ s t i n	0
takaisinotto	t ɑ k ɑ i̯ s i n o tː o	2
takaisinpano	t ɑ k ɑ i̯ s i n p ɑ n o	0
takaisinviittaus	t ɑ k ɑ i̯ s i n ʋ iː tː ɑ u s	0
takaiskuventtiili	t ɑ k ɑ i s k u ʋ e n tː iː l i	3
takajäsen	t ɑ k ɑ j æ s e n	0
takakansiteksti	t ɑ k ɑ k ɑ n s i t e k s t i	0
takakenttä	t ɑ k ɑ k e n tː æ	1
takakulma	t ɑ k ɑ k u l m ɑ	2
takakäpälä	t ɑ k ɑ k æ p æ l æ	0
takakäteen	t ɑ k ɑ k æ t eː n	1
takalaiton	t ɑ k ɑ l ɑ i̯ t o n	0
takaliina	t ɑ k ɑ l iː n ɑ	0
takalukko	t ɑ k ɑ l u kː o	0
takamaa	t ɑ k ɑ m ɑː	7
takamus	t ɑ k ɑ m u s	3
takaovi	t ɑ k ɑ o ʋ i	2
takapajuisesti	t ɑ k ɑ p ɑ j u i̯ s e s t iˣ	0
takapuoli	t ɑ k ɑ p u o̯ l i	6
takareki	t ɑ k ɑ r e k i	0
takarengas	t ɑ k ɑ r e ŋː ɑ s	2
takarivi	t ɑ k ɑ r i ʋ i	3
takasivu	t ɑ k ɑ s i ʋ u	1
takasuora	t ɑ k ɑ s u o̯ r ɑ	1
takatie	t ɑ k ɑ t i e̯	0
takautua	t ɑ k ɑ u t u ɑˣ	0
takavaaka	t ɑ k ɑ ʋ ɑː k ɑ	0
takavaihtaja	t ɑ k ɑ ʋ ɑ i̯ h t ɑ j ɑ	0
takavokaali	t ɑ k ɑ ʋ o k ɑː l i	0
takellella	t ɑ k e lː e lː ɑˣ	1
takerrella	t ɑ k e rː e lː ɑˣ	0
takertua	t ɑ k e r t u ɑˣ	4
takia	t ɑ k i ɑ	2336
takiainen	t ɑ k i ɑ i̯ n e n	1
takilointi	t ɑ k i l o i̯ n t i	0
takinhiha	t ɑ k i n h i h ɑ	0
takinkaulus	t ɑ k i n k ɑ u̯ l u s	0
takintasku	t ɑ k i n t ɑ s k u	0
takioni	t ɑ k i o n i	0
takka	t ɑ kː ɑ	46
takkasydän	t ɑ kː ɑ s y d æ n	0
takkatuli	t ɑ kː ɑ t u l i	1
takkauuni	t ɑ kː ɑ uː n i	2
takkavitsa	t ɑ kː ɑ ʋ i t s ɑ	0
takki	t ɑ kː i	46
takkileninki	t ɑ kː i l e n i ŋ k i	0
takku	t ɑ kː u	4
takkuisesti	t ɑ kː u i̯ s e s t iˣ	0
takkuuntua	t ɑ kː uː n t u ɑˣ	0
taklaaja	t ɑ k l ɑː j ɑ	0
taklaaminen	t ɑ k l ɑː m i n e n	2
takoa	t ɑ k o ɑˣ	17
takoi	t ɑ k o i̯	14
takomakone	t ɑ k o m ɑ k o n eˣ	0
takomatyö	t ɑ k o m ɑ t y ø̯	0
takominen	t ɑ k o m i n e n	1
takorautainen	t ɑ k o r ɑ u̯ t ɑ i̯ n e n	0
takotyö	t ɑ k o t y ø̯	0
takovasara	t ɑ k o ʋ ɑ s ɑ r ɑ	0
taksi	t ɑ k s i	59
taksiauto	t ɑ k s i ɑ u t o	0
taksijono	t ɑ k s i j o n o	0
taksin	t ɑ k s i n	30
taksis	t ɑ k s i s	0
taksoittaa	t ɑ k s o i̯ tː ɑːˣ	0
taksonomi	t ɑ k s o n o m i	0
taktisesti	t ɑ k t i s e s t iˣ	7
takuu	t ɑ k uː	142
takuueläke	t ɑ k uː e l æ k eˣ	0
takuutyö	t ɑ k uː t y ø̯	0
takyoni	t ɑ k y o n i	0
tali	t ɑ l i	8
talidomidi	t ɑ l i d o m i d i	1
talikko	t ɑ l i kː o	3
talikynttilä	t ɑ l i k y n tː i l æ	1
talirauhanen	t ɑ l i r ɑ u̯ h ɑ n e n	0
talja	t ɑ l j ɑ	6
taljajousi	t ɑ l j ɑ j o u̯ s i	0
talkki	t ɑ l kː i	4
talkkuna	t ɑ l kː u n ɑ	2
talkkunajauho	t ɑ l kː u n ɑ j ɑ u̯ h o	0
talkoot	t ɑ l k oː t	36
talkootanssit	t ɑ l k oː t ɑ n sː i t	0
talkooväki	t ɑ l k oː ʋ æ k i	4
talla	t ɑ lː ɑ	3
tallaaja	t ɑ lː ɑː j ɑ	0
tallaaminen	t ɑ lː ɑː m i n e n	0
tallata	t ɑ lː ɑ t ɑˣ	4
tallelokero	t ɑ lː eˣ l o k e r o	14
tallesta	t ɑ lː e s t ɑ	0
tallettaa	t ɑ lː e tː ɑːˣ	105
tallettaminen	t ɑ lː e tː ɑ m i n e n	2
talletuspankki	t ɑ lː e t u s p ɑ ŋ kː i	5
talli	t ɑ lː i	49
tallinna	t ɑ lː i nː ɑ	13
tallipäitset	t ɑ lː i p æ i̯ t s e t	0
tallium	t ɑ lː i u m	0
tallustaa	t ɑ lː u s t ɑːˣ	1
tallustella	t ɑ lː u s t e lː ɑˣ	0
talo	t ɑ l o	666
taloni	t ɑ l o n i	7
talonki	t ɑ l o ŋ k i	0
talonpaikka	t ɑ l o n p ɑ i̯ kː ɑ	0
talonpito	t ɑ l o n p i t o	1
talonpoikaiskulttuuri	t ɑ l o n p o i̯ k ɑ i̯ s k u l tː uː r i	5
talonpoikaispurjehdus	t ɑ l o n p o i̯ k ɑ i̯ s p u r j e h d u s	1
talonpoikaistyyli	t ɑ l o n p o i̯ k ɑ i̯ s t yː l i	0
talonrakennustekniikka	t ɑ l o n r ɑ k e nː u s t e k n iː kː ɑ	0
talonviini	t ɑ l o n ʋ iː n i	0
talonväki	t ɑ l o n ʋ æ k i	1
taloryhmä	t ɑ l o r y h m æ	2
talosilla	t ɑ l o s i lː ɑ	0
talosille	t ɑ l o s i lː eˣ	0
talotekniikka	t ɑ l o t e k n iː kː ɑ	25
talotyyppi	t ɑ l o t yː pː i	7
taloudellistaa	t ɑ l o u d e lː i s t ɑːˣ	0
taloudenpito	t ɑ l o u d e n p i t o	7
talous	t ɑ l o u s	451
talousala	t ɑ l o u s ɑ l ɑ	7
talousasia	t ɑ l o u s ɑ s i ɑ	0
talousaskare	t ɑ l o u s ɑ s k ɑ r eˣ	0
talousastia	t ɑ l o u s ɑ s t i ɑ	1
talousesimies	t ɑ l o u s e s i m i e̯ s	0
talousesine	t ɑ l o u s e s i n eˣ	0
taloushenkilökunta	t ɑ l o u s h e ŋ k i l ø k u n t ɑ	1
taloushenkilöstö	t ɑ l o u s h e ŋ k i l ø s t ø	0
taloushistoria	t ɑ l o u s h i s t o r i ɑ	5
taloushuolto	t ɑ l o u s h u o̯ l t o	0
talousihme	t ɑ l o u s i h m eˣ	1
talousjaosto	t ɑ l o u s j ɑ o s t o	0
talousjournalismi	t ɑ l o u s j o u̯ r n ɑ l i s m i	2
talousjärjestelmä	t ɑ l o u s j æ r j e s t e l m æ	4
talousjärjestys	t ɑ l o u s j æ r j e s t y s	0
talousjärjestö	t ɑ l o u s j æ r j e s t ø	0
talousjäte	t ɑ l o u s j æ t eˣ	2
talouskala	t ɑ l o u s k ɑ l ɑ	0
talouskalja	t ɑ l o u s k ɑ l j ɑ	0
talouskeskus	t ɑ l o u s k e s k u s	6
talouskone	t ɑ l o u s k o n eˣ	1
talouskoulu	t ɑ l o u s k o u̯ l u	9
talouskyljys	t ɑ l o u s k y l j y s	0
talouskäsine	t ɑ l o u s k æ s i n eˣ	0
talouskäyttö	t ɑ l o u s k æ y̯ tː ø	4
talouslasi	t ɑ l o u s l ɑ s i	0
talousliitto	t ɑ l o u s l iː tː o	3
talousmahti	t ɑ l o u s m ɑ h t i	1
talousmenot	t ɑ l o u s m e n o t	0
talousmetsä	t ɑ l o u s m e t s æ	0
talousmies	t ɑ l o u s m i e̯ s	3
talousmuoto	t ɑ l o u s m u o̯ t o	0
talousmuovi	t ɑ l o u s m u o̯ ʋ i	0
talousnero	t ɑ l o u s n e r o	0
talousneuvos	t ɑ l o u s n e u̯ ʋ o s	5
talousohjelma	t ɑ l o u s o h j e l m ɑ	0
talousopettaja	t ɑ l o u s o p e tː ɑ j ɑ	2
talousopetus	t ɑ l o u s o p e t u s	1
talousoppi	t ɑ l o u s o pː i	1
talousosasto	t ɑ l o u s o s ɑ s t o	14
talouspakkaus	t ɑ l o u s p ɑ kː ɑ u s	0
talouspakote	t ɑ l o u s p ɑ k o t eˣ	0
talouspaperi	t ɑ l o u s p ɑ p e r i	1
talouspula	t ɑ l o u s p u l ɑ	1
talouspyyhe	t ɑ l o u s p yː h eˣ	0
talousraha	t ɑ l o u s r ɑ h ɑ	0
talousrakennus	t ɑ l o u s r ɑ k e nː u s	17
talousrikos	t ɑ l o u s r i k o s	0
talousrikostutkinta	t ɑ l o u s r i k o s t u t k i n t ɑ	0
taloussiirappi	t ɑ l o u s s iː r ɑ pː i	0
taloussopimus	t ɑ l o u s s o p i m u s	0
taloussosiologi	t ɑ l o u s s o s i o l o ɡ i	0
taloussosiologia	t ɑ l o u s s o s i o l o ɡ i ɑ	1
taloussprii	t ɑ l o u s s p r iː	0
taloussuhde	t ɑ l o u s s u h d eˣ	1
taloussuklaa	t ɑ l o u s s u k l ɑː	1
taloussuunnitelma	t ɑ l o u s s uː nː i t e l m ɑ	66
taloustarvike	t ɑ l o u s t ɑ r ʋ i k eˣ	0
taloustavara	t ɑ l o u s t ɑ ʋ ɑ r ɑ	0
taloustieto	t ɑ l o u s t i e̯ t o	9
taloustirehtööri	t ɑ l o u s t i r e h t øː r i	0
taloustoimisto	t ɑ l o u s t o i̯ m i s t o	18
taloustutkimus	t ɑ l o u s t u t k i m u s	32
taloustyö	t ɑ l o u s t y ø̯	0
talousvaaka	t ɑ l o u s ʋ ɑː k ɑ	0
talousvaliokunta	t ɑ l o u s ʋ ɑ l i o k u n t ɑ	1
talousvaltio	t ɑ l o u s ʋ ɑ l t i o	0
talousvesi	t ɑ l o u s ʋ e s i	11
talousveturi	t ɑ l o u s ʋ e t u r i	0
talousvuosi	t ɑ l o u s ʋ u o̯ s i	0
talousvyöhyke	t ɑ l o u s ʋ y ø̯ h y k eˣ	0
talousyhteisö	t ɑ l o u s y h t e i̯ s ø	4
talousyksikkö	t ɑ l o u s y k s i kː ø	1
talso	t ɑ l s o	1
taltta	t ɑ l tː ɑ	5
talttamainen	t ɑ l tː ɑ m ɑ i̯ n e n	0
talttavasara	t ɑ l tː ɑ ʋ ɑ s ɑ r ɑ	0
talutella	t ɑ l u t e lː ɑˣ	1
taluttaa	t ɑ l u tː ɑːˣ	6
talutusnuora	t ɑ l u t u s n u o̯ r ɑ	0
talveentua	t ɑ l ʋ eː n t u ɑˣ	0
talvehtimisalue	t ɑ l ʋ e h t i m i s ɑ l u eˣ	0
talvehtimissilmu	t ɑ l ʋ e h t i m i s s i l m u	0
talvemmaksi	t ɑ l ʋ e mː ɑ k s i	0
talvemmalle	t ɑ l ʋ e mː ɑ lː eˣ	0
talvennapa	t ɑ l ʋ e n n ɑ p ɑ	0
talvenselkä	t ɑ l ʋ e n s e l k æ	0
talveuttaa	t ɑ l ʋ e u tː ɑːˣ	0
talveutua	t ɑ l ʋ e u t u ɑˣ	0
talvi	t ɑ l ʋ i	126
talviaamu	t ɑ l ʋ i ɑː m u	0
talviaika	t ɑ l ʋ i ɑ i̯ k ɑ	4
talvifarkut	t ɑ l ʋ i f ɑ r k u t	0
talvifarmarit	t ɑ l ʋ i f ɑ r m ɑ r i t	0
talvihauta	t ɑ l ʋ i h ɑ u̯ t ɑ	0
talvikeli	t ɑ l ʋ i k e l i	2
talvikki	t ɑ l ʋ i kː i	5
talvikuu	t ɑ l ʋ i k uː	0
talvilepo	t ɑ l ʋ i l e p o	9
talviloma	t ɑ l ʋ i l o m ɑ	8
talvilämmin	t ɑ l ʋ i l æ mː i n	0
talvimonsuuni	t ɑ l ʋ i m o n s uː n i	0
talvinuotta	t ɑ l ʋ i n u o̯ tː ɑ	0
talviomena	t ɑ l ʋ i o m e n ɑ	0
talvipuhtaanapito	t ɑ l ʋ i p u h t ɑː n ɑ p i t o	0
talvipuutarha	t ɑ l ʋ i p uː t ɑ r h ɑ	6
talvipäivänseisaus	t ɑ l ʋ i p æ i̯ ʋ æ n s e i̯ s ɑ u s	1
talviruokinta	t ɑ l ʋ i r u o̯ k i n t ɑ	3
talvisaapas	t ɑ l ʋ i s ɑː p ɑ s	0
talvisade	t ɑ l ʋ i s ɑ d eˣ	0
talvisää	t ɑ l ʋ i s æː	1
talviturkki	t ɑ l ʋ i t u r kː i	1
talviurheilu	t ɑ l ʋ i u r h e i̯ l u	1
tamaani	t ɑ m ɑː n i	0
tamariini	t ɑ m ɑ r iː n i	0
tamarindi	t ɑ m ɑ r i n d i	0
tamburiini	t ɑ m b u r iː n i	2
tamineet	t ɑ m i n eː t	0
tamma	t ɑ mː ɑ	28
tammela	t ɑ mː e l ɑ	17
tammelalainen	t ɑ mː e l ɑ l ɑ i̯ n e n	1
tammenlehti	t ɑ mː e n l e h t i	1
tammenlehvä	t ɑ mː e n l e h ʋ æ	1
tammerkoski	t ɑ mː e r k o s k i	4
tammi	t ɑ mː i	109
tammihuonekalu	t ɑ mː i h u o̯ n eˣ k ɑ l u	0
tammihärkä	t ɑ mː i h æ r k æ	0
tammikuu	t ɑ mː i k uː	38
tammilauta	t ɑ mː i l ɑ u̯ t ɑ	0
tammilehto	t ɑ mː i l e h t o	19
tamminen	t ɑ mː i n e n	87
tamminkainen	t ɑ mː i ŋ k ɑ i̯ n e n	0
tammiparketti	t ɑ mː i p ɑ r k e tː i	0
tammipeli	t ɑ mː i p e l i	0
tammipuu	t ɑ mː i p uː	0
tammipöytä	t ɑ mː i p ø y̯ t æ	0
tammitynnyri	t ɑ mː i t y nː y r i	0
tammiviilu	t ɑ mː i ʋ iː l u	0
tammivireo	t ɑ mː i ʋ i r e o	0
tammivyöhyke	t ɑ mː i ʋ y ø̯ h y k eˣ	0
tampere	t ɑ m p e r eˣ	1046
tamponi	t ɑ m p o n i	4
tampopaino	t ɑ m p o p ɑ i̯ n o	0
tamppi	t ɑ m pː i	6
tampuuri	t ɑ m p uː r i	2
tanaan	t ɑ n ɑː n	3
tanakasti	t ɑ n ɑ k ɑ s t iˣ	7
tanassa	t ɑ n ɑ sː ɑ	2
taneli	t ɑ n e l i	20
tangeerata	t ɑ ŋː eː r ɑ t ɑˣ	0
tangenttilause	t ɑ ŋː e n tː i l ɑ u̯ s eˣ	0
tangenttivektori	t ɑ ŋː e n tː i ʋ e k t o r i	0
tangeriini	t ɑ ŋː e r iː n i	0
tango	t ɑ ŋː o	43
tanhuryhmä	t ɑ n h u r y h m æ	0
tanhuvilla	t ɑ n h u ʋ i lː ɑ	0
tanja	t ɑ n j ɑ	97
tanka	t ɑ ŋ k ɑ	2
tankeroenglanti	t ɑ ŋ k e r o e ŋ l ɑ n t i	0
tankkailla	t ɑ ŋ kː ɑ i̯ lː ɑˣ	0
tankkialus	t ɑ ŋ kː i ɑ l u s	0
tanko	t ɑ ŋ k o	16
tankokomero	t ɑ ŋ k o k o m e r o	0
tankoteräs	t ɑ ŋ k o t e r æ s	0
tanner	t ɑ nː e r	20
tano	t ɑ n o	2
tanotorvi	t ɑ n o t o r ʋ i	1
tansaniitti	t ɑ n s ɑ n iː tː i	0
tanska	t ɑ n s k ɑ	138
tanskalainen	t ɑ n s k ɑ l ɑ i̯ n e n	48
tanskalaismies	t ɑ n s k ɑ l ɑ i̯ s m i e̯ s	0
tanskalaisnainen	t ɑ n s k ɑ l ɑ i̯ s n ɑ i̯ n e n	0
tanskalaistaa	t ɑ n s k ɑ l ɑ i̯ s t ɑːˣ	0
tanssata	t ɑ n sː ɑ t ɑˣ	0
tanssiarvostelu	t ɑ n sː i ɑ r ʋ o s t e l u	0
tanssiaskel	t ɑ n sː i ɑ s k e l	0
tanssihäät	t ɑ n sː i h æː t	0
tanssii	t ɑ n sː iː	36
tanssija	t ɑ n sː i j ɑ	24
tanssilattia	t ɑ n sː i l ɑ tː i ɑ	5
tanssilava	t ɑ n sː i l ɑ ʋ ɑ	15
tanssinopettaja	t ɑ n sː i n o p e tː ɑ j ɑ	8
tanssitaiteilija	t ɑ n sː i t ɑ i̯ t e i̯ l i j ɑ	7
tanssitella	t ɑ n sː i t e lː ɑˣ	0
tanssittaa	t ɑ n sː i tː ɑːˣ	6
tantaali	t ɑ n t ɑː l i	0
tantari	t ɑ n t ɑ r i	0
tantere	t ɑ n t e r e	0
tantta	t ɑ n tː ɑ	1
tanttamainen	t ɑ n tː ɑ m ɑ i̯ n e n	0
tanttamaisesti	t ɑ n tː ɑ m ɑ i̯ s e s t iˣ	0
tao	t ɑ o	19
tao	t ɑ oˣ	19
taontatyö	t ɑ o n t ɑ t y ø̯	0
taottava	t ɑ o tː ɑ ʋ ɑ	6
tapa	t ɑ p ɑ	1358
tapa	t ɑ p ɑˣ	1358
tapahtumakalenteri	t ɑ p ɑ h t u m ɑ k ɑ l e n t e r i	43
tapahtumaloki	t ɑ p ɑ h t u m ɑ l o k i	0
tapahtumapaikka	t ɑ p ɑ h t u m ɑ p ɑ i̯ kː ɑ	19
tapahtuminen	t ɑ p ɑ h t u m i n e n	11
tapailunimi	t ɑ p ɑ i̯ l u n i m i	0
tapainen	t ɑ p ɑ i̯ n e n	24
tapainkuvaus	t ɑ p ɑ i̯ n k u ʋ ɑ u s	0
tapaintuomari	t ɑ p ɑ i̯ n t u o̯ m ɑ r i	0
tapainturmelus	t ɑ p ɑ i̯ n t u r m e l u s	0
tapaisesti	t ɑ p ɑ i̯ s e s t iˣ	1
tapakasvatus	t ɑ p ɑ k ɑ s ʋ ɑ t u s	6
tapakristillinen	t ɑ p ɑ k r i s t i lː i n e n	0
tapakristitty	t ɑ p ɑ k r i s t i tː y	1
tapakulttuuri	t ɑ p ɑ k u l tː uː r i	9
tapani	t ɑ p ɑ n i	340
tapaninajo	t ɑ p ɑ n i n ɑ j o	0
taparikollinen	t ɑ p ɑ r i k o lː i n e n	0
taparikollisuus	t ɑ p ɑ r i k o lː i s uː s	0
tapas	t ɑ p ɑ s	0
tapatieto	t ɑ p ɑ t i e̯ t o	1
tapaturmainen	t ɑ p ɑ t u r m ɑ i̯ n e n	1
tapauksittain	t ɑ p ɑ u k s i tː ɑ i̯ n	5
tapaus	t ɑ p ɑ u s	261
tapausrikas	t ɑ p ɑ u s r i k ɑ s	0
tapaustutkimus	t ɑ p ɑ u s t u t k i m u s	17
tapetti	t ɑ p e tː i	15
tapiiri	t ɑ p iː r i	0
tapio	t ɑ p i o	489
tapioka	t ɑ p i o k ɑ	0
tappaa	t ɑ pː ɑːˣ	120
tappaiskeitto	t ɑ pː ɑ i̯ s k e i̯ tː o	0
tappajaiset	t ɑ pː ɑ j ɑ i̯ s e t	2
tappara	t ɑ pː ɑ r ɑ	466
tapparakeihäs	t ɑ pː ɑ r ɑ k e i̯ h æ s	0
tappava	t ɑ pː ɑ ʋ ɑ	16
tappelu	t ɑ pː e l u	21
tappelupeli	t ɑ pː e l u p e l i	1
tappi	t ɑ pː i	12
tappikirves	t ɑ pː i k i r ʋ e s	0
tappiollisesti	t ɑ pː i o lː i s e s t iˣ	1
tappo	t ɑ pː o	6
tappura	t ɑ pː u r ɑ	0
tapsa	t ɑ p s ɑ	6
tapsi	t ɑ p s i	0
tapuli	t ɑ p u l i	14
tapulikaupunki	t ɑ p u l i k ɑ u̯ p u ŋ k i	1
tapuntainen	t ɑ p u n t ɑ i̯ n e n	0
taputus	t ɑ p u t u s	2
tarha	t ɑ r h ɑ	6
tarhaherne	t ɑ r h ɑ h e r n eˣ	1
tarhakalmisto	t ɑ r h ɑ k ɑ l m i s t o	0
tarhaomenapuu	t ɑ r h ɑ o m e n ɑ p uː	0
tariffi	t ɑ r i fː i	2
tarina	t ɑ r i n ɑ	393
tarinakivi	t ɑ r i n ɑ k i ʋ i	0
tarinapaikka	t ɑ r i n ɑ p ɑ i̯ kː ɑ	0
tarita	t ɑ r i t ɑˣ	0
tarja	t ɑ r j ɑ	453
tarjeta	t ɑ r j e t ɑˣ	0
tarjoilija	t ɑ r j o i̯ l i j ɑ	22
tarjoiluastia	t ɑ r j o i̯ l u ɑ s t i ɑ	1
tarjoiluhuone	t ɑ r j o i̯ l u h u o̯ n eˣ	1
tarjoilupöytä	t ɑ r j o i̯ l u p ø y̯ t æ	2
tarjoiluvalmis	t ɑ r j o i̯ l u ʋ ɑ l m i s	0
tarjoiluvati	t ɑ r j o i̯ l u ʋ ɑ t i	0
tarjolle	t ɑ r j o lː eˣ	30
tarjonta	t ɑ r j o n t ɑ	188
tarjotinliina	t ɑ r j o t i n l iː n ɑ	0
tarjous	t ɑ r j o u s	346
tarjousesite	t ɑ r j o u s e s i t eˣ	6
tarkastaja	t ɑ r k ɑ s t ɑ j ɑ	75
tarkastaminen	t ɑ r k ɑ s t ɑ m i n e n	34
tarkastusalus	t ɑ r k ɑ s t u s ɑ l u s	1
tarkastusleima	t ɑ r k ɑ s t u s l e i̯ m ɑ	2
tarkastusmerkki	t ɑ r k ɑ s t u s m e r kː i	0
tarkastuttaa	t ɑ r k ɑ s t u tː ɑːˣ	9
tarkata	t ɑ r k ɑ t ɑˣ	1
tarke	t ɑ r k eˣ	1
tarkennus	t ɑ r k e nː u s	34
tarkentaa	t ɑ r k e n t ɑːˣ	98
tarkentua	t ɑ r k e n t u ɑˣ	1
tarketa	t ɑ r k e t ɑˣ	0
tarkistaminen	t ɑ r k i s t ɑ m i n e n	80
tarkiste	t ɑ r k i s t eˣ	1
tarkistusmerkki	t ɑ r k i s t u s m e r kː i	4
tarkistuspiste	t ɑ r k i s t u s p i s t eˣ	0
tarkistusvedos	t ɑ r k i s t u s ʋ e d o s	0
tarkistuttaa	t ɑ r k i s t u tː ɑːˣ	15
tarkka	t ɑ r kː ɑ	409
tarkkaamattomasti	t ɑ r kː ɑː m ɑ tː o m ɑ s t iˣ	0
tarkkaavaisesti	t ɑ r kː ɑː ʋ ɑ i̯ s e s t iˣ	5
tarkkaavasti	t ɑ r kː ɑː ʋ ɑ s t iˣ	0
tarkkaileminen	t ɑ r kː ɑ i̯ l e m i n e n	3
tarkkailija	t ɑ r kː ɑ i̯ l i j ɑ	9
tarkkailuasema	t ɑ r kː ɑ i̯ l u ɑ s e m ɑ	1
tarkkakätisesti	t ɑ r kː ɑ k æ t i s e s t iˣ	0
tarkkanäköisesti	t ɑ r kː ɑ n æ k ø i̯ s e s t iˣ	1
tarkkasilmäisesti	t ɑ r kː ɑ s i l m æ i̯ s e s t iˣ	0
tarkkuusluokka	t ɑ r kː uː s l u o̯ kː ɑ	4
tarkkuustyö	t ɑ r kː uː s t y ø̯	0
tarkkuuttaa	t ɑ r kː uː tː ɑːˣ	0
tarkoituksenmukaisesti	t ɑ r k o i̯ t u k s e n m u k ɑ i̯ s e s t iˣ	53
tarkoituksenmukaistaa	t ɑ r k o i̯ t u k s e n m u k ɑ i̯ s t ɑːˣ	0
tarkoituksenmukaistua	t ɑ r k o i̯ t u k s e n m u k ɑ i̯ s t u ɑˣ	0
tarkoituksettomasti	t ɑ r k o i̯ t u k s e tː o m ɑ s t iˣ	1
tarkoitushakuisesti	t ɑ r k o i̯ t u s h ɑ k u i̯ s e s t iˣ	8
tarkoitushakuisuus	t ɑ r k o i̯ t u s h ɑ k u i̯ s uː s	1
tarkoitusperä	t ɑ r k o i̯ t u s p e r æ	3
tarmo	t ɑ r m o	93
tarmokkaasti	t ɑ r m o kː ɑː s t iˣ	12
tarpeeton	t ɑ r p eː t o n	44
tarpeettomasti	t ɑ r p eː tː o m ɑ s t iˣ	67
tarpoa	t ɑ r p o ɑˣ	2
tarra	t ɑ rː ɑ	19
tarraaminen	t ɑ rː ɑː m i n e n	0
tarranauha	t ɑ rː ɑ n ɑ u̯ h ɑ	4
tartaripihvi	t ɑ r t ɑ r i p i h ʋ i	0
tartarpihvi	t ɑ r t ɑ r p i h ʋ i	0
tarteletti	t ɑ r t e l e tː i	0
tartto	t ɑ r tː o	4
tarttua	t ɑ r tː u ɑˣ	150
tarttuma	t ɑ r tː u m ɑ	0
tartunnanlevittäjä	t ɑ r t u nː ɑ n l e ʋ i tː æ j æ	0
taru	t ɑ r u	117
taruaihe	t ɑ r u ɑ i̯ h eˣ	0
taruhenkilö	t ɑ r u h e ŋ k i l ø	0
tarunomaisesti	t ɑ r u n o m ɑ i̯ s e s t iˣ	0
tarvas	t ɑ r ʋ ɑ s	3
tarve	t ɑ r ʋ eˣ	1254
tarveaine	t ɑ r ʋ eˣ ɑ i̯ n eˣ	0
tarvike	t ɑ r ʋ i k eˣ	8
tarvita	t ɑ r ʋ i t ɑˣ	727
tarvittaessa	t ɑ r ʋ i tː ɑ e sː ɑ	2947
tarvo	t ɑ r ʋ o	3
tarvoin	t ɑ r ʋ o i̯ n	0
tasa	t ɑ s ɑ	6
tasaaja	t ɑ s ɑː j ɑ	1
tasaan	t ɑ s ɑː n	0
tasaannuttaa	t ɑ s ɑː nː u tː ɑːˣ	0
tasaantua	t ɑ s ɑː n t u ɑˣ	4
tasaerä	t ɑ s ɑ e r æ	1
tasajakauma	t ɑ s ɑ j ɑ k ɑ u m ɑ	0
tasajalkaa	t ɑ s ɑ j ɑ l k ɑː	4
tasajatkuisesti	t ɑ s ɑ j ɑ t k u i̯ s e s t iˣ	0
tasajännite	t ɑ s ɑ j æ nː i t eˣ	3
tasajännitemuunnin	t ɑ s ɑ j æ nː i t eˣ m uː nː i n	0
tasakatto	t ɑ s ɑ k ɑ tː o	8
tasakäpälää	t ɑ s ɑ k æ p æ l æː	0
tasalle	t ɑ s ɑ lː eˣ	87
tasalta	t ɑ s ɑ l t ɑ	1
tasaluku	t ɑ s ɑ l u k u	0
tasalämmin	t ɑ s ɑ l æ mː i n	0
tasalämpöisyys	t ɑ s ɑ l æ m p ø i̯ s yː s	0
tasamittaisesti	t ɑ s ɑ m i tː ɑ i̯ s e s t iˣ	0
tasanko	t ɑ s ɑ ŋ k o	4
tasanurkka	t ɑ s ɑ n u r kː ɑ	0
tasapaino	t ɑ s ɑ p ɑ i̯ n o	120
tasapainoaisti	t ɑ s ɑ p ɑ i̯ n o ɑ i̯ s t i	3
tasapainoasema	t ɑ s ɑ p ɑ i̯ n o ɑ s e m ɑ	0
tasapainoelin	t ɑ s ɑ p ɑ i̯ n o e l i n	1
tasapainoisesti	t ɑ s ɑ p ɑ i̯ n o i̯ s e s t iˣ	26
tasapainottomasti	t ɑ s ɑ p ɑ i̯ n o tː o m ɑ s t iˣ	0
tasapainotuskone	t ɑ s ɑ p ɑ i̯ n o t u s k o n eˣ	0
tasapainovakio	t ɑ s ɑ p ɑ i̯ n o ʋ ɑ k i o	0
tasapeli	t ɑ s ɑ p e l i	33
tasapisteet	t ɑ s ɑ p i s t eː t	1
tasapuolistaa	t ɑ s ɑ p u o̯ l i s t ɑːˣ	1
tasapuolistua	t ɑ s ɑ p u o̯ l i s t u ɑˣ	0
tasapäisesti	t ɑ s ɑ p æ i̯ s e s t iˣ	5
tasasoukka	t ɑ s ɑ s o u̯ kː ɑ	0
tasassa	t ɑ s ɑ sː ɑ	0
tasasta	t ɑ s ɑ s t ɑ	1
tasasuhtaisesti	t ɑ s ɑ s u h t ɑ i̯ s e s t iˣ	1
tasasuuntaaja	t ɑ s ɑ s uː n t ɑː j ɑ	1
tasasähkö	t ɑ s ɑ s æ h k ø	0
tasata	t ɑ s ɑ t ɑˣ	19
tasatahtisesti	t ɑ s ɑ t ɑ h t i s e s t iˣ	0
tasataltta	t ɑ s ɑ t ɑ l tː ɑ	0
tasatulos	t ɑ s ɑ t u l o s	3
tasatusten	t ɑ s ɑ t u s t e n	0
tasauspiste	t ɑ s ɑ u s p i s t eˣ	0
tasauspyörästö	t ɑ s ɑ u s p y ø̯ r æ s t ø	2
tasautua	t ɑ s ɑ u t u ɑˣ	0
tasavajaa	t ɑ s ɑ ʋ ɑ j ɑː	0
tasavaltaisesti	t ɑ s ɑ ʋ ɑ l t ɑ i̯ s e s t iˣ	0
tasavireisyys	t ɑ s ɑ ʋ i r e i̯ s yː s	0
tasaviritys	t ɑ s ɑ ʋ i r i t y s	0
tasaväkisesti	t ɑ s ɑ ʋ æ k i s e s t iˣ	3
tase	t ɑ s eˣ	57
tasku	t ɑ s k u	16
taskukamera	t ɑ s k u k ɑ m e r ɑ	0
taskupeili	t ɑ s k u p e i̯ l i	0
taskupuhelu	t ɑ s k u p u h e l u	0
taskutietokone	t ɑ s k u t i e̯ t o k o n eˣ	1
taso	t ɑ s o	628
tasoa	t ɑ s o ɑ	521
tasoaalto	t ɑ s o ɑː l t o	0
tasoeditori	t ɑ s o e d i t o r i	0
tasoero	t ɑ s o e r o	10
tasohiomakone	t ɑ s o h i o m ɑ k o n eˣ	0
tasohöylä	t ɑ s o h ø y̯ l æ	1
tasoinen	t ɑ s o i̯ n e n	28
tasoitella	t ɑ s o i̯ t e lː ɑˣ	2
tasoittain	t ɑ s o i̯ tː ɑ i̯ n	1
tasoittainen	t ɑ s o i̯ tː ɑ i̯ n e n	0
tasoitusmaali	t ɑ s o i̯ t u s m ɑː l i	10
tasoituttaa	t ɑ s o i̯ t u tː ɑːˣ	0
tasokaivaus	t ɑ s o k ɑ i̯ ʋ ɑ u s	0
tasokoe	t ɑ s o k o eˣ	15
tasokone	t ɑ s o k o n eˣ	0
tasokorotus	t ɑ s o k o r o t u s	15
tasokulma	t ɑ s o k u l m ɑ	0
tasokurssi	t ɑ s o k u r sː i	0
tasokäyrä	t ɑ s o k æ y̯ r æ	0
tasolasi	t ɑ s o l ɑ s i	3
tasoleikkaus	t ɑ s o l e i̯ kː ɑ u s	0
tasoliittymä	t ɑ s o l iː tː y m æ	1
tasomainen	t ɑ s o m ɑ i̯ n e n	1
tasonivel	t ɑ s o n i ʋ e l	0
tasopeili	t ɑ s o p e i̯ l i	0
tasopinta	t ɑ s o p i n t ɑ	1
tasopintainen	t ɑ s o p i n t ɑ i̯ n e n	0
tasoristeys	t ɑ s o r i s t e y s	2
tasoryhmitys	t ɑ s o r y h m i t y s	0
tasoryhmä	t ɑ s o r y h m æ	0
tasoskanneri	t ɑ s o s k ɑ nː e r i	1
tasotekstiili	t ɑ s o t e k s t iː l i	0
tasouttaa	t ɑ s o u tː ɑːˣ	0
tasoylikäytävä	t ɑ s o y l i k æ y̯ t æ ʋ æ	0
tataarilainen	t ɑ t ɑː r i l ɑ i̯ n e n	0
tatar	t ɑ t ɑ r	1
tatarstan	t ɑ t ɑ r s t ɑ n	2
tattari	t ɑ tː ɑ r i	8
tattarijauho	t ɑ tː ɑ r i j ɑ u̯ h o	0
tattaririeska	t ɑ tː ɑ r i r i e̯ s k ɑ	0
tatti	t ɑ tː i	6
tattista	t ɑ tː i s t ɑ	0
tatu	t ɑ t u	33
tatuoittaa	t ɑ t u o i̯ tː ɑːˣ	0
tau	t ɑ u̯	4
taudinkuva	t ɑ u̯ d i n k u ʋ ɑ	8
tauko	t ɑ u̯ k o	92
taula	t ɑ u̯ l ɑ	0
taulu	t ɑ u̯ l u	136
taulukkoesitys	t ɑ u̯ l u kː o e s i t y s	0
taulukkopalkka	t ɑ u̯ l u kː o p ɑ l kː ɑ	0
taulutietokone	t ɑ u̯ l u t i e̯ t o k o n eˣ	0
tauno	t ɑ u̯ n o	134
tauota	t ɑ u̯ o t ɑˣ	1
tauottomasti	t ɑ u̯ o tː o m ɑ s t iˣ	1
taus	t ɑ u̯ s	1
tausta	t ɑ u̯ s t ɑ	189
taustaa	t ɑ u̯ s t ɑː	166
taustahenkilö	t ɑ u̯ s t ɑ h e ŋ k i l ø	0
taustakuva	t ɑ u̯ s t ɑ k u ʋ ɑ	9
taustakuvaus	t ɑ u̯ s t ɑ k u ʋ ɑ u s	0
taustalevy	t ɑ u̯ s t ɑ l e ʋ y	2
taustamelu	t ɑ u̯ s t ɑ m e l u	2
taustanauru	t ɑ u̯ s t ɑ n ɑ u̯ r u	0
taustaryhmä	t ɑ u̯ s t ɑ r y h m æ	10
taustasäteily	t ɑ u̯ s t ɑ s æ t e i̯ l y	5
taustatieto	t ɑ u̯ s t ɑ t i e̯ t o	3
taustavaikuttaja	t ɑ u̯ s t ɑ ʋ ɑ i̯ k u tː ɑ j ɑ	1
taustavalaistus	t ɑ u̯ s t ɑ ʋ ɑ l ɑ i̯ s t u s	0
taustaväri	t ɑ u̯ s t ɑ ʋ æ r i	8
taustoittaa	t ɑ u̯ s t o i̯ tː ɑːˣ	9
tauti	t ɑ u̯ t i	258
tautiriski	t ɑ u̯ t i r i s k i	1
tautisesti	t ɑ u̯ t i s e s t iˣ	0
tautologisesti	t ɑ u̯ t o l o ɡ i s e s t iˣ	0
tautta	t ɑ u̯ tː ɑ	0
tavailla	t ɑ ʋ ɑ i̯ lː ɑˣ	0
tavallaan	t ɑ ʋ ɑ lː ɑː n	423
tavanomaisesti	t ɑ ʋ ɑ n o m ɑ i̯ s e s t iˣ	39
tavara	t ɑ ʋ ɑ r ɑ	72
tavarahissi	t ɑ ʋ ɑ r ɑ h i sː i	3
tavarajuna	t ɑ ʋ ɑ r ɑ j u n ɑ	9
tavaralähetys	t ɑ ʋ ɑ r ɑ l æ h e t y s	0
tavaramerkkihakemus	t ɑ ʋ ɑ r ɑ m e r kː i h ɑ k e m u s	0
tavaramerkkirekisteri	t ɑ ʋ ɑ r ɑ m e r kː i r e k i s t e r i	0
tavaramäärä	t ɑ ʋ ɑ r ɑ m æː r æ	5
tavaranhaltija	t ɑ ʋ ɑ r ɑ n h ɑ l t i j ɑ	1
tavarantoimittaja	t ɑ ʋ ɑ r ɑ n t o i̯ m i tː ɑ j ɑ	3
tavaraseloste	t ɑ ʋ ɑ r ɑ s e l o s t eˣ	1
tavaratodistus	t ɑ ʋ ɑ r ɑ t o d i s t u s	0
tavaravaaka	t ɑ ʋ ɑ r ɑ ʋ ɑː k ɑ	0
tavata	t ɑ ʋ ɑ t ɑˣ	193
tavi	t ɑ ʋ i	11
tavoite	t ɑ ʋ o i̯ t e	1542
tavoiteohjelma	t ɑ ʋ o i̯ t eˣ o h j e l m ɑ	25
tavoitetaso	t ɑ ʋ o i̯ t eˣ t ɑ s o	15
tavoittaa	t ɑ ʋ o i̯ tː ɑːˣ	269
tavoittamattomiin	t ɑ ʋ o i̯ tː ɑ m ɑ tː o m iː n	8
tavoittamattomissa	t ɑ ʋ o i̯ tː ɑ m ɑ tː o m i sː ɑ	11
tavoitteellinen	t ɑ ʋ o i̯ tː eː lː i n e n	39
tavoitteellisesti	t ɑ ʋ o i̯ tː eː lː i s e s t iˣ	21
tavoittelee	t ɑ ʋ o i̯ tː e l eː	66
tavu	t ɑ ʋ u	10
tavujärjestys	t ɑ ʋ u j æ r j e s t y s	0
tavuviiva	t ɑ ʋ u ʋ iː ʋ ɑ	1
taylorismi	t e i̯ l o r i s m i	0
te	t e	596
tea	t e ɑ	12
teatteri	t e ɑ tː e r i	189
teatteriala	t e ɑ tː e r i ɑ l ɑ	2
teatteriarvostelu	t e ɑ tː e r i ɑ r ʋ o s t e l u	0
teatterikausi	t e ɑ tː e r i k ɑ u̯ s i	0
teatterilainen	t e ɑ tː e r i l ɑ i̯ n e n	0
teatterimuseo	t e ɑ tː e r i m u s e o	2
teatterineuvos	t e ɑ tː e r i n e u̯ ʋ o s	1
teatterinukke	t e ɑ tː e r i n u kː e	0
teatterirakennus	t e ɑ tː e r i r ɑ k e nː u s	1
teatteriryhmä	t e ɑ tː e r i r y h m æ	5
teatterisali	t e ɑ tː e r i s ɑ l i	1
teatteritekniikka	t e ɑ tː e r i t e k n iː kː ɑ	0
teatteriväki	t e ɑ tː e r i ʋ æ k i	1
teddykarhu	t e d i k ɑ r h u	0
teddykarhu	t e dː y k ɑ r h u	0
tee	t eː	966
tee	t eːˣ	966
teeastia	t eː ɑ s t i ɑ	0
teejuoma	t eː j u o̯ m ɑ	0
teekeitin	t eː k e i̯ t i n	0
teekkari	t eː kː ɑ r i	5
teekkarijäynä	t eː kː ɑ r i j æ y̯ n æ	0
teelaatu	t eː l ɑː t u	0
teelasi	t eː l ɑ s i	1
teelmä	t eː l m æ	1
teelusikka	t eː l u s i kː ɑ	0
teemakartta	t eː m ɑ k ɑ r tː ɑ	2
teemakkara	t eː m ɑ kː ɑ r ɑ	0
teemanäyttely	t eː m ɑ n æ y̯ tː e l y	1
teemapäivä	t eː m ɑ p æ i̯ ʋ æ	11
teemavuosi	t eː m ɑ ʋ u o̯ s i	3
teemme	t eː mː e	616
teemoittaa	t eː m o i̯ tː ɑːˣ	1
teemu	t eː m u	303
teenjuonti	t eː n j u o̯ n t i	0
teenkasvatus	t eː n k ɑ s ʋ ɑ t u s	0
teenkeitin	t eː n k e i̯ t i n	0
teenkeitto	t eː n k e i̯ tː o	0
teennäisesti	t eː nː æ i̯ s e s t iˣ	1
teenviljely	t eː n ʋ i l j e l y	0
teenä	t eː n æ	4
teepöytä	t eː p ø y̯ t æ	0
teeri	t eː r i	12
teerikana	t eː r i k ɑ n ɑ	0
teesekoitus	t eː s e k o i̯ t u s	0
teeseremonia	t eː s e r e m o n i ɑ	1
teesieni	t eː s i e̯ n i	0
teesihti	t eː s i h t i	0
teeskellä	t eː s k e lː æˣ	0
teeskentelemättömästi	t eː s k e n t e l e m æ tː ø m æ s t iˣ	2
teetarjoilu	t eː t ɑ r j o i̯ l u	1
teetarjotin	t eː t ɑ r j o t i n	0
teetupa	t eː t u p ɑ	2
teevesi	t eː ʋ e s i	0
tehdasalue	t e h d ɑ s ɑ l u eˣ	6
tehdasmaisesti	t e h d ɑ s m ɑ i̯ s e s t iˣ	0
tehdassali	t e h d ɑ s s ɑ l i	1
tehdastyö	t e h d ɑ s t y ø̯	0
tehdastyöväki	t e h d ɑ s t y ø̯ ʋ æ k i	0
tehden	t e h d e n	95
tehdessä	t e h d e sː æ	77
tehdä	t e h d æˣ	6885
tehdään	t e h d æː n	4489
tehkää	t e h k æː	59
tehkäämme	t e h k æː mː e	8
tehkö	t e h k øˣ	14
teho	t e h o	267
tehoaine	t e h o ɑ i̯ n eˣ	4
tehoilla	t e h o i̯ lː ɑˣ	4
tehokäyttäjä	t e h o k æ y̯ tː æ j æ	0
tehonkulutus	t e h o n k u l u t u s	4
tehontarve	t e h o n t ɑ r ʋ eˣ	5
tehostaminen	t e h o s t ɑ m i n e n	109
tehoste	t e h o s t eˣ	4
tehostua	t e h o s t u ɑˣ	2
tehottomasti	t e h o tː o m ɑ s t iˣ	7
tehtailla	t e h t ɑ i̯ lː ɑ	55
tehtailla	t e h t ɑ i̯ lː ɑˣ	55
tehtiin	t e h t iː n	1536
tehtäessä	t e h t æ e sː æ	303
tehtäisi	t e h t æ i̯ s i	12
tehtäkö	t e h t æ k øˣ	0
tehtäköön	t e h t æ k øː n	4
tehtämän	t e h t æ m æ n	0
tehtäne	t e h t æ n eˣ	1
tehtäneen	t e h t æ n eː n	4
tehtäväalue	t e h t æ ʋ æ ɑ l u eˣ	10
tehtäväluokka	t e h t æ ʋ æ l u o̯ kː ɑ	0
tehtävänanto	t e h t æ ʋ æ n ɑ n t o	3
tehtävänkuva	t e h t æ ʋ æ n k u ʋ ɑ	4
tehtävänkuvaus	t e h t æ ʋ æ n k u ʋ ɑ u s	0
teidän	t e i̯ d æ n	495
teidänlaisenne	t e i̯ d æ n l ɑ i̯ s e nː e	0
teihin	t e i̯ h i n	52
teija	t e i̯ j ɑ	80
teijo	t e i̯ j o	23
teikata	t e i̯ k ɑ t ɑˣ	0
teiksi	t e i̯ k s i	4
teille	t e i̯ lː eˣ	575
teillä	t e i̯ lː æ	254
teiltä	t e i̯ l t æ	40
teinipeili	t e i̯ n i p e i̯ l i	0
teinipoika	t e i̯ n i p o i̯ k ɑ	1
teinityttö	t e i̯ n i t y tː ø	1
teinä	t e i̯ n æ	5
teipata	t e i̯ p ɑ t ɑˣ	3
teippi	t e i̯ pː i	5
teissä	t e i̯ sː æ	21
teistä	t e i̯ s t æ	131
teititellä	t e i̯ t i t e lː æˣ	5
teittä	t e i̯ tː æ	0
teitä	t e i̯ t æ	437
tekarit	t e k ɑ r i t	0
tekemispäivä	t e k e m i s p æ i̯ ʋ æ	0
tekemissä	t e k e m i sː æ	17
tekemäisillään	t e k e m æ i̯ s i lː æː n	0
tekemän	t e k e m æ n	348
tekemässä	t e k e m æ sː æ	251
tekemästä	t e k e m æ s t æ	126
tekemättä	t e k e m æ tː æ	199
tekijä	t e k i j æ	722
tekijäavaruus	t e k i j æ ɑ ʋ ɑ r uː s	0
tekijänoikeudeton	t e k i j æ n o i̯ k e u d e t o n	0
tekijärengas	t e k i j æ r e ŋː ɑ s	0
tekijäryhmä	t e k i j æ r y h m æ	1
tekijätön	t e k i j æ t ø n	0
tekisi	t e k i s i	166
tekla	t e k l ɑ	22
tekniikka	t e k n iː kː ɑ	421
tekniikkalaji	t e k n iː kː ɑ l ɑ j i	0
tekniikkalukio	t e k n iː kː ɑ l u k i o	0
teknistyä	t e k n i s t y æˣ	0
teknistää	t e k n i s t æːˣ	1
teknobileet	t e k n o b i l eː t	0
teknologi	t e k n o l o ɡ i	0
teko	t e k o	364
tekoaine	t e k o ɑ i̯ n eˣ	0
tekohilpeä	t e k o h i l p e æ	0
tekoitku	t e k o i t k u	0
tekokukka	t e k o k u kː ɑ	0
tekokynsi	t e k o k y n s i	0
tekonahka	t e k o n ɑ h k ɑ	0
tekonauru	t e k o n ɑ u̯ r u	0
tekopaikka	t e k o p ɑ i̯ kː ɑ	2
tekopalkka	t e k o p ɑ l kː ɑ	0
tekoparta	t e k o p ɑ r t ɑ	0
tekopyhyys	t e k o p y h yː s	1
tekopyhä	t e k o p y h æ	2
tekoripset	t e k o r i p s e t	0
tekosuoli	t e k o s u o̯ l i	0
tekosydän	t e k o s y d æ n	0
tekotapa	t e k o t ɑ p ɑ	11
tekoturkis	t e k o t u r k i s	0
tekoäly	t e k o æ l y	9
teksaspulla	t e k s ɑ s p u lː ɑ	0
tekstaaja	t e k s t ɑː j ɑ	0
teksti	t e k s t i	686
tekstiarkisto	t e k s t i ɑ r k i s t o	0
tekstiasu	t e k s t i ɑ s u	0
tekstiiliala	t e k s t iː l i ɑ l ɑ	2
tekstiilikeramiikka	t e k s t iː l i k e r ɑ m iː kː ɑ	0
tekstiilikone	t e k s t iː l i k o n eˣ	0
tekstiilimateriaali	t e k s t iː l i m ɑ t e r i ɑː l i	0
tekstiiliopettaja	t e k s t iː l i o p e tː ɑ j ɑ	0
tekstiilisuunnittelu	t e k s t iː l i s uː nː i tː e l u	0
tekstiilitaide	t e k s t iː l i t ɑ i̯ d eˣ	4
tekstiilitaiteilija	t e k s t iː l i t ɑ i̯ t e i̯ l i j ɑ	13
tekstiiliteollisuus	t e k s t iː l i t e o lː i s uː s	6
tekstiilityö	t e k s t iː l i t y ø̯	21
tekstijulkaisu	t e k s t i j u l k ɑ i̯ s u	0
tekstikenttä	t e k s t i k e n tː æ	7
tekstikohta	t e k s t i k o h t ɑ	0
tekstikriittinen	t e k s t i k r iː tː i n e n	0
tekstikritiikki	t e k s t i k r i t iː kː i	0
tekstiladelma	t e k s t i l ɑ d e l m ɑ	0
tekstilaji	t e k s t i l ɑ j i	0
tekstilingvistiikka	t e k s t i l i ŋ ʋ i s t iː kː ɑ	0
tekstimainonta	t e k s t i m ɑ i̯ n o n t ɑ	0
tekstinkatkelma	t e k s t i n k ɑ t k e l m ɑ	0
tekstinkäsittelijä	t e k s t i n k æ s i tː e l i j æ	1
tekstinkäsittelyjärjestelmä	t e k s t i n k æ s i tː e l y j æ r j e s t e l m æ	1
tekstinlukulaite	t e k s t i n l u k u l ɑ i̯ t eˣ	0
tekstinsiirto	t e k s t i n s iː r t o	0
tekstintunnistus	t e k s t i n t u nː i s t u s	0
tekstinvalmistus	t e k s t i n ʋ ɑ l m i s t u s	0
tekstipuhelin	t e k s t i p u h e l i n	2
tekstiseikkailu	t e k s t i s e i̯ kː ɑ i̯ l u	0
tekstisuunnittelija	t e k s t i s uː nː i tː e l i j ɑ	0
tekstitietokanta	t e k s t i t i e̯ t o k ɑ n t ɑ	1
tekstitoimittaja	t e k s t i t o i̯ m i tː ɑ j ɑ	0
tekstitraditio	t e k s t i t r ɑ d i t i o	0
tekstityyppi	t e k s t i t yː pː i	2
tekstiversio	t e k s t i ʋ e r s i o	4
tekstiviesti	t e k s t i ʋ i e̯ s t i	25
tekstiviestitse	t e k s t i ʋ i e̯ s t i t s eˣ	0
tekstiyhteys	t e k s t i y h t e y s	1
tekstuaalitiede	t e k s t u ɑː l i t i e̯ d eˣ	0
tekstualisaatio	t e k s t u ɑ l i s ɑː t i o	0
tekstuura	t e k s t uː r ɑ	0
tekstuurikartta	t e k s t uː r i k ɑ r tː ɑ	0
tela	t e l ɑ	8
telaketju	t e l ɑ k e t j u	0
telalavetti	t e l ɑ l ɑ ʋ e tː i	0
telamiina	t e l ɑ m iː n ɑ	0
telapuu	t e l ɑ p uː	0
telapyörä	t e l ɑ p y ø̯ r æ	0
telatie	t e l ɑ t i e̯	0
telatraktori	t e l ɑ t r ɑ k t o r i	0
telavaunu	t e l ɑ ʋ ɑ u̯ n u	0
teleinsinööri	t e l e i n s i n øː r i	0
teleksi	t e l e k s i	0
telelääketiede	t e l e l æː k eˣ t i e̯ d eˣ	6
telemaattinen	t e l e m ɑː tː i n e n	2
teleonomia	t e l e o n o m i ɑ	0
teleskooppisesti	t e l e s k oː pː i s e s t iˣ	1
televisiokamera	t e l e ʋ i s i o k ɑ m e r ɑ	1
televisiotekniikka	t e l e ʋ i s i o t e k n iː kː ɑ	0
televisiotähti	t e l e ʋ i s i o t æ h t i	0
televisiouutiset	t e l e ʋ i s i o uː t i s e t	2
teline	t e l i n eˣ	23
teljo	t e l j o	0
tellervo	t e lː e r ʋ o	26
telluridi	t e lː u r i d i	0
telmätä	t e l m æ t æˣ	0
teloituspaikka	t e l o i̯ t u s p ɑ i̯ kː ɑ	0
teloituttaa	t e l o i̯ t u tː ɑːˣ	0
telomeraasi	t e l o m e r ɑː s i	1
telso	t e l s o	0
telttakatto	t e l tː ɑ k ɑ tː o	0
telttatuoli	t e l tː ɑ t u o̯ l i	0
temmata	t e mː ɑ t ɑˣ	5
temmirauta	t e mː i r ɑ u̯ t ɑ	0
tempaantua	t e m p ɑː n t u ɑˣ	0
tempautua	t e m p ɑ u t u ɑˣ	1
temperamaalaus	t e m p e r ɑ m ɑː l ɑ u s	0
temperamentti	t e m p e r ɑ m e n tː i	7
temperamentti	t e m pː e r ɑ m e n tː i	7
temperointi	t e m p e r o i̯ n t i	0
tempervalurauta	t e m p e r ʋ ɑ l u r ɑ u̯ t ɑ	0
tempo	t e m p o	48
tempoi	t e m p o i̯	2
tempoilla	t e m p o i̯ lː ɑˣ	0
temporaali	t e m p o r ɑː l i	0
temporaalilogiikka	t e m p o r ɑː l i l o ɡ iː kː ɑ	0
temporaalirakenne	t e m p o r ɑː l i r ɑ k e nː eˣ	0
temppu	t e m pː u	26
tenalji	t e n ɑ l j i	2
tengu	t e ŋː u	0
tenho	t e n h o	26
tennessee	t e n e sː iː	3
tenniksenopettaja	t e nː i k s e n o p e tː ɑ j ɑ	0
tennis	t e nː i s	16
tennispaita	t e nː i s p ɑ i̯ t ɑ	0
tenojoki	t e n o j o k i	1
tenori	t e n o r i	5
tenoriavain	t e n o r i ɑ ʋ ɑ i̯ n	0
tenorisaksofoni	t e n o r i s ɑ k s o f o n i	3
tentata	t e n t ɑ t ɑˣ	4
tenttikausi	t e n tː i k ɑ u̯ s i	1
tenä	t e n æ	0
tenätä	t e n æ t æˣ	0
teollisesti	t e o lː i s e s t iˣ	47
teollisoikeus	t e o lː i s o i̯ k e u s	0
teollisuudenala	t e o lː i s uː d e n ɑ l ɑ	9
teollisuusammatti	t e o lː i s uː s ɑ mː ɑ tː i	0
teollisuusilmasto	t e o lː i s uː s i l m ɑ s t o	0
teollisuusimuri	t e o lː i s uː s i m u r i	0
teollisuusjäte	t e o lː i s uː s j æ t eˣ	1
teollisuuskeskus	t e o lː i s uː s k e s k u s	2
teollisuuskohde	t e o lː i s uː s k o h d eˣ	0
teollisuuskylä	t e o lː i s uː s k y l æ	12
teollisuusneuvos	t e o lː i s uː s n e u̯ ʋ o s	10
teollisuusperinne	t e o lː i s uː s p e r i nː eˣ	1
teollisuusperintö	t e o lː i s uː s p e r i n t ø	0
teollisuusrakennus	t e o lː i s uː s r ɑ k e nː u s	7
teollisuustuotanto	t e o lː i s uː s t u o̯ t ɑ n t o	23
teollisuustyö	t e o lː i s uː s t y ø̯	2
teollisuustyöpaikka	t e o lː i s uː s t y ø̯ p ɑ i̯ kː ɑ	0
teollisuustyöväestö	t e o lː i s uː s t y ø̯ ʋ æ e s t ø	0
teollisuustyöväki	t e o lː i s uː s t y ø̯ ʋ æ k i	0
teollisuusvyöhyke	t e o lː i s uː s ʋ y ø̯ h y k eˣ	0
teollisuusyhteiskunta	t e o lː i s uː s y h t e i̯ s k u n t ɑ	2
teollisuusympäristö	t e o lː i s uː s y m p æ r i s t ø	1
teonlaatu	t e o n l ɑː t u	0
teonnimi	t e o n n i m i	0
teorbi	t e o r b i	0
teorbisti	t e o r b i s t i	0
teoreettisesti	t e o r eː tː i s e s t iˣ	48
teoria	t e o r i ɑ	194
teos	t e o s	563
teosluettelo	t e o s l u e tː e l o	1
teosofi	t e o s o f i	3
teppo	t e pː o	63
tepsutella	t e p s u t e lː ɑˣ	0
tepä	t e p æ	0
terabitti	t e r ɑ b i tː i	0
terahertsi	t e r ɑ h e r t s i	0
terajoule	t e r ɑ j o u̯ l e	0
terapiaryhmä	t e r ɑ p i ɑ r y h m æ	1
tereftalaatti	t e r e f t ɑ l ɑː tː i	0
terhennellä	t e r h e nː e lː æˣ	0
terhi	t e r h i	109
terhikki	t e r h i kː i	1
terho	t e r h o	66
terittää	t e r i tː æːˣ	0
teriö	t e r i ø	0
termiinimarkkinat	t e r m iː n i m ɑ r kː i n ɑ t	0
termiinisopimus	t e r m iː n i s o p i m u s	0
termiitti	t e r m iː tː i	0
termikokoelma	t e r m i k o k o e l m ɑ	0
terminaali	t e r m i n ɑː l i	20
termofiili	t e r m o f iː l i	0
termofiilinen	t e r m o f iː l i n e n	0
termohaliini	t e r m o h ɑ l iː n i	0
termohaliinikierto	t e r m o h ɑ l iː n i k i e̯ r t o	0
termoluminesenssiajoitus	t e r m o l u m i n e s e n sː i ɑ j o i̯ t u s	0
termos	t e r m o s	1
tero	t e r o	283
teroitin	t e r o i̯ t i n	3
teroittaa	t e r o i̯ tː ɑːˣ	13
teroittua	t e r o i̯ tː u ɑˣ	0
teroituskulma	t e r o i̯ t u s k u l m ɑ	0
teroituspuikko	t e r o i̯ t u s p u i̯ kː o	0
teroitusväline	t e r o i̯ t u s ʋ æ l i n eˣ	0
terrestrinen	t e rː e s t r i n e n	0
terrieri	t e rː i e r i	5
terriini	t e rː iː n i	0
terse	t e r s eˣ	0
tertiaarirakenne	t e r t i ɑː r i r ɑ k e nː eˣ	0
tertsetti	t e r t s e tː i	0
terttu	t e r tː u	138
terva	t e r ʋ ɑ	21
tervaaminen	t e r ʋ ɑː m i n e n	0
tervahöyry	t e r ʋ ɑ h ø y̯ r y	0
tervakauppa	t e r ʋ ɑ k ɑ u̯ pː ɑ	2
tervanpoltto	t e r ʋ ɑ n p o l tː o	12
tervapata	t e r ʋ ɑ p ɑ t ɑ	0
tervapeippo	t e r ʋ ɑ p e i̯ pː o	0
tervapääsky	t e r ʋ ɑ p æː s k y	2
tervas	t e r ʋ ɑ s	1
tervasaippua	t e r ʋ ɑ s ɑ i̯ pː u ɑ	0
tervaskanto	t e r ʋ ɑ s k ɑ n t o	5
tervasoihtu	t e r ʋ ɑ s o i̯ h t u	0
tervata	t e r ʋ ɑ t ɑˣ	2
tervatynnyri	t e r ʋ ɑ t y nː y r i	0
tervavene	t e r ʋ ɑ ʋ e n eˣ	1
terve	t e r ʋ eˣ	278
terveellisesti	t e r ʋ eː lː i s e s t iˣ	17
terveesti	t e r ʋ eː s t i	12
tervehdyssanat	t e r ʋ e h d y s s ɑ n ɑ t	6
tervehdyttää	t e r ʋ e h d y tː æːˣ	2
tervehtiminen	t e r ʋ e h t i m i n e n	13
tervehtiä	t e r ʋ e h t i æˣ	10
tervehtyä	t e r ʋ e h t y æˣ	4
tervehtää	t e r ʋ e h t æːˣ	0
terveiset	t e r ʋ e i̯ s e t	62
terveisiä	t e r ʋ e i̯ s i æ	77
tervemenoa	t e r ʋ eˣ m e n o ɑ	2
tervetuloa	t e r ʋ eˣ t u l o ɑ	760
terveydenhoitaja	t e r ʋ e y d e n h o i̯ t ɑ j ɑ	147
terveydenhoitoala	t e r ʋ e y d e n h o i̯ t o ɑ l ɑ	1
terveydenhuolto	t e r ʋ e y d e n h u o̯ l t o	122
terveydenhuoltoala	t e r ʋ e y d e n h u o̯ l t o ɑ l ɑ	4
terveydenhuoltoneuvos	t e r ʋ e y d e n h u o̯ l t o n e u̯ ʋ o s	0
terveys	t e r ʋ e y s	352
terveyskasvatustyö	t e r ʋ e y s k ɑ s ʋ ɑ t u s t y ø̯	0
terveyskeskus	t e r ʋ e y s k e s k u s	135
terveyskortti	t e r ʋ e y s k o r tː i	2
terveyslähde	t e r ʋ e y s l æ h d eˣ	1
terveysneuvonta	t e r ʋ e y s n e u̯ ʋ o n t ɑ	4
terveysside	t e r ʋ e y s s i d eˣ	0
terveystarkastaja	t e r ʋ e y s t ɑ r k ɑ s t ɑ j ɑ	39
terveystiede	t e r ʋ e y s t i e̯ d eˣ	0
terveystodistus	t e r ʋ e y s t o d i s t u s	5
terveyttää	t e r ʋ e y tː æːˣ	0
tervo	t e r ʋ o	55
tervola	t e r ʋ o l ɑ	5
tervolainen	t e r ʋ o l ɑ i̯ n e n	0
tervolalainen	t e r ʋ o l ɑ l ɑ i̯ n e n	1
terä	t e r æ	43
teräksenkova	t e r æ k s e n k o ʋ ɑ	1
teräs	t e r æ s	72
teräsbetoni	t e r æ s b e t o n i	2
teräsbetonielementti	t e r æ s b e t o n i e l e m e n tː i	0
teräsharja	t e r æ s h ɑ r j ɑ	0
teräshiekka	t e r æ s h i e̯ kː ɑ	0
teräskulho	t e r æ s k u l h o	0
teräslanka	t e r æ s l ɑ ŋ k ɑ	3
teräsmies	t e r æ s m i e̯ s	6
teräsmieskisa	t e r æ s m i e̯ s k i s ɑ	1
teräspiirros	t e r æ s p iː rː o s	0
terästyä	t e r æ s t y æˣ	0
terästäytyä	t e r æ s t æ y t y æˣ	0
terästää	t e r æ s t æːˣ	4
teräsävel	t e r æ s æ ʋ e l	0
terävyys	t e r æ ʋ yː s	14
terävyysalue	t e r æ ʋ yː s ɑ l u eˣ	1
terävä	t e r æ ʋ æ	57
teräväjärkisesti	t e r æ ʋ æ j æ r k i s e s t iˣ	0
teräväkatseisesti	t e r æ ʋ æ k ɑ t s e i̯ s e s t iˣ	0
teräväkielisesti	t e r æ ʋ æ k i e̯ l i s e s t iˣ	0
terävänäköisesti	t e r æ ʋ æ n æ k ø i̯ s e s t iˣ	0
teräväpiirtokuva	t e r æ ʋ æ p iː r t o k u ʋ ɑ	0
teräväsanaisesti	t e r æ ʋ æ s ɑ n ɑ i̯ s e s t iˣ	0
terävästi	t e r æ ʋ æ s t iˣ	41
terävöittää	t e r æ ʋ ø i̯ tː æːˣ	9
terävöityä	t e r æ ʋ ø i̯ t y æˣ	1
testailla	t e s t ɑ i̯ lː ɑˣ	4
testata	t e s t ɑ t ɑˣ	181
testattavuus	t e s t ɑ tː ɑ ʋ uː s	3
testauslähtöinen	t e s t ɑ u s l æ h t ø i̯ n e n	0
tet	t e t	5
tetanus	t e t ɑ n u s	0
tetraatio	t e t r ɑː t i o	0
tetragoninen	t e t r ɑ ɡ o n i n e n	0
tetrakordi	t e t r ɑ k o r d i	0
tetralogia	t e t r ɑ l o ɡ i ɑ	2
tetraplegia	t e t r ɑ p l e ɡ i ɑ	1
tetrodotoksiini	t e t r o d o t o k s iː n i	0
teuhata	t e u̯ h ɑ t ɑˣ	0
teuraskarja	t e u̯ r ɑ s k ɑ r j ɑ	1
teurassika	t e u̯ r ɑ s s i k ɑ	0
teurastaja	t e u̯ r ɑ s t ɑ j ɑ	1
teurasveri	t e u̯ r ɑ s ʋ e r i	0
teuva	t e u̯ ʋ ɑ	10
teuvalainen	t e u̯ ʋ ɑ l ɑ i̯ n e n	0
texas	t e k s ɑ s	16
texmexruoka	t e k s m e k s r u o̯ k ɑ	0
thai	t h ɑ i̯	9
thai	t ɑ i̯	9
thaimaa	t ɑ i̯ m ɑː	14
theeta	t eː t ɑ	0
tholeiitti	t h o l e i̯ː tː i	0
tie	t i e̯	695
tiealue	t i e̯ ɑ l u eˣ	5
tiedehallinto	t i e̯ d eˣ h ɑ lː i n t o	0
tiedekirja	t i e̯ d eˣ k i r j ɑ	5
tiedekorkeakoulu	t i e̯ d eˣ k o r k e ɑ k o u̯ l u	3
tiedemaailma	t i e̯ d eˣ m ɑː i l m ɑ	2
tiedemies	t i e̯ d eˣ m i e̯ s	28
tiedeneuvosto	t i e̯ d eˣ n e u̯ ʋ o s t o	1
tiedepoliittinen	t i e̯ d eˣ p o l iː tː i n e n	1
tiedepolitiikka	t i e̯ d eˣ p o l i t iː kː ɑ	4
tiedetoimittaja	t i e̯ d eˣ t o i̯ m i tː ɑ j ɑ	1
tiedeusko	t i e̯ d eˣ u s k o	0
tiedeuskovainen	t i e̯ d eˣ u s k o ʋ ɑ i̯ n e n	0
tiedevastaisuus	t i e̯ d eˣ ʋ ɑ s t ɑ i̯ s uː s	0
tiedeyhteisö	t i e̯ d eˣ y h t e i̯ s ø	16
tiedonala	t i e̯ d o n ɑ l ɑ	4
tiedonantaja	t i e̯ d o n ɑ n t ɑ j ɑ	3
tiedonantoaineisto	t i e̯ d o n ɑ n t o ɑ i̯ n e i̯ s t o	0
tiedonhaku	t i e̯ d o n h ɑ k u	38
tiedonhakujärjestelmä	t i e̯ d o n h ɑ k u j æ r j e s t e l m æ	0
tiedonhalu	t i e̯ d o n h ɑ l u	6
tiedonhaluinen	t i e̯ d o n h ɑ l u i̯ n e n	1
tiedonhankinta	t i e̯ d o n h ɑ ŋ k i n t ɑ	26
tiedonjano	t i e̯ d o n j ɑ n o	2
tiedonjyvänen	t i e̯ d o n j y ʋ æ n e n	0
tiedonkeruu	t i e̯ d o n k e r uː	21
tiedonkulku	t i e̯ d o n k u l k u	42
tiedonlähde	t i e̯ d o n l æ h d eˣ	6
tiedonmuru	t i e̯ d o n m u r u	0
tiedonmurunen	t i e̯ d o n m u r u n e n	0
tiedonnälkä	t i e̯ d o n n æ l k æ	0
tiedonpakkaus	t i e̯ d o n p ɑ kː ɑ u s	0
tiedonpuute	t i e̯ d o n p uː t eˣ	2
tiedonsiirto	t i e̯ d o n s iː r t o	81
tiedonsiirtonopeus	t i e̯ d o n s iː r t o n o p e u s	9
tiedonsosiologi	t i e̯ d o n s o s i o l o ɡ i	0
tiedonsosiologia	t i e̯ d o n s o s i o l o ɡ i ɑ	1
tiedonvälittäjä	t i e̯ d o n ʋ æ l i tː æ j æ	2
tiedonvälitys	t i e̯ d o n ʋ æ l i t y s	41
tiedosto	t i e̯ d o s t o	276
tiedostonsiirto	t i e̯ d o s t o n s iː r t o	2
tiedostua	t i e̯ d o s t u ɑˣ	0
tiedottaja	t i e̯ d o tː ɑ j ɑ	80
tiedottomasti	t i e̯ d o tː o m ɑ s t iˣ	0
tiedotussihteeri	t i e̯ d o t u s s i h t eː r i	20
tiedotusvastaava	t i e̯ d o t u s ʋ ɑ s t ɑː ʋ ɑ	5
tiedustelualus	t i e̯ d u s t e l u ɑ l u s	0
tiedusteluelin	t i e̯ d u s t e l u e l i n	0
tiedustelukone	t i e̯ d u s t e l u k o n eˣ	0
tiedustelulentokone	t i e̯ d u s t e l u l e n t o k o n eˣ	0
tiedustelusatelliitti	t i e̯ d u s t e l u s ɑ t e lː iː tː i	0
tiehoitokunta	t i e̯ h o i̯ t o k u n t ɑ	2
tiehoitomaksu	t i e̯ h o i̯ t o m ɑ k s u	0
tiehyt	t i e̯ h y t	0
tiekartta	t i e̯ k ɑ r tː ɑ	7
tiekilometri	t i e̯ k i l o m e t r i	0
tiekone	t i e̯ k o n eˣ	1
tiekuljetus	t i e̯ k u l j e t u s	0
tiekunta	t i e̯ k u n t ɑ	18
tielinja	t i e̯ l i n j ɑ	7
tielle	t i e̯ lː eˣ	178
tiellä	t i e̯ lː æ	305
tieltä	t i e̯ l t æ	172
tiemaa	t i e̯ m ɑː	0
tiemaisema	t i e̯ m ɑ i̯ s e m ɑ	1
tiemaksu	t i e̯ m ɑ k s u	0
tiemerkintä	t i e̯ m e r k i n t æ	1
tiemestari	t i e̯ m e s t ɑ r i	15
tienailla	t i e̯ n ɑ i̯ lː ɑˣ	0
tienesti	t i e̯ n e s t i	0
tienlaita	t i e̯ n l ɑ i̯ t ɑ	0
tienmutka	t i e̯ n m u t k ɑ	0
tienoo	t i e̯ n oː	2
tienparannus	t i e̯ n p ɑ r ɑ nː u s	0
tienparannustyö	t i e̯ n p ɑ r ɑ nː u s t y ø̯	0
tienpenger	t i e̯ n p e ŋː e r	0
tienpenkka	t i e̯ n p e ŋ kː ɑ	0
tienpinta	t i e̯ n p i n t ɑ	5
tienpito	t i e̯ n p i t o	8
tienpohja	t i e̯ n p o h j ɑ	3
tienpäällyste	t i e̯ n p æː lː y s t eˣ	0
tienrakennustekniikka	t i e̯ n r ɑ k e nː u s t e k n iː kː ɑ	0
tienrakennustyö	t i e̯ n r ɑ k e nː u s t y ø̯	0
tienreuna	t i e̯ n r e u̯ n ɑ	0
tienrunko	t i e̯ n r u ŋ k o	0
tiensivu	t i e̯ n s i ʋ u	0
tienvarsi	t i e̯ n ʋ ɑ r s i	1
tienvarsipommi	t i e̯ n ʋ ɑ r s i p o mː i	0
tienvieri	t i e̯ n ʋ i e̯ r i	1
tienvierusta	t i e̯ n ʋ i e̯ r u s t ɑ	0
tieopaste	t i e̯ o p ɑ s t eˣ	0
tieosa	t i e̯ o s ɑ	3
tieosakas	t i e̯ o s ɑ k ɑ s	4
tieosuus	t i e̯ o s uː s	14
tieosuuskunta	t i e̯ o s uː s k u n t ɑ	0
tiepalvelu	t i e̯ p ɑ l ʋ e l u	4
tiepalveluauto	t i e̯ p ɑ l ʋ e l u ɑ u t o	0
tiepartio	t i e̯ p ɑ r t i o	0
tiepenger	t i e̯ p e ŋː e r	3
tiera	t i e̯ r ɑ	0
tiernapoika	t i e̯ r n ɑ p o i̯ k ɑ	0
ties	t i e̯ s	63
tiestö	t i e̯ s t ø	21
tiesuola	t i e̯ s u o̯ l ɑ	1
tiesääpalvelu	t i e̯ s æː p ɑ l ʋ e l u	0
tieteellistyä	t i e̯ t eː lː i s t y æˣ	0
tieteellistää	t i e̯ t eː lː i s t æːˣ	0
tieteellisyys	t i e̯ t eː lː i s yː s	3
tieteenfilosofia	t i e̯ t eː n f i l o s o f i ɑ	11
tieteenhaara	t i e̯ t eː n h ɑː r ɑ	0
tieteenharjoittaja	t i e̯ t eː n h ɑ r j o i̯ tː ɑ j ɑ	1
tieteenharjoitus	t i e̯ t eː n h ɑ r j o i̯ t u s	0
tieteenhistorioitsija	t i e̯ t eː n h i s t o r i o i̯ t s i j ɑ	2
tieteensosiologi	t i e̯ t eː n s o s i o l o ɡ i	1
tieteensosiologia	t i e̯ t eː n s o s i o l o ɡ i ɑ	1
tieteenteoria	t i e̯ t eː n t e o r i ɑ	1
tieteillä	t i e̯ t e i̯ lː æˣ	0
tieteisfiktio	t i e̯ t e i̯ s f i k t i o	0
tieto	t i e̯ t o	1563
tietoaine	t i e̯ t o ɑ i̯ n eˣ	0
tietoaines	t i e̯ t o ɑ i̯ n e s	5
tietoalkio	t i e̯ t o ɑ l k i o	0
tietoarkisto	t i e̯ t o ɑ r k i s t o	14
tietohuolto	t i e̯ t o h u o̯ l t o	5
tietoimitus	t i e̯ t o i̯ m i t u s	1
tietoinen	t i e̯ t o i̯ n e n	203
tietoisku	t i e̯ t o i s k u	9
tietoisuus	t i e̯ t o i̯ s uː s	132
tietojenkäsittely	t i e̯ t o j e n k æ s i tː e l y	25
tietojenkäsittelyjärjestelmä	t i e̯ t o j e n k æ s i tː e l y j æ r j e s t e l m æ	2
tietojenkäsittelylaite	t i e̯ t o j e n k æ s i tː e l y l ɑ i̯ t eˣ	0
tietojenkäsittelyoppi	t i e̯ t o j e n k æ s i tː e l y o pː i	4
tietojenkäsittelyteoria	t i e̯ t o j e n k æ s i tː e l y t e o r i ɑ	1
tietojenkäsittelytiede	t i e̯ t o j e n k æ s i tː e l y t i e̯ d eˣ	7
tietojohtaminen	t i e̯ t o j o h t ɑ m i n e n	1
tietojärjestelmäarkkitehtuuri	t i e̯ t o j æ r j e s t e l m æ ɑ r kː i t e h t uː r i	0
tietokanava	t i e̯ t o k ɑ n ɑ ʋ ɑ	4
tietokanta	t i e̯ t o k ɑ n t ɑ	171
tietokantahallinnoija	t i e̯ t o k ɑ n t ɑ h ɑ lː i nː o i̯ j ɑ	0
tietokantaohjelma	t i e̯ t o k ɑ n t ɑ o h j e l m ɑ	3
tietokatkos	t i e̯ t o k ɑ t k o s	0
tietokenttä	t i e̯ t o k e n tː æ	1
tietokirja	t i e̯ t o k i r j ɑ	11
tietokirjailija	t i e̯ t o k i r j ɑ i̯ l i j ɑ	8
tietokirjoittaja	t i e̯ t o k i r j o i̯ tː ɑ j ɑ	0
tietokone	t i e̯ t o k o n eˣ	290
tietokoneajo	t i e̯ t o k o n eˣ ɑ j o	0
tietokoneanimaatio	t i e̯ t o k o n eˣ ɑ n i m ɑː t i o	1
tietokoneavusteisesti	t i e̯ t o k o n eˣ ɑ ʋ u s t e i̯ s e s t iˣ	13
tietokonegrafiikka	t i e̯ t o k o n eˣ ɡ r ɑ f iː kː ɑ	5
tietokonehaku	t i e̯ t o k o n eˣ h ɑ k u	0
tietokonekerroskuvaus	t i e̯ t o k o n eˣ k e rː o s k u ʋ ɑ u s	3
tietokonekomponentti	t i e̯ t o k o n eˣ k o m p o n e n tː i	0
tietokonekäsittely	t i e̯ t o k o n eˣ k æ s i tː e l y	0
tietokoneladonta	t i e̯ t o k o n eˣ l ɑ d o n t ɑ	0
tietokonelaukku	t i e̯ t o k o n eˣ l ɑ u̯ kː u	3
tietokonemusiikki	t i e̯ t o k o n eˣ m u s iː kː i	0
tietokoneohjauksinen	t i e̯ t o k o n eˣ o h j ɑ u k s i n e n	0
tietokoneohjaus	t i e̯ t o k o n eˣ o h j ɑ u s	0
tietokoneohjelmisto	t i e̯ t o k o n eˣ o h j e l m i s t o	2
tietokoneohjelmoija	t i e̯ t o k o n eˣ o h j e l m o i̯ j ɑ	0
tietokoneoperaattori	t i e̯ t o k o n eˣ o p e r ɑː tː o r i	0
tietokonepääte	t i e̯ t o k o n eˣ p æː t eˣ	1
tietokonerikollisuus	t i e̯ t o k o n eˣ r i k o lː i s uː s	0
tietokonerikos	t i e̯ t o k o n eˣ r i k o s	0
tietokonesali	t i e̯ t o k o n eˣ s ɑ l i	0
tietokonesimulaatio	t i e̯ t o k o n eˣ s i m u l ɑː t i o	0
tietokonesimulointi	t i e̯ t o k o n eˣ s i m u l o i̯ n t i	0
tietokonetaide	t i e̯ t o k o n eˣ t ɑ i̯ d eˣ	0
tietokoneteknikko	t i e̯ t o k o n eˣ t e k n i kː o	0
tietokonetomografia	t i e̯ t o k o n eˣ t o m o ɡ r ɑ f i ɑ	10
tietokoneverkko	t i e̯ t o k o n eˣ ʋ e r kː o	2
tietokortti	t i e̯ t o k o r tː i	0
tietokuutio	t i e̯ t o k uː t i o	0
tietolevy	t i e̯ t o l e ʋ y	0
tietoliikennejärjestelmä	t i e̯ t o l iː k e nː e j æ r j e s t e l m æ	0
tietoliikennesatelliitti	t i e̯ t o l iː k e nː e s ɑ t e lː iː tː i	0
tietoliikennetekokuu	t i e̯ t o l iː k e nː e t e k o k uː	0
tietomalli	t i e̯ t o m ɑ lː i	2
tietomallinnus	t i e̯ t o m ɑ lː i nː u s	0
tietomurto	t i e̯ t o m u r t o	1
tietomäärä	t i e̯ t o m æː r æ	13
tietopaketti	t i e̯ t o p ɑ k e tː i	74
tietopalvelu	t i e̯ t o p ɑ l ʋ e l u	61
tietopohja	t i e̯ t o p o h j ɑ	10
tietopuolinen	t i e̯ t o p u o̯ l i n e n	18
tietopuolisesti	t i e̯ t o p u o̯ l i s e s t iˣ	0
tietopääoma	t i e̯ t o p æː o m ɑ	2
tietosuoja	t i e̯ t o s u o̯ j ɑ	19
tietosuojaseloste	t i e̯ t o s u o̯ j ɑ s e l o s t eˣ	0
tietosysteemi	t i e̯ t o s y s t eː m i	0
tietotekninen	t i e̯ t o t e k n i n e n	24
tietoteollisuus	t i e̯ t o t e o lː i s uː s	7
tietoteos	t i e̯ t o t e o s	6
tietotuote	t i e̯ t o t u o̯ t eˣ	0
tietotupa	t i e̯ t o t u p ɑ	2
tietoturva	t i e̯ t o t u r ʋ ɑ	60
tietoturvallisuus	t i e̯ t o t u r ʋ ɑ lː i s uː s	13
tietotyyppi	t i e̯ t o t yː pː i	1
tietotyö	t i e̯ t o t y ø̯	5
tietovaranto	t i e̯ t o ʋ ɑ r ɑ n t o	2
tietovarasto	t i e̯ t o ʋ ɑ r ɑ s t o	5
tietoviisaus	t i e̯ t o ʋ iː s ɑ u s	0
tietovisailu	t i e̯ t o ʋ i s ɑ i̯ l u	0
tietovuo	t i e̯ t o ʋ u o̯	0
tietovuokaavio	t i e̯ t o ʋ u o̯ k ɑː ʋ i o	0
tietoväline	t i e̯ t o ʋ æ l i n eˣ	1
tietoyhteiskunta	t i e̯ t o y h t e i̯ s k u n t ɑ	89
tietoyhteys	t i e̯ t o y h t e y s	0
tietsikka	t i e̯ t s i kː ɑ	1
tietty	t i e̯ tː yˣ	305
tietue	t i e̯ t u eˣ	10
tietulli	t i e̯ t u lː i	0
tietymätön	t i e̯ t y m æ t ø n	0
tietäminen	t i e̯ t æ m i n e n	31
tietävästi	t i e̯ t æ ʋ æ s t iˣ	0
tietää	t i e̯ t æːˣ	1632
tieura	t i e̯ u r ɑ	0
tievalaistus	t i e̯ ʋ ɑ l ɑ i̯ s t u s	8
tieverkko	t i e̯ ʋ e r kː o	11
tieyhteys	t i e̯ y h t e y s	38
tiheysfunktio	t i h e y s f u ŋ k t i o	0
tiheysfunktionaaliteoria	t i h e y s f u ŋ k t i o n ɑː l i t e o r i ɑ	0
tiheä	t i h e æ	48
tihistä	t i h i s t æˣ	0
tihruinen	t i h r u i̯ n e n	0
tihutella	t i h u t e lː ɑˣ	0
tihutyö	t i h u t y ø̯	0
tihuuttaa	t i h uː tː ɑːˣ	1
tii	t iː	2
tiia	t iː ɑ	49
tiibet	t iː b e t	1
tiibetinlokki	t iː b e t i n l o kː i	0
tiibetinvesipäästäinen	t iː b e t i n ʋ e s i p æː s t æ i̯ n e n	0
tiikeli	t iː k e l i	1
tiikelipainokone	t iː k e l i p ɑ i̯ n o k o n eˣ	0
tiikeri	t iː k e r i	16
tiikerijäätelö	t iː k e r i j æː t e l ø	0
tiikki	t iː kː i	0
tiilenpoltto	t iː l e n p o l tː o	0
tiilenpää	t iː l e n p æː	0
tiilenvalmistus	t iː l e n ʋ ɑ l m i s t u s	0
tiilenvärinen	t iː l e n ʋ æ r i n e n	0
tiili	t iː l i	21
tiiliarkkitehtuuri	t iː l i ɑ r kː i t e h t uː r i	0
tiilielementti	t iː l i e l e m e n tː i	0
tiiliholvi	t iː l i h o l ʋ i	1
tiilikasarmi	t iː l i k ɑ s ɑ r m i	0
tiilikate	t iː l i k ɑ t eˣ	0
tiilikatto	t iː l i k ɑ tː o	2
tiilikivi	t iː l i k i ʋ i	0
tiilimurska	t iː l i m u r s k ɑ	0
tiilimuuraus	t iː l i m uː r ɑ u s	1
tiilimuuri	t iː l i m uː r i	1
tiilinen	t iː l i n e n	3
tiilipiippu	t iː l i p iː pː u	0
tiiliputki	t iː l i p u t k i	0
tiilirakenne	t iː l i r ɑ k e nː eˣ	0
tiilirakennus	t iː l i r ɑ k e nː u s	4
tiiliruukki	t iː l i r uː kː i	0
tiilitalo	t iː l i t ɑ l o	3
tiiliteollisuus	t iː l i t e o lː i s uː s	0
tiilittää	t iː l i tː æːˣ	0
tiiliuuni	t iː l i uː n i	1
tiiliverhous	t iː l i ʋ e r h o u s	0
tiimalasi	t iː m ɑ l ɑ s i	3
tiina	t iː n ɑ	382
tiine	t iː n eˣ	0
tiinehtiä	t iː n e h t i æˣ	0
tiinehtyä	t iː n e h t y æˣ	0
tiinehtää	t iː n e h t æːˣ	0
tiineyttää	t iː n e y tː æːˣ	0
tiinu	t iː n u	1
tiirata	t iː r ɑ t ɑˣ	1
tiistai	t iː s t ɑ i̯	93
tiistaiaamupäivä	t iː s t ɑ i̯ ɑː m u p æ i̯ ʋ æ	0
tiistaipäivä	t iː s t ɑ i̯ p æ i̯ ʋ æ	0
tiisti	t iː s t i	0
tiitus	t iː t u s	5
tiivis	t iː ʋ i s	255
tiivistelmä	t iː ʋ i s t e l m æ	205
tiivistelmäjulkaisu	t iː ʋ i s t e l m æ j u l k ɑ i̯ s u	0
tiivistäminen	t iː ʋ i s t æ m i n e n	46
tikapuuhermosto	t i k ɑ p uː h e r m o s t o	0
tikapuut	t i k ɑ p uː t	0
tikas	t i k ɑ s	1
tikka	t i kː ɑ	43
tikkanen	t i kː ɑ n e n	76
tikkipeli	t i kː i p e l i	0
tikkitakki	t i kː i t ɑ kː i	0
tikku	t i kː u	12
tikkunekku	t i kː u n e kː u	0
tikkusuora	t i kː u s u o̯ r ɑ	0
tikkutiistai	t i kː u t iː s t ɑ i̯	0
tiku	t i k u	2
tila	t i l ɑ	880
tilaaminen	t i l ɑː m i n e n	54
tilaelementti	t i l ɑ e l e m e n tː i	0
tilaetu	t i l ɑ e t u	0
tilakaavio	t i l ɑ k ɑː ʋ i o	4
tilamuutos	t i l ɑ m uː t o s	0
tilanne	t i l ɑ nː e	1801
tilanne	t i l ɑ nː eˣ	1801
tilannekuva	t i l ɑ nː eˣ k u ʋ ɑ	3
tilannevedos	t i l ɑ nː e ʋ e d o s	0
tilanpito	t i l ɑ n p i t o	0
tilantuntu	t i l ɑ n t u n t u	1
tilapalkki	t i l ɑ p ɑ l kː i	0
tilapäinen	t i l ɑ p æ i̯ n e n	91
tilapäisasunto	t i l ɑ p æ i̯ s ɑ s u n t o	0
tilapäismajoitus	t i l ɑ p æ i̯ s m ɑ j o i̯ t u s	0
tilapäisnäyttely	t i l ɑ p æ i̯ s n æ y̯ tː e l y	0
tilapäistyö	t i l ɑ p æ i̯ s t y ø̯	1
tilarivi	t i l ɑ r i ʋ i	1
tilasiirtymä	t i l ɑ s iː r t y m æ	0
tilasiirtymäkaavio	t i l ɑ s iː r t y m æ k ɑː ʋ i o	0
tilasto	t i l ɑ s t o	58
tilastoaineisto	t i l ɑ s t o ɑ i̯ n e i̯ s t o	2
tilastoija	t i l ɑ s t o i̯ j ɑ	0
tilastollisesti	t i l ɑ s t o lː i s e s t iˣ	89
tilastotiede	t i l ɑ s t o t i e̯ d eˣ	24
tilastotieto	t i l ɑ s t o t i e̯ t o	3
tilastovuosi	t i l ɑ s t o ʋ u o̯ s i	1
tilastoyksikkö	t i l ɑ s t o y k s i kː ø	3
tilataide	t i l ɑ t ɑ i̯ d eˣ	2
tilatankki	t i l ɑ t ɑ ŋ kː i	1
tilausjakso	t i l ɑ u s j ɑ k s o	1
tilauskausi	t i l ɑ u s k ɑ u̯ s i	0
tilausnumero	t i l ɑ u s n u m e r o	13
tilaustutkimus	t i l ɑ u s t u t k i m u s	1
tilaustyö	t i l ɑ u s t y ø̯	6
tilavektori	t i l ɑ ʋ e k t o r i	0
tilaviini	t i l ɑ ʋ iː n i	1
tilavuus	t i l ɑ ʋ uː s	84
tilavuusprosentti	t i l ɑ ʋ uː s p r o s e n tː i	0
tilavuusprosenttinen	t i l ɑ ʋ uː s p r o s e n tː i n e n	0
tilavuusvirta	t i l ɑ ʋ uː s ʋ i r t ɑ	3
tilda	t i l d ɑ	8
tilde	t i l d e	2
tili	t i l i	62
tiliasiakas	t i l i ɑ s i ɑ k ɑ s	2
tilillepanokortti	t i l i lː eˣ p ɑ n o k o r tː i	1
tilinpito	t i l i n p i t o	5
tilintarkastuskertomus	t i l i n t ɑ r k ɑ s t u s k e r t o m u s	37
tilintarkastuslausunto	t i l i n t ɑ r k ɑ s t u s l ɑ u̯ s u n t o	0
tilintarkastusyhteisö	t i l i n t ɑ r k ɑ s t u s y h t e i̯ s ø	8
tilipäivä	t i l i p æ i̯ ʋ æ	2
tilitys	t i l i t y s	19
tilivelvollinen	t i l i ʋ e l ʋ o lː i n e n	5
tilkerauta	t i l k e r ɑ u̯ t ɑ	0
tilkka	t i l kː ɑ	11
tilkkuryijy	t i l kː u r y i̯ j y	0
tilkkutyö	t i l kː u t y ø̯	6
tilli	t i lː i	29
tilliliha	t i lː i l i h ɑ	1
tillittää	t i lː i tː æːˣ	0
tilpehööri	t i l p e h øː r i	0
tilsa	t i l s ɑ	1
tiltaltti	t i l t ɑ l tː i	4
tiltata	t i l t ɑ t ɑˣ	0
tilustie	t i l u s t i e̯	1
tiluttaa	t i l u tː ɑːˣ	1
timantinkiilto	t i m ɑ n t i n k iː l t o	0
timantinkova	t i m ɑ n t i n k o ʋ ɑ	0
timantti	t i m ɑ n tː i	14
timanttikaivos	t i m ɑ n tː i k ɑ i̯ ʋ o s	0
timanttikiilto	t i m ɑ n tː i k iː l t o	0
timanttilaikka	t i m ɑ n tː i l ɑ i̯ kː ɑ	0
timanttipora	t i m ɑ n tː i p o r ɑ	0
timanttisaha	t i m ɑ n tː i s ɑ h ɑ	0
timanttiterä	t i m ɑ n tː i t e r æ	0
timjami	t i m j ɑ m i	6
timo	t i m o	1471
timonen	t i m o n e n	53
timppi	t i m pː i	0
tina	t i n ɑ	15
tinaesiintymä	t i n ɑ e s iː n t y m æ	0
tinaharkko	t i n ɑ h ɑ r kː o	0
tinainen	t i n ɑ i̯ n e n	0
tinajuote	t i n ɑ j u o̯ t eˣ	0
tinajuotos	t i n ɑ j u o̯ t o s	0
tinajäkälä	t i n ɑ j æ k æ l æ	0
tinakauha	t i n ɑ k ɑ u̯ h ɑ	0
tinalasite	t i n ɑ l ɑ s i t eˣ	0
tinalasitus	t i n ɑ l ɑ s i t u s	0
tinalautanen	t i n ɑ l ɑ u̯ t ɑ n e n	0
tinanappi	t i n ɑ n ɑ pː i	0
tinanvalu	t i n ɑ n ʋ ɑ l u	0
tinapaperi	t i n ɑ p ɑ p e r i	0
tinarutto	t i n ɑ r u tː o	0
tinaseos	t i n ɑ s e o s	0
tinatuoppi	t i n ɑ t u o̯ pː i	1
tinatyö	t i n ɑ t y ø̯	0
tinaus	t i n ɑ u s	2
tinavyö	t i n ɑ ʋ y ø̯	0
tinayhdiste	t i n ɑ y h d i s t eˣ	0
tingata	t i ŋː ɑ t ɑˣ	0
tinkiminen	t i ŋ k i m i n e n	3
tinkimättömästi	t i ŋ k i m æ tː ø m æ s t iˣ	2
tinkiä	t i ŋ k i æˣ	37
tintata	t i n t ɑ t ɑˣ	0
tipaton	t i p ɑ t o n	1
tippa	t i pː ɑ	13
tippaakaan	t i pː ɑː k ɑː n	17
tippalukko	t i pː ɑ l u kː o	0
tippapullo	t i pː ɑ p u lː o	0
tippukiviluola	t i pː u k i ʋ i l u o̯ l ɑ	0
tippuminen	t i pː u m i n e n	2
tippuri	t i pː u r i	5
tippuu	t i pː uː	15
tipula	t i p u l ɑ	0
tirahdella	t i r ɑ h d e lː ɑˣ	0
tirahtaa	t i r ɑ h t ɑːˣ	1
tiramisu	t i r ɑ m i s u	1
tirauttaa	t i r ɑ u tː ɑːˣ	0
tirehtööri	t i r e h t øː r i	3
tiristää	t i r i s t æːˣ	0
tirkistää	t i r k i s t æːˣ	0
tirripaisti	t i rː i p ɑ i̯ s t i	0
tirskahdella	t i r s k ɑ h d e lː ɑˣ	0
tirskahtaa	t i r s k ɑ h t ɑːˣ	1
tirskauttaa	t i r s k ɑ u tː ɑːˣ	0
tirskutella	t i r s k u t e lː ɑˣ	0
tirskuttaa	t i r s k u tː ɑːˣ	0
tirsua	t i r s u ɑˣ	0
tiskaaja	t i s k ɑː j ɑ	0
tiskiharja	t i s k i h ɑ r j ɑ	0
tislaantua	t i s l ɑː n t u ɑˣ	0
tislaus	t i s l ɑ u s	1
tislauskolonni	t i s l ɑ u s k o l o nː i	0
tislautua	t i s l ɑ u t u ɑˣ	0
tissivako	t i sː i ʋ ɑ k o	0
titaani	t i t ɑː n i	7
titrata	t i t r ɑ t ɑˣ	0
titraus	t i t r ɑ u s	0
titta	t i tː ɑ	14
tituleerata	t i t u l eː r ɑ t ɑˣ	1
tiu	t i u̯	0
tiuhentua	t i u̯ h e n t u ɑˣ	0
tiuhta	t i u̯ h t ɑ	0
tiukata	t i u̯ k ɑ t ɑˣ	1
tiukka	t i u̯ kː ɑ	154
tiukkapipo	t i u̯ kː ɑ p i p o	0
tiukkapipoisesti	t i u̯ kː ɑ p i p o i̯ s e s t iˣ	2
tiukkeneminen	t i u̯ kː e n e m i n e n	2
tiukkua	t i u̯ kː u ɑˣ	0
tiukkuus	t i u̯ kː uː s	9
tiuku	t i u̯ k u	2
tivaaminen	t i ʋ ɑː m i n e n	0
tivata	t i ʋ ɑ t ɑˣ	5
tivoli	t i ʋ o l i	8
to	t o	529
todellinen	t o d e lː i n e n	707
todellisesti	t o d e lː i s e s t iˣ	8
todellistaa	t o d e lː i s t ɑːˣ	1
todellistua	t o d e lː i s t u ɑˣ	1
todellisuuspohjainen	t o d e lː i s uː s p o h j ɑ i̯ n e n	0
toden	t o d e n	86
todenne	t o d e nː eˣ	0
todennäköinen	t o d e n n æ k ø i̯ n e n	44
todennäköisyyskenttä	t o d e n n æ k ø i̯ s yː s k e n tː æ	0
todennäköisyysteoria	t o d e n n æ k ø i̯ s yː s t e o r i ɑ	0
todentaminen	t o d e n t ɑ m i n e n	9
todesti	t o d e s t iˣ	0
todeta	t o d e t ɑˣ	797
todistaa	t o d i s t ɑː	209
todistaa	t o d i s t ɑːˣ	209
todistajanlausunto	t o d i s t ɑ j ɑ n l ɑ u̯ s u n t o	0
todistaminen	t o d i s t ɑ m i n e n	13
todiste	t o d i s t eˣ	44
todisteellisesti	t o d i s t eː lː i s e s t iˣ	15
todistella	t o d i s t e lː ɑˣ	6
todistusarvo	t o d i s t u s ɑ r ʋ o	1
todistusteoria	t o d i s t u s t e o r i ɑ	0
todistuttaa	t o d i s t u tː ɑːˣ	0
toe	t o eˣ	0
toeta	t o e t ɑˣ	0
toffee	t o fː eː	3
tofu	t o f u	3
tofujäätelö	t o f u j æː t e l ø	0
tohmajärveläinen	t o h m ɑ j æ r ʋ e l æ i̯ n e n	1
tohmajärvi	t o h m ɑ j æ r ʋ i	2
toholampi	t o h o l ɑ m p i	4
toholampilainen	t o h o l ɑ m p i l ɑ i̯ n e n	0
tohtia	t o h t i ɑˣ	0
tohtori	t o h t o r i	328
tohtorinarvo	t o h t o r i n ɑ r ʋ o	2
tohtorinhattu	t o h t o r i n h ɑ tː u	1
tohveli	t o h ʋ e l i	1
tohvelieläin	t o h ʋ e l i e l æ i̯ n	0
toi	t o i̯	706
toilailla	t o i̯ l ɑ i̯ lː ɑˣ	0
toilettilaukku	t o i̯ l e tː i l ɑ u̯ kː u	0
toimeenpanna	t o i̯ m eː n p ɑ nː ɑˣ	17
toimeenpanoelin	t o i̯ m eː n p ɑ n o e l i n	1
toimeentuloturva	t o i̯ m eː n t u l o t u r ʋ ɑ	12
toimekkaasti	t o i̯ m e kː ɑː s t iˣ	0
toimeksiantaja	t o i̯ m e k s i ɑ n t ɑ j ɑ	18
toimeliaasti	t o i̯ m e l i ɑː s t iˣ	2
toimenpide	t o i̯ m e n p i d eˣ	225
toimenpidekielto	t o i̯ m e n p i d eˣ k i e̯ l t o	4
toimenpidelupa	t o i̯ m e n p i d eˣ l u p ɑ	6
toimesta	t o i̯ m e s t ɑ	821
toimi	t o i̯ m i	2022
toimi	t o i̯ m iˣ	2022
toimia	t o i̯ m i ɑ	2054
toimia	t o i̯ m i ɑˣ	2054
toimialayksikkö	t o i̯ m i ɑ l ɑ y k s i kː ø	1
toimialue	t o i̯ m i ɑ l u eˣ	24
toimijaverkkoteoria	t o i̯ m i j ɑ ʋ e r kː o t e o r i ɑ	0
toimikortti	t o i̯ m i k o r tː i	1
toimiminen	t o i̯ m i m i n e n	179
toiminta	t o i̯ m i n t ɑ	3018
toimintahäiriö	t o i̯ m i n t ɑ h æ i̯ r i ø	9
toimintakausi	t o i̯ m i n t ɑ k ɑ u̯ s i	16
toimintakertomus	t o i̯ m i n t ɑ k e r t o m u s	143
toimintakulttuuri	t o i̯ m i n t ɑ k u l tː uː r i	11
toimintakykyinen	t o i̯ m i n t ɑ k y k y i̯ n e n	12
toimintaohje	t o i̯ m i n t ɑ o h j eˣ	11
toimintapeli	t o i̯ m i n t ɑ p e l i	0
toimintaseikkailupeli	t o i̯ m i n t ɑ s e i̯ kː ɑ i̯ l u p e l i	0
toimintatieto	t o i̯ m i n t ɑ t i e̯ t o	0
toimintatutkimus	t o i̯ m i n t ɑ t u t k i m u s	6
toimintavaihe	t o i̯ m i n t ɑ ʋ ɑ i̯ h eˣ	1
toimintavarma	t o i̯ m i n t ɑ ʋ ɑ r m ɑ	12
toimintavuosi	t o i̯ m i n t ɑ ʋ u o̯ s i	21
toimintayksikkö	t o i̯ m i n t ɑ y k s i kː ø	13
toimintopiste	t o i̯ m i n t o p i s t eˣ	0
toimintoprofiili	t o i̯ m i n t o p r o f iː l i	0
toimistokaluste	t o i̯ m i s t o k ɑ l u s t eˣ	0
toimistosali	t o i̯ m i s t o s ɑ l i	0
toimitella	t o i̯ m i t e lː ɑˣ	1
toimittaa	t o i̯ m i tː ɑː	1178
toimittaa	t o i̯ m i tː ɑːˣ	1178
toimittaja	t o i̯ m i tː ɑ j ɑ	443
toimittajakunta	t o i̯ m i tː ɑ j ɑ k u n t ɑ	0
toimittaminen	t o i̯ m i tː ɑ m i n e n	85
toimituksellinen	t o i̯ m i t u k s e lː i n e n	9
toimitus	t o i̯ m i t u s	209
toimitusehto	t o i̯ m i t u s e h t o	1
toimituserä	t o i̯ m i t u s e r æ	1
toimitusinsinööri	t o i̯ m i t u s i n s i n øː r i	5
toimituskulut	t o i̯ m i t u s k u l u t	51
toimituskunta	t o i̯ m i t u s k u n t ɑ	25
toimituspäällikkö	t o i̯ m i t u s p æː lː i kː ø	15
toimitussihteeri	t o i̯ m i t u s s i h t eː r i	11
toimitustekniikka	t o i̯ m i t u s t e k n iː kː ɑ	0
toimitustyö	t o i̯ m i t u s t y ø̯	7
toimituttaa	t o i̯ m i t u tː ɑːˣ	0
toimivuosi	t o i̯ m i ʋ u o̯ s i	0
toinen	t o i̯ n e n	4734
toini	t o i̯ n i	24
toipilas	t o i̯ p i l ɑ s	3
toisaalle	t o i̯ s ɑː lː eˣ	14
toisensa	t o i̯ s e n s ɑ	329
toiseuttaminen	t o i̯ s e u tː ɑ m i n e n	0
toisi	t o i̯ s i	98
toisinne	t o i̯ s i nː eˣ	0
toisintaa	t o i̯ s i n t ɑːˣ	2
toisinto	t o i̯ s i n t o	15
toisintokuume	t o i̯ s i n t o k uː m eˣ	0
toisio	t o i̯ s i o	0
toisiotutka	t o i̯ s i o t u t k ɑ	0
toisistaan	t o i̯ s i s t ɑː n	915
toispuolihalvaus	t o i̯ s p u o̯ l i h ɑ l ʋ ɑ u s	0
toista	t o i̯ s t ɑ	927
toista	t o i̯ s t ɑˣ	927
toistaa	t o i̯ s t ɑːˣ	143
toistaminen	t o i̯ s t ɑ m i n e n	10
toiste	t o i̯ s t eˣ	5
toistella	t o i̯ s t e lː ɑˣ	0
toistin	t o i̯ s t i n	6
toistoala	t o i̯ s t o ɑ l ɑ	0
toistoalue	t o i̯ s t o ɑ l u eˣ	0
toistohyökkäys	t o i̯ s t o h y ø̯ kː æ y s	0
toistorakenne	t o i̯ s t o r ɑ k e nː eˣ	1
toistotyö	t o i̯ s t o t y ø̯	1
toistuminen	t o i̯ s t u m i n e n	5
toivakka	t o i̯ ʋ ɑ kː ɑ	11
toivakkalainen	t o i̯ ʋ ɑ kː ɑ l ɑ i̯ n e n	0
toivanen	t o i̯ ʋ ɑ n e n	56
toive	t o i̯ ʋ eˣ	68
toiveammatti	t o i̯ ʋ eˣ ɑ mː ɑ tː i	1
toivo	t o i̯ ʋ o	287
toivoa	t o i̯ ʋ o ɑ	247
toivoa	t o i̯ ʋ o ɑˣ	247
toivonen	t o i̯ ʋ o n e n	84
toivorikas	t o i̯ ʋ o r i k ɑ s	0
toivotella	t o i̯ ʋ o t e lː ɑˣ	1
tokelau	t o k e l ɑ u	0
toki	t o k i	1119
tokio	t o k i o	5
tokiolainen	t o k i o l ɑ i̯ n e n	0
tokka	t o kː ɑ	0
tokko	t o kː o	9
toko	t o k o	3
toksiini	t o k s iː n i	4
toksikologi	t o k s i k o l o ɡ i	0
toksoplasmoosi	t o k s o p l ɑ s m oː s i	2
toleranssialue	t o l e r ɑ n sː i ɑ l u eˣ	1
tolerantisti	t o l e r ɑ n t i s t iˣ	0
toljailla	t o l j ɑ i̯ lː ɑˣ	0
toljatti	t o l j ɑ tː i	0
tolkku	t o l kː u	1
tolkuttaa	t o l k u tː ɑːˣ	0
tolkuttomasti	t o l k u tː o m ɑ s t iˣ	8
tollo	t o lː o	1
tollottaa	t o lː o tː ɑːˣ	0
tolppa	t o l pː ɑ	8
tolppakelkka	t o l pː ɑ k e l kː ɑ	0
tolppasänky	t o l pː ɑ s æ ŋ k y	1
tolstoilainen	t o l s t o i̯ l ɑ i̯ n e n	0
tolvana	t o l ʋ ɑ n ɑ	1
tomaatit	t o m ɑː t i t	24
tomaattimehu	t o m ɑː tː i m e h u	1
tomaattinen	t o m ɑː tː i n e n	0
tomaattipyre	t o m ɑː tː i p y r e	2
tomaattisilakat	t o m ɑː tː i s i l ɑ k ɑ t	0
tomerasti	t o m e r ɑ s t iˣ	3
tomi	t o m i	175
tomismi	t o m i s m i	0
tommi	t o mː i	328
tommoinen	t o mː o i̯ n e n	0
tomu	t o m u	6
tomupilvi	t o m u p i l ʋ i	1
tomusokeri	t o m u s o k e r i	3
tomuttua	t o m u tː u ɑˣ	0
tonaliitti	t o n ɑ l iː tː i	0
tondo	t o n d o	0
toni	t o n i	271
tonkia	t o ŋ k i ɑˣ	2
tonkka	t o ŋ kː ɑ	0
tonnikala	t o nː i k ɑ l ɑ	1
tonnisto	t o nː i s t o	0
tontittaa	t o n t i tː ɑːˣ	0
tonttiarvo	t o n tː i ɑ r ʋ o	0
tonttijako	t o n tː i j ɑ k o	19
tonttuilla	t o n tː u i̯ lː ɑˣ	0
tooga	t oː ɡ ɑ	0
toonika	t oː n i k ɑ	1
toonikumi	t oː n i k u m i	0
tooninen	t oː n i n e n	1
toori	t oː r i	0
topakasti	t o p ɑ k ɑ s t iˣ	3
topata	t o p ɑ t ɑˣ	1
topi	t o p i	49
topias	t o p i ɑ s	6
topografi	t o p o ɡ r ɑ f i	0
topografikartta	t o p o ɡ r ɑ f i k ɑ r tː ɑ	0
topologi	t o p o l o ɡ i	2
topologisesti	t o p o l o ɡ i s e s t iˣ	1
toppa	t o pː ɑ	0
toppahousut	t o pː ɑ h o u̯ s u t	0
toppajalkine	t o pː ɑ j ɑ l k i n eˣ	0
toppatakki	t o pː ɑ t ɑ kː i	2
toppi	t o pː i	4
toppo	t o pː o	1
toppuutella	t o pː uː t e lː ɑˣ	2
toppuuttaa	t o pː uː tː ɑːˣ	0
topseilvellinki	t o p s e i̯ l ʋ e lː i ŋ k i	0
tora	t o r ɑ	1
torainen	t o r ɑ i̯ n e n	0
torakka	t o r ɑ kː ɑ	1
tori	t o r i	70
toriaukio	t o r i ɑ u k i o	1
torihinta	t o r i h i n t ɑ	0
torikammo	t o r i k ɑ mː o	0
torikassi	t o r i k ɑ sː i	0
torikauppa	t o r i k ɑ u̯ pː ɑ	0
torikauppias	t o r i k ɑ u̯ pː i ɑ s	0
torikokous	t o r i k o k o u s	0
torimyynti	t o r i m yː n t i	3
toripäivä	t o r i p æ i̯ ʋ æ	2
toritaide	t o r i t ɑ i̯ d eˣ	0
toritapahtuma	t o r i t ɑ p ɑ h t u m ɑ	3
torjua	t o r j u ɑˣ	112
torjuntamenetelmä	t o r j u n t ɑ m e n e t e l m æ	0
torjuntavoittaja	t o r j u n t ɑ ʋ o i̯ tː ɑ j ɑ	0
torjuntavoitto	t o r j u n t ɑ ʋ o i̯ tː o	1
torjuvasti	t o r j u ʋ ɑ s t iˣ	7
torkahdella	t o r k ɑ h d e lː ɑˣ	0
torkahtaa	t o r k ɑ h t ɑːˣ	1
torkku	t o r kː u	0
torni	t o r n i	57
tornikello	t o r n i k e lː o	2
tornio	t o r n i o	37
torniolainen	t o r n i o l ɑ i̯ n e n	5
tornionjoki	t o r n i o n j o k i	7
tornionlaaksonsuomi	t o r n i o n l ɑː k s o n s u o̯ m i	0
tornipöllö	t o r n i p ø lː ø	1
tornisteri	t o r n i s t e r i	0
toronto	t o r o n t o	1
torpedo	t o r p eː d o	3
torpedoida	t o r p e d o i̯ d ɑˣ	1
torpedoida	t o r p eː d o i̯ d ɑˣ	1
torsio	t o r s i o	0
torstai	t o r s t ɑ i̯	87
torstaiaamupäivä	t o r s t ɑ i̯ ɑː m u p æ i̯ ʋ æ	0
torstaipäivä	t o r s t ɑ i̯ p æ i̯ ʋ æ	2
torsti	t o r s t i	19
tortti	t o r tː i	0
torua	t o r u ɑˣ	0
torut	t o r u t	0
torveilla	t o r ʋ e i̯ lː ɑˣ	0
torvi	t o r ʋ i	6
torvijäkälä	t o r ʋ i j æ k æ l æ	0
torvisieni	t o r ʋ i s i e̯ n i	0
tosa	t o s ɑ	0
tosi	t o s i	598
tosiasia	t o s i ɑ s i ɑ	174
tosikkomaisesti	t o s i kː o m ɑ i̯ s e s t iˣ	3
tosiolot	t o s i o l o t	0
tosissaan	t o s i sː ɑː n	151
tositapahtuma	t o s i t ɑ p ɑ h t u m ɑ	0
tositarkoitus	t o s i t ɑ r k o i̯ t u s	0
tosittaa	t o s i tː ɑːˣ	0
toskanalainen	t o s k ɑ n ɑ l ɑ i̯ n e n	0
tossu	t o sː u	1
totaalikieltäytyminen	t o t ɑː l i k i e̯ l t æ y t y m i n e n	0
totalisaattoriravit	t o t ɑ l i s ɑː tː o r i r ɑ ʋ i t	0
totalitaarisesti	t o t ɑ l i t ɑː r i s e s t iˣ	0
toteemi	t o t eː m i	1
toteennäyttö	t o t eː n n æ y̯ tː ø	0
toteutettavuusselvitys	t o t e u t e tː ɑ ʋ uː s s e l ʋ i t y s	1
toteutua	t o t e u t u ɑˣ	93
totilasi	t o t i l ɑ s i	0
totoravit	t o t o r ɑ ʋ i t	0
totta	t o tː ɑ	509
tottelemattomasti	t o tː e l e m ɑ tː o m ɑ s t iˣ	0
tottelevaisesti	t o tː e l e ʋ ɑ i̯ s e s t iˣ	0
tottua	t o tː u ɑˣ	29
totutella	t o t u t e lː ɑˣ	9
totuudellisesti	t o t uː d e lː i s e s t iˣ	9
totuudenpuhuja	t o t uː d e n p u h u j ɑ	0
totuus	t o t uː s	325
totuusehto	t o t uː s e h t o	1
totuusjakauma	t o t uː s j ɑ k ɑ u m ɑ	0
touchdown	t ɑ t s d ɑ u n	4
touhottaa	t o u̯ h o tː ɑːˣ	0
touhuilla	t o u̯ h u i̯ lː ɑˣ	1
touhukkaasti	t o u̯ h u kː ɑː s t iˣ	1
toukka	t o u̯ kː ɑ	21
touko	t o u̯ k o	19
toukokuu	t o u̯ k o k uː	32
toukopelto	t o u̯ k o p e l t o	0
toukotyöt	t o u̯ k o t y ø̯ t	1
toveri	t o ʋ e r i	14
toverillisesti	t o ʋ e r i lː i s e s t iˣ	1
tovi	t o ʋ i	17
traagisesti	t r ɑː ɡ i s e s t iˣ	3
traakkipuu	t r ɑː kː i p uː	1
traanilamppu	t r ɑː n i l ɑ m pː u	0
traditionaalisesti	t r ɑ d i t i o n ɑː l i s e s t iˣ	1
tragikomiikka	t r ɑ ɡ i k o m iː kː ɑ	0
trahteerata	t r ɑ h t eː r ɑ t ɑˣ	0
trakea	t r ɑ k e ɑ	1
trakeotomia	t r ɑ k e o t o m i ɑ	0
trakooma	t r ɑ k oː m ɑ	0
traktorimönkijä	t r ɑ k t o r i m ø ŋ k i j æ	0
trakyandesiitti	t r ɑ k y ɑ n d e s iː tː i	0
trampata	t r ɑ m p ɑ t ɑˣ	0
transaktinoidi	t r ɑ n s ɑ k t i n o i̯ d i	0
transaktio	t r ɑ n s ɑ k t i o	2
transaldolaasi	t r ɑ n s ɑ l d o l ɑː s i	0
transeerata	t r ɑ n s eː r ɑ t ɑˣ	0
transferaasi	t r ɑ n s f e r ɑː s i	0
transglutaminaasi	t r ɑ n s ɡ l u t ɑ m i n ɑː s i	0
transientti	t r ɑ n s i e n tː i	1
transkendenttiluku	t r ɑ n s k e n d e n tː i l u k u	0
transketolaasi	t r ɑ n s k e t o l ɑː s i	0
transkoodata	t r ɑ n s k oː d ɑ t ɑˣ	0
transkoodaus	t r ɑ n s k oː d ɑ u s	0
transkribointi	t r ɑ n s k r i b o i̯ n t i	0
transkriptomi	t r ɑ n s k r i p t o m i	0
transmissiometri	t r ɑ n s m i sː i o m e t r i	0
transponderi	t r ɑ n s p o n d e r i	2
transrasvahappo	t r ɑ n s r ɑ s ʋ ɑ h ɑ pː o	0
trap	t r æ p	6
trap	t r ɑ p	6
trapetsi	t r ɑ p e t s i	0
trassaatti	t r ɑ sː ɑː tː i	0
trassentti	t r ɑ sː e n tː i	0
traumatologi	t r ɑ u̯ m ɑ t o l o ɡ i	0
traumatologia	t r ɑ u̯ m ɑ t o l o ɡ i ɑ	2
tredesimi	t r e d e s i m i	0
treffata	t r e fː ɑ t ɑˣ	0
trehalaasi	t r e h ɑ l ɑː s i	0
tremolo	t r e m o l o	3
tri	t o h t o r i	102
triakki	t r i ɑ kː i	0
tribadismi	t r i b ɑ d i s m i	0
tribalismi	t r i b ɑ l i s m i	0
tribus	t r i b u s	0
tribus	t r iː b u s	0
tridymiitti	t r i d y m iː tː i	0
trieeri	t r i eː r i	0
trigeminaalinen	t r i ɡ e m i n ɑː l i n e n	0
trigoni	t r i ɡ o n i	0
trigoninen	t r i ɡ o n i n e n	0
trikliininen	t r i k l iː n i n e n	0
trilineaarinen	t r i l i n e ɑː r i n e n	0
trillat	t r i lː ɑ t	0
triodi	t r i o d i	0
trioli	t r i o l i	0
tripodi	t r i p o d i	0
trisomia	t r i s o m i ɑ	0
triteismi	t r i t e i̯ s m i	0
tritium	t r i t i u m	1
trivalentti	t r i ʋ ɑ l e n tː i	0
triviaalistaa	t r i ʋ i ɑː l i s t ɑːˣ	0
triviaalisti	t r i ʋ i ɑː l i s t i	1
triviaalisti	t r i ʋ i ɑː l i s t iˣ	1
trofoblasti	t r o f o b l ɑ s t i	0
troija	t r o i̯ jː ɑ	0
trokantteri	t r o k ɑ n tː e r i	0
trokata	t r o k ɑ t ɑˣ	0
troktoliitti	t r o k t o l iː tː i	0
trollata	t r o lː ɑ t ɑˣ	0
trombiini	t r o m b iː n i	0
tromboksaani	t r o m b o k s ɑː n i	0
tromboosi	t r o m b oː s i	1
trombosytopenia	t r o m b o s y t o p e n i ɑ	4
tromssa	t r o m sː ɑ	1
trondhjemiitti	t r o n d h j e m iː tː i	0
troolikalastus	t r oː l i k ɑ l ɑ s t u s	0
troolivene	t r oː l i ʋ e n eˣ	0
tropismi	t r o p i s m i	0
truismi	t r u i̯ s m i	0
trukki	t r u kː i	4
träkkeri	t r æ kː e r i	0
tsaari	t s ɑː r i	16
tset	t s e t	0
tseta	t s e t ɑ	3
tsiikata	t s iː k ɑ t ɑˣ	0
tsuppari	t s u pː ɑ r i	0
tsyge	t s y ɡ e	0
tsygoteeni	t s y ɡ o t eː n i	0
tsygä	t s y ɡ æ	0
tsymogeeni	t s y m o ɡ eː n i	0
tsätti	s æ tː i	0
tsätti	t s æ tː i	0
tsätti	t ʃ æ tː i	0
tue	t u eˣ	205
tuffiitti	t u fː iː tː i	0
tuhahdella	t u h ɑ h d e lː ɑˣ	0
tuhannes	t u h ɑ nː e s	4
tuhantinen	t u h ɑ n t i n e n	0
tuhat	t u h ɑ t	215
tuhatjalkainen	t u h ɑ t j ɑ l k ɑ i̯ n e n	1
tuhatkertaisesti	t u h ɑ t k e r t ɑ i̯ s e s t iˣ	1
tuhauttaa	t u h ɑ u tː ɑːˣ	0
tuhdisti	t u h d i s t iˣ	2
tuherrella	t u h e rː e lː ɑˣ	0
tuhistaa	t u h i s t ɑːˣ	0
tuhisuttaa	t u h i s u tː ɑːˣ	0
tuhka	t u h k ɑ	38
tuhkainen	t u h k ɑ i̯ n e n	0
tuhkalapio	t u h k ɑ l ɑ p i o	0
tuhkalasite	t u h k ɑ l ɑ s i t eˣ	0
tuhkauttaa	t u h k ɑ u tː ɑːˣ	0
tuhkauurna	t u h k ɑ uː r n ɑ	1
tuhkavarpunen	t u h k ɑ ʋ ɑ r p u n e n	0
tuhkis	t u h k i s	0
tuhkuri	t u h k u r i	0
tuhlaantua	t u h l ɑː n t u ɑˣ	0
tuhlailla	t u h l ɑ i̯ lː ɑˣ	0
tuhlautua	t u h l ɑ u t u ɑˣ	0
tuhma	t u h m ɑ	2
tuho	t u h o	30
tuhohyönteinen	t u h o h y ø̯ n t e i̯ n e n	0
tuhoisasti	t u h o i̯ s ɑ s t iˣ	7
tuholaislaji	t u h o l ɑ i̯ s l ɑ j i	0
tuholaissuojaus	t u h o l ɑ i̯ s s u o̯ j ɑ u s	0
tuhoojasatelliitti	t u h oː j ɑ s ɑ t e lː iː tː i	0
tuhosieni	t u h o s i e̯ n i	0
tuhottomasti	t u h o tː o m ɑ s t iˣ	4
tuhotyö	t u h o t y ø̯	0
tuhraantua	t u h r ɑː n t u ɑˣ	0
tuhrautua	t u h r ɑ u t u ɑˣ	0
tuhriintua	t u h r iː n t u ɑˣ	0
tuhriutua	t u h r i u t u ɑˣ	0
tuhruisesti	t u h r u i̯ s e s t iˣ	0
tuhto	t u h t o	0
tuhutella	t u h u t e lː ɑˣ	0
tuhuttaa	t u h u tː ɑːˣ	0
tuhuuttaa	t u h uː tː ɑːˣ	0
tuija	t u i̯ j ɑ	208
tuijotella	t u i̯ j o t e lː ɑˣ	4
tuijottaa	t u i̯ j o tː ɑːˣ	25
tuijotuskilpailu	t u i̯ j o t u s k i l p ɑ i̯ l u	0
tuijotuskisa	t u i̯ j o t u s k i s ɑ	0
tuiju	t u i̯ j u	0
tuikahdella	t u i̯ k ɑ h d e lː ɑˣ	0
tuikahtaa	t u i̯ k ɑ h t ɑːˣ	1
tuikeasti	t u i̯ k e ɑ s t iˣ	0
tuikeilmaisin	t u i̯ k eˣ i l m ɑ i̯ s i n	0
tuiki	t u i̯ k i	26
tuiki	t u i̯ k iˣ	26
tuikki	t u i̯ kː i	2
tuikkia	t u i̯ kː i ɑ	2
tuikkia	t u i̯ kː i ɑˣ	2
tuikuttaa	t u i̯ k u tː ɑːˣ	0
tuima	t u i̯ m ɑ	4
tuimasti	t u i̯ m ɑ s t iˣ	3
tuimentua	t u i̯ m e n t u ɑˣ	0
tuimistaa	t u i̯ m i s t ɑːˣ	0
tuimistua	t u i̯ m i s t u ɑˣ	0
tuire	t u i̯ r e	25
tuiretuinen	t u i̯ r e t u i̯ n e n	0
tuiskahdella	t u i̯ s k ɑ h d e lː ɑˣ	0
tuiskahtaa	t u i̯ s k ɑ h t ɑːˣ	0
tuittuilla	t u i̯ tː u i̯ lː ɑˣ	0
tuittupäisesti	t u i̯ tː u p æ i̯ s e s t iˣ	0
tuiverrella	t u i̯ ʋ e rː e lː ɑˣ	0
tukaani	t u k ɑː n i	1
tukahduttaminen	t u k ɑ h d u tː ɑ m i n e n	3
tukalasti	t u k ɑ l ɑ s t iˣ	0
tukaloitua	t u k ɑ l o i̯ t u ɑˣ	0
tukanleikkuu	t u k ɑ n l e i̯ kː uː	0
tukanpesuaine	t u k ɑ n p e s u ɑ i̯ n eˣ	0
tukea	t u k e ɑ	2397
tukea	t u k e ɑˣ	2397
tukehtua	t u k e h t u ɑˣ	6
tukevasti	t u k e ʋ ɑ s t iˣ	62
tukevoitua	t u k e ʋ o i̯ t u ɑˣ	0
tukholma	t u k h o l m ɑ	26
tuki	t u k i	907
tuki	t u k iˣ	907
tukia	t u k i ɑ	61
tukiasema	t u k i ɑ s e m ɑ	16
tukielinsairaus	t u k i e l i n s ɑ i̯ r ɑ u s	0
tukihiukset	t u k i h i u̯ k s e t	0
tukikaitale	t u k i k ɑ i̯ t ɑ l eˣ	0
tukikoti	t u k i k o t i	1
tukikudos	t u k i k u d o s	1
tukikudossyöpä	t u k i k u d o s s y ø̯ p æ	0
tukilaite	t u k i l ɑ i̯ t eˣ	0
tukiliivi	t u k i l iː ʋ i	0
tukilista	t u k i l i s t ɑ	0
tukiommel	t u k i o mː e l	0
tukiopettaja	t u k i o p e tː ɑ j ɑ	1
tukiopetus	t u k i o p e t u s	14
tukioppilas	t u k i o pː i l ɑ s	10
tukipaketti	t u k i p ɑ k e tː i	2
tukipalkkio	t u k i p ɑ l kː i o	0
tukipalvelu	t u k i p ɑ l ʋ e l u	14
tukipalvelupäällikkö	t u k i p ɑ l ʋ e l u p æː lː i kː ø	0
tukipultti	t u k i p u l tː i	0
tukirakenne	t u k i r ɑ k e nː eˣ	1
tukirauta	t u k i r ɑ u̯ t ɑ	0
tukiryhmä	t u k i r y h m æ	15
tukiside	t u k i s i d eˣ	2
tukistaminen	t u k i s t ɑ m i n e n	0
tukisukka	t u k i s u kː ɑ	1
tukiteline	t u k i t e l i n eˣ	0
tukityö	t u k i t y ø̯	2
tukityöllistää	t u k i t y ø̯ lː i s t æːˣ	1
tukivektori	t u k i ʋ e k t o r i	0
tukivoima	t u k i ʋ o i̯ m ɑ	1
tukka	t u kː ɑ	41
tukkeentua	t u kː eː n t u ɑˣ	0
tukkeuttaa	t u kː e u tː ɑːˣ	0
tukkeutua	t u kː e u t u ɑˣ	5
tukkia	t u kː i ɑ	22
tukkia	t u kː i ɑˣ	22
tukkiintua	t u kː iː n t u ɑˣ	0
tukkikeksi	t u kː i k e k s i	0
tukkikämppä	t u kː i k æ m pː æ	1
tukkilainen	t u kː i l ɑ i̯ n e n	1
tukkilaiskisat	t u kː i l ɑ i̯ s k i s ɑ t	1
tukkilautta	t u kː i l ɑ u̯ tː ɑ	0
tukkipihdit	t u kː i p i h d i t	0
tukkipuu	t u kː i p uː	0
tukkireki	t u kː i r e k i	0
tukkisakset	t u kː i s ɑ k s e t	0
tukkityö	t u kː i t y ø̯	0
tukkivene	t u kː i ʋ e n eˣ	0
tukko	t u kː o	2
tukkoisesti	t u kː o i̯ s e s t iˣ	1
tukkumyyjä	t u kː u m yː j æ	2
tukkutori	t u kː u t o r i	5
tuleennuttaa	t u l eː nː u tː ɑːˣ	0
tuleentua	t u l eː n t u ɑˣ	4
tuleentuminen	t u l eː n t u m i n e n	3
tulehdus	t u l e h d u s	71
tulehduttaa	t u l e h d u tː ɑːˣ	1
tulehtuminen	t u l e h t u m i n e n	5
tulenavaus	t u l e n ɑ ʋ ɑ u s	0
tulenjohtaja	t u l e n j o h t ɑ j ɑ	0
tulenjohto	t u l e n j o h t o	0
tulenjohtoelin	t u l e n j o h t o e l i n	0
tulenjohtotutka	t u l e n j o h t o t u t k ɑ	0
tulenkuvaus	t u l e n k u ʋ ɑ u s	0
tulenliekki	t u l e n l i e̯ kː i	2
tulenpalava	t u l e n p ɑ l ɑ ʋ ɑ	0
tulenpunainen	t u l e n p u n ɑ i̯ n e n	0
tulensiirto	t u l e n s iː r t o	0
tulenteko	t u l e n t e k o	15
tulenvarjostin	t u l e n ʋ ɑ r j o s t i n	0
tuleva	t u l e ʋ ɑ	525
tulevaisuus	t u l e ʋ ɑ i̯ s uː s	377
tulevaisuuslinjaus	t u l e ʋ ɑ i̯ s uː s l i n j ɑ u s	0
tuli	t u l i	5111
tuliasema	t u l i ɑ s e m ɑ	2
tulikettu	t u l i k e tː u	1
tulikirjain	t u l i k i r j ɑ i̯ n	0
tulikomento	t u l i k o m e n t o	0
tulikukka	t u l i k u kː ɑ	1
tulikuumuus	t u l i k uː m uː s	0
tulilanka	t u l i l ɑ ŋ k ɑ	0
tulilapio	t u l i l ɑ p i o	0
tulilatva	t u l i l ɑ t ʋ ɑ	0
tulimaa	t u l i m ɑː	0
tulimeri	t u l i m e r i	0
tulimmainen	t u l i mː ɑ i̯ n e n	0
tulineuvot	t u l i n e u̯ ʋ o t	0
tulinopeus	t u l i n o p e u s	3
tulipatteri	t u l i p ɑ tː e r i	0
tulipesäke	t u l i p e s æ k eˣ	0
tulipora	t u l i p o r ɑ	0
tulirauta	t u l i r ɑ u̯ t ɑ	0
tulisilmäinen	t u l i s i l m æ i̯ n e n	0
tulisoihtu	t u l i s o i̯ h t u	0
tulistuttaa	t u l i s t u tː ɑːˣ	0
tulitikku	t u l i t i kː u	1
tulitikkupuu	t u l i t i kː u p uː	0
tulitoiminta	t u l i t o i̯ m i n t ɑ	0
tulituki	t u l i t u k i	0
tulityö	t u l i t y ø̯	0
tulityökortti	t u l i t y ø̯ k o r tː i	4
tulivaikutus	t u l i ʋ ɑ i̯ k u t u s	0
tulivalmistelu	t u l i ʋ ɑ l m i s t e l u	1
tulivuori	t u l i ʋ u o̯ r i	10
tuliylläkkö	t u l i y lː æ kː ø	0
tulkinnanvaraisesti	t u l k i nː ɑ n ʋ ɑ r ɑ i̯ s e s t iˣ	1
tulkintatapa	t u l k i n t ɑ t ɑ p ɑ	1
tulkitaan	t u l k i t ɑː n	110
tulkkaaminen	t u l kː ɑː m i n e n	1
tulkki	t u l kː i	66
tulla	t u lː ɑˣ	1905
tullata	t u lː ɑ t ɑˣ	1
tullausarvo	t u lː ɑ u s ɑ r ʋ o	0
tullausilmoitus	t u lː ɑ u s i l m o i̯ t u s	0
tullauttaa	t u lː ɑ u tː ɑːˣ	0
tullen	t u lː e n	151
tulli	t u lː i	46
tullialue	t u lː i ɑ l u eˣ	0
tulliasema	t u lː i ɑ s e m ɑ	2
tullikamari	t u lː i k ɑ m ɑ r i	1
tullilasku	t u lː i l ɑ s k u	1
tullimakasiini	t u lː i m ɑ k ɑ s iː n i	0
tullimies	t u lː i m i e̯ s	3
tullinalennus	t u lː i n ɑ l e nː u s	0
tullinimike	t u lː i n i m i k eˣ	0
tullinimikkeistö	t u lː i n i m i kː e i̯ s t ø	0
tullinkanto	t u lː i n k ɑ n t o	0
tullinpalautus	t u lː i n p ɑ l ɑ u t u s	0
tullipiiri	t u lː i p iː r i	1
tulliselvitys	t u lː i s e l ʋ i t y s	2
tullitariffi	t u lː i t ɑ r i fː i	0
tullitie	t u lː i t i e̯	2
tulliton	t u lː i t o n	1
tullittomasti	t u lː i tː o m ɑ s t iˣ	0
tullivarasto	t u lː i ʋ ɑ r ɑ s t o	0
tuloaste	t u l o ɑ s t eˣ	0
tuloaula	t u l o ɑ u l ɑ	0
tuloerä	t u l o e r æ	0
tuloilma	t u l o i l m ɑ	3
tuloksekkaasti	t u l o k s e kː ɑː s t iˣ	10
tuloksellisesti	t u l o k s e lː i s e s t iˣ	31
tuloksellisuus	t u l o k s e lː i n e n uː s	30
tulomomentti	t u l o m o m e n tː i	1
tulomuoto	t u l o m u o̯ t o	0
tulonsiirto	t u l o n s iː r t o	2
tuloraja	t u l o r ɑ j ɑ	4
tulos	t u l o s	1084
tulosalue	t u l o s ɑ l u eˣ	28
tuloshakuinen	t u l o s h ɑ k u i̯ n e n	1
tulosija	t u l o s i j ɑ	0
tulosjohtaminen	t u l o s j o h t ɑ m i n e n	7
tulosseuranta	t u l o s s e u̯ r ɑ n t ɑ	0
tulossopimus	t u l o s s o p i m u s	0
tulostaa	t u l o s t ɑːˣ	542
tulostaminen	t u l o s t ɑ m i n e n	41
tulostavoite	t u l o s t ɑ ʋ o i̯ t eˣ	9
tuloste	t u l o s t eˣ	32
tulostin	t u l o s t i n	57
tulostinpaperi	t u l o s t i n p ɑ p e r i	0
tulostuskortti	t u l o s t u s k o r tː i	0
tulostusresoluutio	t u l o s t u s r e s o l uː t i o	0
tulostusvalmis	t u l o s t u s ʋ ɑ l m i s	0
tulosvastuu	t u l o s ʋ ɑ s t uː	5
tulouttaa	t u l o u tː ɑːˣ	8
tulpittaa	t u l p i tː ɑːˣ	0
tulppautua	t u l pː ɑ u t u ɑˣ	0
tulppaventtiili	t u l pː ɑ ʋ e n tː iː l i	0
tuluskivi	t u l u s k i ʋ i	1
tuluskukkaro	t u l u s k u kː ɑ r o	0
tuluspussi	t u l u s p u sː i	0
tulva	t u l ʋ ɑ	26
tulvahdella	t u l ʋ ɑ h d e lː ɑˣ	0
tulvahtaa	t u l ʋ ɑ h t ɑːˣ	4
tulvakausi	t u l ʋ ɑ k ɑ u̯ s i	0
tulvakevät	t u l ʋ ɑ k e ʋ æ t	0
tulvavesi	t u l ʋ ɑ ʋ e s i	0
tulvavuoksi	t u l ʋ ɑ ʋ u o̯ k s i	0
tulvehtia	t u l ʋ e h t i ɑˣ	0
tuma	t u m ɑ	4
tumahuokonen	t u m ɑ h u o̯ k o n e n	0
tumajyvänen	t u m ɑ j y ʋ æ n e n	0
tumakotelo	t u m ɑ k o t e l o	0
tumma	t u mː ɑ	88
tummajättiläishyppypäästäinen	t u mː ɑ j æ tː i l æ i̯ s h y pː y p æː s t æ i̯ n e n	0
tummanharmaa	t u mː ɑ n h ɑ r m ɑː	3
tummanpunainen	t u mː ɑ n p u n ɑ i̯ n e n	1
tummanvihreä	t u mː ɑ n ʋ i h r e æ	2
tummentuma	t u mː e n t u m ɑ	0
tumpata	t u m p ɑ t ɑˣ	0
tumppu	t u m pː u	1
tundrasara	t u n d r ɑ s ɑ r ɑ	0
tundrasusi	t u n d r ɑ s u s i	0
tundravyöhyke	t u n d r ɑ ʋ y ø̯ h y k eˣ	0
tunge	t u ŋː e	3
tungetella	t u ŋː e t e lː ɑˣ	0
tungettelevasti	t u ŋː e tː e l e ʋ ɑ s t iˣ	0
tungos	t u ŋː o s	9
tunika	t u n i k ɑ	3
tunka	t u ŋ k ɑ	0
tunkata	t u ŋ k ɑ t ɑˣ	0
tunkea	t u ŋ k e ɑˣ	11
tunkeilevasti	t u ŋ k e i̯ l e ʋ ɑ s t iˣ	0
tunkeutuminen	t u ŋ k e u t u m i n e n	14
tunkeutumistestaus	t u ŋ k e u t u m i s t e s t ɑ u s	0
tunkio	t u ŋ k i o	3
tunkkainen	t u ŋ kː ɑ i̯ n e n	7
tunkki	t u ŋ kː i	0
tunku	t u ŋ k u	1
tunne	t u nː eˣ	618
tunneaalto	t u nː eˣ ɑː l t o	0
tunneaines	t u nː eˣ ɑ i̯ n e s	0
tunneala	t u nː eˣ ɑ l ɑ	0
tunneasia	t u nː eˣ ɑ s i ɑ	1
tunneasteikko	t u nː eˣ ɑ s t e i̯ kː o	0
tunnehehku	t u nː eˣ h e h k u	0
tunneherkkä	t u nː eˣ h e r kː æ	0
tunneihminen	t u nː eˣ i h m i n e n	0
tunneilmaisu	t u nː eˣ i l m ɑ i̯ s u	0
tunneilmasto	t u nː eˣ i l m ɑ s t o	0
tunneilmaus	t u nː eˣ i l m ɑ u s	1
tunneilmiö	t u nː eˣ i l m i ø	0
tunnekiihotus	t u nː eˣ k iː h o t u s	0
tunnekuohu	t u nː eˣ k u o̯ h u	1
tunnekylläisesti	t u nː eˣ k y lː æ i̯ s e s t iˣ	0
tunnekysymys	t u nː eˣ k y s y m y s	1
tunneköyhä	t u nː eˣ k ø y̯ h æ	0
tunnelaatu	t u nː eˣ l ɑː t u	0
tunnelataus	t u nː eˣ l ɑ t ɑ u s	3
tunneliaukko	t u nː e l i ɑ u kː o	0
tunnelidiodi	t u nː e l i d i o d i	0
tunneliteltta	t u nː e l i t e l tː ɑ	0
tunnelityömaa	t u nː e l i t y ø̯ m ɑː	2
tunneliuuni	t u nː e l i uː n i	0
tunnelmallinen	t u nː e l m ɑ lː i n e n	40
tunnelointi	t u nː e l o i̯ n t i	1
tunneloitua	t u nː e l o i̯ t u ɑˣ	0
tunnepatouma	t u nː eˣ p ɑ t o u m ɑ	0
tunnepatoutuma	t u nː eˣ p ɑ t o u t u m ɑ	0
tunneperäisesti	t u nː eˣ p e r æ i̯ s e s t iˣ	2
tunnepohja	t u nː eˣ p o h j ɑ	0
tunnerekisteri	t u nː eˣ r e k i s t e r i	0
tunneside	t u nː eˣ s i d eˣ	0
tunnesisältö	t u nː eˣ s i s æ l t ø	2
tunnestautua	t u nː e s t ɑ u t u ɑˣ	0
tunnesuhde	t u nː eˣ s u h d eˣ	3
tunnetaso	t u nː eˣ t ɑ s o	2
tunnetulva	t u nː eˣ t u l ʋ ɑ	0
tunnevamma	t u nː eˣ ʋ ɑ mː ɑ	0
tunnilleen	t u nː i lː eː n	0
tunnistaja	t u nː i s t ɑ j ɑ	0
tunnistamisasiakirja	t u nː i s t ɑ m i s ɑ s i ɑ k i r j ɑ	0
tunnistetieto	t u nː i s t eˣ t i e̯ t o	1
tunnistettava	t u nː i s t e tː ɑ ʋ ɑ	44
tunnistus	t u nː i s t u s	29
tunnokkaasti	t u nː o kː ɑː s t iˣ	1
tunnollinen	t u nː o lː i n e n	13
tunnollisuus	t u nː o lː i s uː s	1
tunnonrauha	t u nː o n r ɑ u̯ h ɑ	0
tunnontarkka	t u nː o n t ɑ r kː ɑ	0
tunnontarkkuus	t u nː o n t ɑ r kː uː s	0
tunnottomasti	t u nː o tː o m ɑ s t iˣ	0
tunnukseton	t u nː u k s e t o n	0
tunnus	t u nː u s	180
tunnuslevy	t u nː u s l e ʋ y	0
tunnusluku	t u nː u s l u k u	35
tunnusteleminen	t u nː u s t e l e m i n e n	0
tunnustella	t u nː u s t e lː ɑˣ	8
tunnustuksellisesti	t u nː u s t u k s e lː i s e s t iˣ	2
tunnusväri	t u nː u s ʋ æ r i	1
tunnuttaa	t u nː u tː ɑːˣ	0
tuntea	t u n t e ɑˣ	278
tunteellisesti	t u n t eː lː i s e s t iˣ	2
tunteenilmaisu	t u n t eː n i l m ɑ i̯ s u	0
tunteenilmaus	t u n t eː n i l m ɑ u s	0
tunteenomaisesti	t u n t eː n o m ɑ i̯ s e s t iˣ	0
tunteenpurkaus	t u n t eː n p u r k ɑ u s	0
tunteensiirto	t u n t eː n s iː r t o	0
tunteettomasti	t u n t eː tː o m ɑ s t iˣ	2
tunteilla	t u n t e i̯ lː ɑˣ	9
tunti	t u n t i	236
tuntiansio	t u n t i ɑ n s i o	0
tuntijako	t u n t i j ɑ k o	22
tuntikaupalla	t u n t i k ɑ u p ɑ lː ɑ	1
tuntikausi	t u n t i k ɑ u̯ s i	0
tuntikehys	t u n t i k e h y s	12
tuntikehysjärjestelmä	t u n t i k e h y s j æ r j e s t e l m æ	1
tuntikulma	t u n t i k u l m ɑ	3
tuntilasi	t u n t i l ɑ s i	0
tuntimaksu	t u n t i m ɑ k s u	0
tuntimäärä	t u n t i m æː r æ	36
tuntinopeus	t u n t i n o p e u s	2
tuntiopettaja	t u n t i o p e tː ɑ j ɑ	36
tuntipalkka	t u n t i p ɑ l kː ɑ	11
tuntipalkkainen	t u n t i p ɑ l kː ɑ i̯ n e n	1
tuntipalkkalainen	t u n t i p ɑ l kː ɑ l ɑ i̯ n e n	0
tuntipalkkio	t u n t i p ɑ l kː i o	0
tuntipohjainen	t u n t i p o h j ɑ i̯ n e n	0
tuntitolkulla	t u n t i t o l k u lː ɑ	6
tuntivauhti	t u n t i ʋ ɑ u̯ h t i	0
tuntoelin	t u n t o e l i n	2
tuntohermo	t u n t o h e r m o	1
tuntokarva	t u n t o k ɑ r ʋ ɑ	0
tuntolevy	t u n t o l e ʋ y	1
tuntua	t u n t u ɑ	259
tuntua	t u n t u ɑˣ	259
tuntuinen	t u n t u i̯ n e n	41
tuntuisesti	t u n t u i̯ s e s t iˣ	12
tuntuma	t u n t u m ɑ	29
tunturialue	t u n t u r i ɑ l u eˣ	1
tunturihaukka	t u n t u r i h ɑ u̯ kː ɑ	0
tunturijono	t u n t u r i j o n o	0
tunturikasvillisuus	t u n t u r i k ɑ s ʋ i lː i s uː s	0
tunturilappalainen	t u n t u r i l ɑ pː ɑ l ɑ i̯ n e n	0
tunturisara	t u n t u r i s ɑ r ɑ	0
tunturisopuli	t u n t u r i s o p u l i	0
tuo	t u o̯	2344
tuo	t u o̯ˣ	2344
tuoda	t u o̯ d ɑˣ	772
tuohduttaa	t u o̯ h d u tː ɑːˣ	0
tuohenkäppyrä	t u o̯ h e n k æ pː y r æ	0
tuohestaa	t u o̯ h e s t ɑːˣ	0
tuohi	t u o̯ h i	2
tuohiastia	t u o̯ h i ɑ s t i ɑ	0
tuohikate	t u o̯ h i k ɑ t eˣ	0
tuohikulttuuri	t u o̯ h i k u l tː uː r i	0
tuohikäppyrä	t u o̯ h i k æ pː y r æ	0
tuohilippi	t u o̯ h i l i pː i	0
tuohipallo	t u o̯ h i p ɑ lː o	0
tuohipullo	t u o̯ h i p u lː o	0
tuohirasia	t u o̯ h i r ɑ s i ɑ	0
tuohirove	t u o̯ h i r o ʋ eˣ	0
tuohisoihtu	t u o̯ h i s o i̯ h t u	0
tuohisuikale	t u o̯ h i s u i̯ k ɑ l eˣ	0
tuohiterva	t u o̯ h i t e r ʋ ɑ	0
tuohityö	t u o̯ h i t y ø̯	0
tuohivakka	t u o̯ h i ʋ ɑ kː ɑ	0
tuohivirsu	t u o̯ h i ʋ i r s u	0
tuohtua	t u o̯ h t u ɑˣ	0
tuohus	t u o̯ h u s	0
tuoksahdella	t u o̯ k s ɑ h d e lː ɑˣ	0
tuoksahtaa	t u o̯ k s ɑ h t ɑːˣ	0
tuoksuaine	t u o̯ k s u ɑ i̯ n eˣ	0
tuoksuastia	t u o̯ k s u ɑ s t i ɑ	0
tuoksuherne	t u o̯ k s u h e r n eˣ	2
tuoksulamppu	t u o̯ k s u l ɑ m pː u	0
tuoksunappi	t u o̯ k s u n ɑ pː i	0
tuoksuvalmuska	t u o̯ k s u ʋ ɑ l m u s k ɑ	0
tuoli	t u o̯ l i	54
tuolinistuin	t u o̯ l i n i s t u i̯ n	0
tuolinjalka	t u o̯ l i n j ɑ l k ɑ	0
tuolinkarmi	t u o̯ l i n k ɑ r m i	0
tuolinpäällinen	t u o̯ l i n p æː lː i n e n	0
tuolinselkä	t u o̯ l i n s e l k æ	0
tuolinselkämys	t u o̯ l i n s e l k æ m y s	0
tuolinselus	t u o̯ l i n s e l u s	0
tuolinselusta	t u o̯ l i n s e l u s t ɑ	0
tuolirivi	t u o̯ l i r i ʋ i	0
tuolla	t u o̯ lː ɑ	160
tuollainen	t u o̯ l l ɑ i̯ n e n	35
tuollainen	t u o̯ lː ɑ i̯ n e n	35
tuolloinen	t u o̯ lː o i̯ n e n	8
tuoma	t u o̯ m ɑ	108
tuomaala	t u o̯ m ɑː l ɑ	20
tuomaanristi	t u o̯ m ɑː n r i s t i	0
tuomainen	t u o̯ m ɑ i̯ n e n	21
tuomari	t u o̯ m ɑ r i	188
tuomarinohjeet	t u o̯ m ɑ r i n o h j eː t	1
tuomaripallo	t u o̯ m ɑ r i p ɑ lː o	0
tuomas	t u o̯ m ɑ s	391
tuomela	t u o̯ m e l ɑ	10
tuomi	t u o̯ m i	60
tuominen	t u o̯ m i n e n	241
tuomio	t u o̯ m i o	77
tuomioistuin	t u o̯ m i o i s t u i̯ n	120
tuomiovirhe	t u o̯ m i o ʋ i r h eˣ	0
tuomita	t u o̯ m i t ɑˣ	79
tuommoinen	t u o̯ mː o i̯ n e n	7
tuomo	t u o̯ m o	288
tuomola	t u o̯ m o l ɑ	19
tuonenkielo	t u o̯ n e n k i e̯ l o	0
tuoni	t u o̯ n i	2
tuonnemmas	t u o̯ nː e mː ɑ s	0
tuonnepäin	t u o̯ nː eˣ p æ i̯ n	0
tuonnoinen	t u o̯ nː o i̯ n e n	0
tuonpuoleinen	t u o̯ n p u o̯ l e i̯ n e n	3
tuontilisenssi	t u o̯ n t i l i s e n sː i	0
tuontimaksu	t u o̯ n t i m ɑ k s u	0
tuontirajoitus	t u o̯ n t i r ɑ j o i̯ t u s	0
tuontisatama	t u o̯ n t i s ɑ t ɑ m ɑ	1
tuontitavara	t u o̯ n t i t ɑ ʋ ɑ r ɑ	1
tuontitulli	t u o̯ n t i t u lː i	0
tuore	t u o̯ r eˣ	190
tuoreesti	t u o̯ r eː s t iˣ	7
tuorehiiva	t u o̯ r eˣ h iː ʋ ɑ	0
tuorekelmu	t u o̯ r eˣ k e l m u	0
tuoremehu	t u o̯ r eˣ m e h u	2
tuoremehuasema	t u o̯ r e mː e h u ɑ s e m ɑ	0
tuorerehu	t u o̯ r eˣ r e h u	0
tuoreutua	t u o̯ r e u t u ɑˣ	0
tuoreveri	t u o̯ r eˣ ʋ e r i	0
tuorevesi	t u o̯ r eˣ ʋ e s i	0
tuota	t u o̯ t ɑ	372
tuota	t u o̯ t ɑˣ	372
tuotannonala	t u o̯ t ɑ nː o n ɑ l ɑ	0
tuotantoala	t u o̯ t ɑ n t o ɑ l ɑ	1
tuotantokapasiteetti	t u o̯ t ɑ n t o k ɑ p ɑ s i t eː tː i	17
tuotantoketju	t u o̯ t ɑ n t o k e t j u	2
tuotantokustannus	t u o̯ t ɑ n t o k u s t ɑ nː u s	3
tuotantomäärä	t u o̯ t ɑ n t o m æː r æ	15
tuotantoprosessi	t u o̯ t ɑ n t o p r o s e sː i	18
tuotantotalous	t u o̯ t ɑ n t o t ɑ l o u s	6
tuotantotekniikka	t u o̯ t ɑ n t o t e k n iː kː ɑ	16
tuotantovolyymi	t u o̯ t ɑ n t o ʋ o l yː m i	0
tuote	t u o̯ t eˣ	672
tuotekehitystyö	t u o̯ t eˣ k e h i t y s t y ø̯	10
tuotekuva	t u o̯ t eˣ k u ʋ ɑ	1
tuoteluettelo	t u o̯ t eˣ l u e tː e l o	16
tuotemerkki	t u o̯ t eˣ m e r kː i	36
tuotenimi	t u o̯ t eˣ n i m i	4
tuoterekisteri	t u o̯ t eˣ r e k i s t e r i	2
tuotetieto	t u o̯ t eˣ t i e̯ t o	1
tuottaa	t u o̯ tː ɑː	1887
tuottaa	t u o̯ tː ɑːˣ	1887
tuottamattomasti	t u o̯ tː ɑ m ɑ tː o m ɑ s t iˣ	0
tuottamuksellinen	t u o̯ tː ɑ m u k s e lː i n e n	2
tuottamuksellisesti	t u o̯ tː ɑ m u k s e lː i s e s t iˣ	6
tuotteistua	t u o̯ tː e i̯ s t u ɑˣ	0
tuotteliaasti	t u o̯ tː e l i ɑː s t iˣ	0
tuottoarvo	t u o̯ tː o ɑ r ʋ o	2
tuottoisasti	t u o̯ tː o i̯ s ɑ s t iˣ	0
tuottokäyrä	t u o̯ tː o k æ y̯ r æ	0
tuovi	t u o̯ ʋ i	24
tupa	t u p ɑ	68
tupaantuliaiset	t u p ɑː n t u l i ɑ i̯ s e t	1
tupakanhimo	t u p ɑ k ɑ n h i m o	0
tupakeittiö	t u p ɑ k e i̯ tː i ø	25
tupakkaholkki	t u p ɑ kː ɑ h o l kː i	0
tupakkakukkaro	t u p ɑ kː ɑ k u kː ɑ r o	1
tupakkamassi	t u p ɑ kː ɑ m ɑ sː i	0
tupakkapöytä	t u p ɑ kː ɑ p ø y̯ t æ	0
tupakkasäiliö	t u p ɑ kː ɑ s æ i̯ l i ø	0
tupakkatoosa	t u p ɑ kː ɑ t oː s ɑ	0
tupakoida	t u p ɑ k o i̯ d ɑˣ	9
tupakoimattomuus	t u p ɑ k o i̯ m ɑ tː o m uː s	12
tupakointi	t u p ɑ k o i̯ n t i	192
tuparit	t u p ɑ r i t	1
tupas	t u p ɑ s	0
tupasluikka	t u p ɑ s l u i̯ kː ɑ	0
tupassara	t u p ɑ s s ɑ r ɑ	0
tupastaa	t u p ɑ s t ɑːˣ	0
tupasvilla	t u p ɑ s ʋ i lː ɑ	1
tupata	t u p ɑ t ɑˣ	0
tupekset	t u p e k s e t	0
tupeksia	t u p e k s i ɑˣ	0
tuplaikkuna	t u p l ɑ i kː u n ɑ	1
tuplata	t u p l ɑ t ɑˣ	2
tuplatäkki	t u p l ɑ t æ kː i	0
tuppaantua	t u pː ɑː n t u ɑˣ	0
tuppautua	t u pː ɑ u t u ɑˣ	0
tuppeutua	t u pː e u t u ɑˣ	0
tuppi	t u pː i	7
tuppikeksi	t u pː i k e k s i	0
tuppilo	t u pː i l o	0
tuppisara	t u pː i s ɑ r ɑ	0
tuppisieni	t u pː i s i e̯ n i	0
tuprahdella	t u p r ɑ h d e lː ɑˣ	0
tupsukorva	t u p s u k o r ʋ ɑ	0
tuputtaa	t u p u tː ɑːˣ	4
turbiinialus	t u r b iː n i ɑ l u s	0
turbo	t u r b o	14
turha	t u r h ɑ	258
turhautua	t u r h ɑ u t u ɑˣ	4
turhautuminen	t u r h ɑ u t u m i n e n	4
turista	t u r i s t ɑˣ	1
turistimaa	t u r i s t i m ɑː	0
turkasesti	t u r k ɑ s e s t iˣ	0
turkinmänty	t u r k i n m æ n t y	0
turkinvyö	t u r k i n ʋ y ø̯	0
turkisala	t u r k i s ɑ l ɑ	1
turkiseläin	t u r k i s e l æ i̯ n	3
turkislakki	t u r k i s l ɑ kː i	1
turkistalous	t u r k i s t ɑ l o u s	2
turkistyö	t u r k i s t y ø̯	0
turkki	t u r kː i	118
turkkuri	t u r kː u r i	1
turkologi	t u r k o l o ɡ i	1
turkoosi	t u r k oː s i	3
turku	t u r k u	563
turma	t u r m ɑ	5
turmabussi	t u r m ɑ b u sː i	0
turmakone	t u r m ɑ k o n eˣ	0
turmeltuminen	t u r m e l t u m i n e n	3
turmiollisesti	t u r m i o lː i s e s t iˣ	0
turnajaiskaulus	t u r n ɑ j ɑ i̯ s k ɑ u l u s	0
turnipsi	t u r n i p s i	0
turnipsipelto	t u r n i p s i p e l t o	0
turpa	t u r p ɑ	8
turpakäräjät	t u r p ɑ k æ r æ j æ t	0
turpeinen	t u r p e i̯ n e n	23
tursaansydän	t u r s ɑː n s y d æ n	0
turska	t u r s k ɑ	13
turskahtaa	t u r s k ɑ h t ɑːˣ	0
turski	t u r s k i	0
turunen	t u r u n e n	147
turut	t u r u t	0
turva	t u r ʋ ɑ	72
turvajärjestely	t u r ʋ ɑ j æ r j e s t e l y	0
turvakaari	t u r ʋ ɑ k ɑː r i	2
turvakamera	t u r ʋ ɑ k ɑ m e r ɑ	1
turvakehikko	t u r ʋ ɑ k e h i kː o	1
turvakriittinen	t u r ʋ ɑ k r iː tː i n e n	0
turvalaite	t u r ʋ ɑ l ɑ i̯ t eˣ	7
turvallinen	t u r ʋ ɑ lː i n e n	450
turvallistaa	t u r ʋ ɑ lː i s t ɑːˣ	0
turvallisuudentunne	t u r ʋ ɑ lː i s uː d e n t u nː eˣ	4
turvallisuuskoordinaattori	t u r ʋ ɑ lː i s uː s k oː r d i n ɑː tː o r i	0
turvallisuustyö	t u r ʋ ɑ lː i s uː s t y ø̯	1
turvaluokka	t u r ʋ ɑ l u o̯ kː ɑ	0
turvaohjaamo	t u r ʋ ɑ o h j ɑː m o	1
turvapuhelin	t u r ʋ ɑ p u h e l i n	16
turvasaapas	t u r ʋ ɑ s ɑː p ɑ s	0
turvasatama	t u r ʋ ɑ s ɑ t ɑ m ɑ	3
turvatarkastaja	t u r ʋ ɑ t ɑ r k ɑ s t ɑ j ɑ	0
turvatarkastus	t u r ʋ ɑ t ɑ r k ɑ s t u s	5
turvatekniikka	t u r ʋ ɑ t e k n iː kː ɑ	0
turvavaljaat	t u r ʋ ɑ ʋ ɑ l j ɑː t	0
turve	t u r ʋ eˣ	54
turvekaasu	t u r ʋ eˣ k ɑː s u	0
turvekate	t u r ʋ eˣ k ɑ t eˣ	0
turvekatto	t u r ʋ eˣ k ɑ tː o	0
turvekota	t u r ʋ eˣ k o t ɑ	0
turvekuitu	t u r ʋ eˣ k u i̯ t u	0
turvemaa	t u r ʋ eˣ m ɑː	0
turvepelletti	t u r ʋ eˣ p e lː e tː i	1
turvepelto	t u r ʋ eˣ p e l t o	0
turvevarat	t u r ʋ eˣ ʋ ɑ r ɑ t	4
turveviljely	t u r ʋ eˣ ʋ i l j e l y	0
turvevoimala	t u r ʋ eˣ ʋ o i̯ m ɑ l ɑ	2
turvota	t u r ʋ o t ɑˣ	17
tusinatyö	t u s i n ɑ t y ø̯	0
tuska	t u s k ɑ	38
tuskaannuttaa	t u s k ɑː nː u tː ɑːˣ	0
tuskaantua	t u s k ɑː n t u ɑˣ	0
tuskallinen	t u s k ɑ lː i n e n	12
tuskanhiki	t u s k ɑ n h i k i	0
tuskastella	t u s k ɑ s t e lː ɑˣ	0
tuskastuttaa	t u s k ɑ s t u tː ɑːˣ	0
tuskattomasti	t u s k ɑ tː o m ɑ s t iˣ	0
tuskautua	t u s k ɑ u t u ɑˣ	0
tuskin	t u s k i n	732
tuskinpa	t u s k i m p ɑ	37
tuskinpa	t u s k i n p ɑ	37
tuskitella	t u s k i t e lː ɑˣ	0
tussahtaa	t u sː ɑ h t ɑːˣ	0
tussata	t u sː ɑ t ɑˣ	0
tussikynä	t u sː i k y n æ	0
tussityö	t u sː i t y ø̯	0
tutia	t u t i ɑˣ	1
tutina	t u t i n ɑ	0
tutine	t u t i n eˣ	0
tutka	t u t k ɑ	13
tutkata	t u t k ɑ t ɑˣ	0
tutkimus	t u t k i m u s	1721
tutkimusaihe	t u t k i m u s ɑ i̯ h eˣ	12
tutkimusaineisto	t u t k i m u s ɑ i̯ n e i̯ s t o	35
tutkimusalue	t u t k i m u s ɑ l u eˣ	19
tutkimusetiikka	t u t k i m u s e t iː kː ɑ	5
tutkimushistoria	t u t k i m u s h i s t o r i ɑ	0
tutkimusinfrastruktuuri	t u t k i m u s i n f r ɑ s t r u k t uː r i	1
tutkimuskaivaus	t u t k i m u s k ɑ i̯ ʋ ɑ u s	0
tutkimuskonsortio	t u t k i m u s k o n s o r t i o	0
tutkimuslaite	t u t k i m u s l ɑ i̯ t eˣ	1
tutkimusneuvosto	t u t k i m u s n e u̯ ʋ o s t o	6
tutkimusohjelma	t u t k i m u s o h j e l m ɑ	36
tutkimusongelma	t u t k i m u s o ŋː e l m ɑ	6
tutkimusorganisaatio	t u t k i m u s o r ɡ ɑ n i s ɑː t i o	0
tutkimusrahoitus	t u t k i m u s r ɑ h o i̯ t u s	11
tutkimusrekisteri	t u t k i m u s r e k i s t e r i	2
tutkimusresurssi	t u t k i m u s r e s u r sː i	0
tutkimusretkikunta	t u t k i m u s r e t k i k u n t ɑ	1
tutkimussuunnitelma	t u t k i m u s s uː nː i t e l m ɑ	31
tutkimusverkosto	t u t k i m u s ʋ e r k o s t o	0
tutkimusväline	t u t k i m u s ʋ æ l i n eˣ	0
tutkimusympäristö	t u t k i m u s y m p æ r i s t ø	2
tutkintolautakunta	t u t k i n t o l ɑ u̯ t ɑ k u n t ɑ	7
tutkintonimike	t u t k i n t o n i m i k eˣ	9
tutkintotodistus	t u t k i n t o t o d i s t u s	11
tutkiskella	t u t k i s k e lː ɑˣ	5
tutkistella	t u t k i s t e lː ɑˣ	2
tutkivasti	t u t k i ʋ ɑ s t iˣ	1
tutsi	t u t s i	0
tuttavallisesti	t u tː ɑ ʋ ɑ lː i s e s t iˣ	10
tuttavukset	t u tː ɑ ʋ u k s e t	0
tuttipullo	t u tː i p u lː o	3
tutunomaisesti	t u t u n o m ɑ i̯ s e s t iˣ	0
tutusti	t u t u s t iˣ	6
tutustumistarjous	t u t u s t u m i s t ɑ r j o u s	2
tutustuttaminen	t u t u s t u tː ɑ m i n e n	7
tuubisti	t uː b i s t i	1
tuudittautua	t uː d i tː ɑ u t u ɑˣ	7
tuuheutua	t uː h e u t u ɑˣ	0
tuukka	t uː kː ɑ	87
tuula	t uː l ɑ	434
tuulahdella	t uː l ɑ h d e lː ɑˣ	0
tuulahdus	t uː l ɑ h d u s	6
tuulahtaa	t uː l ɑ h t ɑːˣ	0
tuulaskoura	t uː l ɑ s k o u̯ r ɑ	0
tuulastuli	t uː l ɑ s t u l i	0
tuulastustuli	t uː l ɑ s t u s t u l i	0
tuulenarka	t uː l e n ɑ r k ɑ	0
tuulenhalkaisija	t uː l e n h ɑ l k ɑ i̯ s i j ɑ	1
tuulenhaltija	t uː l e n h ɑ l t i j ɑ	0
tuulenhenki	t uː l e n h e ŋ k i	1
tuulenhumina	t uː l e n h u m i n ɑ	0
tuulenjumala	t uː l e n j u m ɑ l ɑ	0
tuulenkynsi	t uː l e n k y n s i	0
tuulenleyhkä	t uː l e n l e y̯ h k æ	0
tuulennopeus	t uː l e n n o p e u s	4
tuulenpaine	t uː l e n p ɑ i̯ n eˣ	2
tuulenpesä	t uː l e n p e s æ	0
tuulenpesäsieni	t uː l e n p e s æ s i e̯ n i	0
tuulenpitävä	t uː l e n p i t æ ʋ æ	3
tuulensilmä	t uː l e n s i l m æ	2
tuulensuojainen	t uː l e n s u o̯ j ɑ i̯ n e n	0
tuulensuojalevy	t uː l e n s u o̯ j ɑ l e ʋ y	4
tuulensuosija	t uː l e n s u o̯ s i j ɑ	0
tuulentupa	t uː l e n t u p ɑ	0
tuulenviri	t uː l e n ʋ i r i	0
tuulenväre	t uː l e n ʋ æ r eˣ	0
tuuletella	t uː l e t e lː ɑˣ	0
tuulettua	t uː l e tː u ɑˣ	1
tuuletusluukku	t uː l e t u s l uː kː u	2
tuuli	t uː l i	247
tuulia	t uː l i ɑ	61
tuuliankkuri	t uː l i ɑ ŋ kː u r i	0
tuulienergia	t uː l i e n e r ɡ i ɑ	3
tuuliharppu	t uː l i h ɑ r pː u	2
tuulihattu	t uː l i h ɑ tː u	1
tuulikaappi	t uː l i k ɑː pː i	2
tuulikeilain	t uː l i k e i̯ l ɑ i̯ n	0
tuulikki	t uː l i kː i	51
tuulikorjaus	t uː l i k o r j ɑ u s	0
tuulilauta	t uː l i l ɑ u̯ t ɑ	0
tuulimyrsky	t uː l i m y r s k y	0
tuuliolot	t uː l i o l o t	0
tuuliperäsin	t uː l i p e r æ s i n	0
tuulipoikkeama	t uː l i p o i̯ kː e ɑ m ɑ	1
tuulipuku	t uː l i p u k u	1
tuulipukukansa	t uː l i p u k u k ɑ n s ɑ	0
tuulipusero	t uː l i p u s e r o	0
tuulispää	t uː l i s p æː	2
tuulitakki	t uː l i t ɑ kː i	2
tuulivoima	t uː l i ʋ o i̯ m ɑ	43
tuulivoimala	t uː l i ʋ o i̯ m ɑ l ɑ	14
tuulivyöhyke	t uː l i ʋ y ø̯ h y k eˣ	0
tuuliväänne	t uː l i ʋ æː nː eˣ	0
tuulla	t uː lː ɑˣ	3
tuullen	t uː lː e n	0
tuultua	t uː l t u ɑˣ	0
tuuma	t uː m ɑ	7
tuumiskella	t uː m i s k e lː ɑˣ	1
tuumori	t uː m o r i	1
tuuperruttaa	t uː p e rː u tː ɑːˣ	0
tuupertua	t uː p e r t u ɑˣ	0
tuuppia	t uː pː i ɑˣ	0
tuura	t uː r ɑ	3
tuuraaminen	t uː r ɑː m i n e n	0
tuurata	t uː r ɑ t ɑˣ	0
tuure	t uː r e	22
tuurityö	t uː r i t y ø̯	0
tuusniemeläinen	t uː s n i e̯ m e l æ i̯ n e n	0
tuusniemi	t uː s n i e̯ m i	9
tuusula	t uː s u l ɑ	30
tuusulainen	t uː s u l ɑ i̯ n e n	0
tuusulalainen	t uː s u l ɑ l ɑ i̯ n e n	1
tuuvinki	t uː ʋ i ŋ k i	0
tuva	t u ʋ ɑ	0
tuvalu	t u ʋ ɑ l u	0
tv	t eː ʋ eː	251
tviitata	t ʋ iː t ɑ t ɑˣ	0
tweed	t ʋ iː d i	1
twiitata	t w iː t ɑ t ɑˣ	0
twist	t w i s t	4
twist	t ʋ i s t	4
tyhjennellä	t y h j e nː e lː æˣ	0
tyhjennyttää	t y h j e nː y tː æːˣ	0
tyhjentävästi	t y h j e n t æ ʋ æ s t iˣ	22
tyhjiltään	t y h j i l t æː n	2
tyhjiö	t y h j i ø	15
tyhjiökammio	t y h j i ø k ɑ mː i o	1
tyhjiöpakkaus	t y h j i ø p ɑ kː ɑ u s	0
tyhjä	t y h j æ	202
tyhjänpäiväisesti	t y h j æ n p æ i̯ ʋ æ i̯ s e s t iˣ	0
tyhmistellä	t y h m i s t e lː æˣ	0
tyhmistyä	t y h m i s t y æˣ	0
tyhmistää	t y h m i s t æːˣ	0
tykistö	t y k i s t ø	2
tykistöasema	t y k i s t ø ɑ s e m ɑ	0
tykki	t y kː i	13
tykkiaukko	t y kː i ɑ u kː o	0
tykkijuna	t y kː i j u n ɑ	0
tykkikansi	t y kː i k ɑ n s i	0
tykkimyssy	t y kː i m y sː y	0
tykkipatteri	t y kː i p ɑ tː e r i	1
tykkipitsi	t y kː i p i t s i	0
tykkitie	t y kː i t i e̯	0
tykkituli	t y kː i t u l i	0
tykkänään	t y kː æ n æː n	9
tykytys	t y k y t y s	1
tykästyä	t y k æ s t y æˣ	1
tykö	t y k ø	42
tykönä	t y k ø n æ	12
tykötarpeet	t y k ø t ɑ r p eː t	0
tyköä	t y k ø æ	3
tylli	t y lː i	3
tylliharso	t y lː i h ɑ r s o	0
tylpistyä	t y l p i s t y æˣ	0
tylpistää	t y l p i s t æːˣ	0
tylppägrafiittivalurauta	t y l pː æ ɡ r ɑ f iː tː i ʋ ɑ l u r ɑ u̯ t ɑ	0
tylpästi	t y l p æ s t iˣ	0
tylsentyä	t y l s e n t y æˣ	0
tylstyttää	t y l s t y tː æːˣ	0
tymidiinikinaasi	t y m i d iː n i k i n ɑː s i	0
tympeyttää	t y m p e y tː æːˣ	0
tympeästi	t y m p e æ s t iˣ	0
tympäännyttää	t y m p æː nː y tː æːˣ	0
tympääntynyt	t y m p æː n t y n y t	1
tymä	t y m æ	1
tynkä	t y ŋ k æ	2
tynkäkisat	t y ŋ k æ k i s ɑ t	0
tynnyreittäin	t y nː y r e i̯ tː æ i̯ n	0
tynnyriholvi	t y nː y r i h o l ʋ i	1
tynnyrikotelo	t y nː y r i k o t e l o	0
tynnyrinala	t y nː y r i n ɑ l ɑ	1
typensidonta	t y p e n s i d o n t ɑ	2
typensitoja	t y p e n s i t o j ɑ	0
typensitojabakteeri	t y p e n s i t o j ɑ b ɑ k t eː r i	0
typerryksiin	t y p e rː y k s iː n	0
typerryksissä	t y p e rː y k s i sː æ	0
typerryksistä	t y p e rː y k s i s t æ	0
typerryttää	t y p e rː y tː æːˣ	0
typertyä	t y p e r t y æˣ	0
typerästi	t y p e r æ s t iˣ	2
typettää	t y p e tː æːˣ	0
typografi	t y p o ɡ r ɑ f i	0
typologi	t y p o l o ɡ i	0
typologinen	t y p o l o ɡ i n e n	0
typpiatomi	t y pː i ɑ t o m i	0
typpibakteeri	t y pː i b ɑ k t eː r i	0
typpikaasu	t y pː i k ɑː s u	1
typpilannoite	t y pː i l ɑ nː o i̯ t eˣ	1
typpilannoitus	t y pː i l ɑ nː o i̯ t u s	7
typpiyhdiste	t y pː i y h d i s t eˣ	0
tyrehdyksiin	t y r e h d y k s iː n	0
tyrehdyksissä	t y r e h d y k s i sː æ	0
tyrehdyttäminen	t y r e h d y tː æ m i n e n	0
tyreoidiitti	t y r e o i̯ d iː tː i	0
tyrkylle	t y r k y lː eˣ	2
tyrkyllä	t y r k y lː æ	6
tyrkyttäytyä	t y r k y tː æ y t y æˣ	0
tyrkyttää	t y r k y tː æːˣ	7
tyrkätä	t y r k æ t æˣ	0
tyrmistyttää	t y r m i s t y tː æː	1
tyrmistyttää	t y r m i s t y tː æːˣ	1
tyrmistyä	t y r m i s t y æˣ	0
tyrni	t y r n i	8
tyrnävä	t y r n æ ʋ æ	19
tyrnäväläinen	t y r n æ ʋ æ l æ i̯ n e n	2
tyrosinaasi	t y r o s i n ɑː s i	0
tyrskiä	t y r s k i æˣ	0
tyrskyaallokko	t y r s k y ɑː lː o kː o	0
tyrskyaalto	t y r s k y ɑː l t o	0
tyrskähtää	t y r s k æ h t æːˣ	0
tyrävyö	t y r æ ʋ y ø̯	2
tyssähtää	t y sː æ h t æːˣ	0
tytti	t y tː i	30
tyttö	t y tː ø	361
tyttöenergia	t y tː ø e n e r ɡ i ɑ	0
tyttökissa	t y tː ø k i sː ɑ	2
tyttökoira	t y tː ø k o i̯ r ɑ	1
tyttöoppilas	t y tː ø o pː i l ɑ s	0
tyty	t y t y	0
tytyilijä	t y t y i̯ l i j æ	0
tytyillä	t y t y i̯ lː æˣ	0
tytär	t y t æ r	211
tytärkortti	t y t æ r k o r tː i	0
tytärlevy	t y t æ r l e ʋ y	0
tytötellä	t y t ø t e lː æˣ	0
tyven	t y ʋ e n	9
tyventyä	t y ʋ e n t y æˣ	0
tyvi	t y ʋ i	15
tyydyttymätön	t yː d y tː y m æ t ø n	0
tyydyttäminen	t yː d y tː æ m i n e n	16
tyylikausi	t yː l i k ɑ u̯ s i	0
tyylilaji	t yː l i l ɑ j i	9
tyylillisesti	t yː l i lː i s e s t iˣ	47
tyyliohje	t yː l i o h j eˣ	0
tyylisesti	t yː l i s e s t iˣ	3
tyylisuunta	t yː l i s uː n t ɑ	9
tyylitellä	t yː l i t e lː æˣ	1
tyylittömästi	t yː l i tː ø m æ s t iˣ	0
tyyne	t yː n e	17
tyynelle	t yː n e lː e	2
tyyni	t yː n i	30
tyynni	t yː nː iˣ	5
tyynnyttäminen	t yː nː y tː æ m i n e n	0
tyyny	t yː n y	15
tyynylaava	t yː n y l ɑː ʋ ɑ	0
tyynylakana	t yː n y l ɑ k ɑ n ɑ	0
tyypeittäin	t yː p e i̯ tː æ i̯ n	2
tyypitellä	t yː p i t e lː æˣ	1
tyypittää	t yː p i tː æːˣ	1
tyyppi	t yː pː i	195
tyyppiarvo	t yː pː i ɑ r ʋ o	1
tyyppiesimerkki	t yː pː i e s i m e r kː i	8
tyyppihyväksyntä	t yː pː i h y ʋ æ k s y n t æ	6
tyyppikatsastus	t yː pː i k ɑ t s ɑ s t u s	0
tyyppimuodostuma	t yː pː i m u o̯ d o s t u m ɑ	0
tyyppioppi	t yː pː i o pː i	0
tyyppitalo	t yː pː i t ɑ l o	0
tyyppiteoria	t yː pː i t e o r i ɑ	1
tyyrpuuri	t yː r p uː r i	0
tyyten	t yː t e n	1
tyytymättömästi	t yː t y m æ tː ø m æ s t iˣ	0
tyytyväisesti	t yː t y ʋ æ i̯ s e s t iˣ	0
tyytyväisyystakuu	t yː t y ʋ æ i̯ s yː s t ɑ k uː	4
tyytyä	t yː t y æˣ	85
työ	t y ø̯	2200
työaamu	t y ø̯ ɑː m u	0
työaika	t y ø̯ ɑ i̯ k ɑ	191
työaikakello	t y ø̯ ɑ i̯ k ɑ k e lː o	0
työajanseurantalaite	t y ø̯ ɑ j ɑ n s e u̯ r ɑ n t ɑ l ɑ i̯ t eˣ	0
työala	t y ø̯ ɑ l ɑ	3
työansio	t y ø̯ ɑ n s i o	1
työapu	t y ø̯ ɑ p u	1
työase	t y ø̯ ɑ s eˣ	0
työasento	t y ø̯ ɑ s e n t o	2
työasia	t y ø̯ ɑ s i ɑ	0
työasiamies	t y ø̯ ɑ s i ɑ m i e̯ s	0
työasu	t y ø̯ ɑ s u	3
työehto	t y ø̯ e h t o	0
työehtosopimus	t y ø̯ e h t o s o p i m u s	48
työeläke	t y ø̯ e l æ k eˣ	9
työeste	t y ø̯ e s t eˣ	2
työhaalari	t y ø̯ h ɑː l ɑ r i	0
työhakemisto	t y ø̯ h ɑ k e m i s t o	1
työhevonen	t y ø̯ h e ʋ o n e n	3
työhistoria	t y ø̯ h i s t o r i ɑ	12
työhousut	t y ø̯ h o u̯ s u t	0
työhullu	t y ø̯ h u lː u	0
työhygieenikko	t y ø̯ h y ɡ i eː n i kː o	0
työhygieeninen	t y ø̯ h y ɡ i eː n i n e n	2
työhygienia	t y ø̯ h y ɡ i e n i ɑ	2
työhäviö	t y ø̯ h æ ʋ i ø	0
työhönopastaja	t y ø̯ h ø n o p ɑ s t ɑ j ɑ	0
työhönopastus	t y ø̯ h ø n o p ɑ s t u s	0
työhönottaja	t y ø̯ h ø n o tː ɑ j ɑ	0
työhöntulo	t y ø̯ h ø n t u l o	1
työhöntulotarkastus	t y ø̯ h ø n t u l o t ɑ r k ɑ s t u s	0
työhönvalmennus	t y ø̯ h ø n ʋ ɑ l m e nː u s	5
työihminen	t y ø̯ i h m i n e n	0
työikä	t y ø̯ i k æ	0
työilmasto	t y ø̯ i l m ɑ s t o	0
työinto	t y ø̯ i n t o	0
työjakso	t y ø̯ j ɑ k s o	4
työjuna	t y ø̯ j u n ɑ	1
työjärjestö	t y ø̯ j æ r j e s t ø	4
työkalupalkki	t y ø̯ k ɑ l u p ɑ l kː i	0
työkalusto	t y ø̯ k ɑ l u s t o	3
työkaluvihje	t y ø̯ k ɑ l u ʋ i h j eˣ	0
työkansa	t y ø̯ k ɑ n s ɑ	0
työkappale	t y ø̯ k ɑ pː ɑ l eˣ	2
työkausi	t y ø̯ k ɑ u̯ s i	3
työkenttä	t y ø̯ k e n tː æ	8
työkeskus	t y ø̯ k e s k u s	18
työkeskusliike	t y ø̯ k e s k u s l iː k eˣ	0
työkieli	t y ø̯ k i e̯ l i	3
työkierto	t y ø̯ k i e̯ r t o	3
työkiire	t y ø̯ k iː r eˣ	0
työkimalainen	t y ø̯ k i m ɑ l ɑ i̯ n e n	0
työkirja	t y ø̯ k i r j ɑ	14
työkohde	t y ø̯ k o h d eˣ	5
työkokeilu	t y ø̯ k o k e i̯ l u	4
työkokous	t y ø̯ k o k o u s	9
työkomennus	t y ø̯ k o m e nː u s	1
työkomennuskunta	t y ø̯ k o m e nː u s k u n t ɑ	0
työkone	t y ø̯ k o n eˣ	16
työkunta	t y ø̯ k u n t ɑ	0
työkunto	t y ø̯ k u n t o	0
työkuntoinen	t y ø̯ k u n t o i̯ n e n	0
työkuorma	t y ø̯ k u o̯ r m ɑ	1
työkustannus	t y ø̯ k u s t ɑ nː u s	1
työkykyisyys	t y ø̯ k y k y i̯ s yː s	3
työkyvyttömyys	t y ø̯ k y ʋ y tː ø m yː s	22
työkyvyttömyysaste	t y ø̯ k y ʋ y tː ø m yː s ɑ s t eˣ	1
työkyvyttömyyspäivä	t y ø̯ k y ʋ y tː ø m yː s p æ i̯ ʋ æ	0
työkyvytön	t y ø̯ k y ʋ y t ø n	8
työkäsine	t y ø̯ k æ s i n eˣ	0
työlaulu	t y ø̯ l ɑ u̯ l u	0
työleveys	t y ø̯ l e ʋ e y s	3
työliike	t y ø̯ l iː k eˣ	1
työlista	t y ø̯ l i s t ɑ	2
työllistymismahdollisuus	t y ø̯ lː i s t y m i s m ɑ h d o lː i s uː s	0
työllistäminen	t y ø̯ lː i s t æ m i n e n	39
työllisyystyö	t y ø̯ lː i s yː s t y ø̯	0
työlupa	t y ø̯ l u p ɑ	12
työläisasunto	t y ø̯ l æ i̯ s ɑ s u n t o	0
työläiskaupunginosa	t y ø̯ l æ i̯ s k ɑ u̯ p u ŋː i n o s ɑ	0
työlästyttää	t y ø̯ l æ s t y tː æːˣ	0
työlästyä	t y ø̯ l æ s t y æˣ	0
työlääketiede	t y ø̯ l æː k eˣ t i e̯ d eˣ	2
työläästi	t y ø̯ l æː s t iˣ	0
työmaakypärä	t y ø̯ m ɑː k y p æ r æ	0
työmaaruokala	t y ø̯ m ɑː r u o̯ k ɑ l ɑ	0
työmahdollisuus	t y ø̯ m ɑ h d o lː i s uː s	0
työmarkkinaosapuoli	t y ø̯ m ɑ r kː i n ɑ o s ɑ p u o̯ l i	0
työmarkkinapolitiikka	t y ø̯ m ɑ r kː i n ɑ p o l i t iː kː ɑ	1
työmarkkinatilanne	t y ø̯ m ɑ r kː i n ɑ t i l ɑ nː eˣ	0
työmarkkinatuki	t y ø̯ m ɑ r kː i n ɑ t u k i	17
työmatkajuna	t y ø̯ m ɑ t k ɑ j u n ɑ	0
työmatkalainen	t y ø̯ m ɑ t k ɑ l ɑ i̯ n e n	0
työmehiläinen	t y ø̯ m e h i l æ i̯ n e n	0
työmenetelmä	t y ø̯ m e n e t e l m æ	7
työmoraali	t y ø̯ m o r ɑː l i	7
työmuisti	t y ø̯ m u i̯ s t i	1
työmuurahainen	t y ø̯ m uː r ɑ h ɑ i̯ n e n	0
työmyyrä	t y ø̯ m yː r æ	1
työmääräraha	t y ø̯ m æː r æ r ɑ h ɑ	0
työmääräys	t y ø̯ m æː r æ y s	1
työnantaja	t y ø̯ n ɑ n t ɑ j ɑ	485
työnanto	t y ø̯ n ɑ n t o	0
työnarviointi	t y ø̯ n ɑ r ʋ i o i̯ n t i	0
työnfysiologia	t y ø̯ n f y s i o l o ɡ i ɑ	0
työnhaku	t y ø̯ n h ɑ k u	12
työnilo	t y ø̯ n i l o	4
työnimi	t y ø̯ n i m i	8
työnimike	t y ø̯ n i m i k eˣ	2
työnjohto	t y ø̯ n j o h t o	7
työnnellä	t y ø̯ nː e lː æˣ	1
työnohjaaja	t y ø̯ n o h j ɑː j ɑ	8
työnopastaja	t y ø̯ n o p ɑ s t ɑ j ɑ	0
työnopastus	t y ø̯ n o p ɑ s t u s	2
työnormi	t y ø̯ n o r m i	0
työnsaanti	t y ø̯ n s ɑː n t i	2
työnseisaus	t y ø̯ n s e i̯ s ɑ u s	2
työnsulku	t y ø̯ n s u l k u	0
työntekijäjärjestö	t y ø̯ n t e k i j æ j æ r j e s t ø	0
työntekopaikka	t y ø̯ n t e k o p ɑ i̯ kː ɑ	0
työntouhu	t y ø̯ n t o u̯ h u	0
työntutkija	t y ø̯ n t u t k i j ɑ	0
työntutkimus	t y ø̯ n t u t k i m u s	1
työntäytyä	t y ø̯ n t æ y t y æˣ	0
työntää	t y ø̯ n t æːˣ	70
työntökärryt	t y ø̯ n t ø k æ rː y t	0
työnvalvoja	t y ø̯ n ʋ ɑ l ʋ o j ɑ	0
työnvälitys	t y ø̯ n ʋ æ l i t y s	8
työnäky	t y ø̯ n æ k y	2
työnäkymä	t y ø̯ n æ k y m æ	0
työnäyte	t y ø̯ n æ y̯ t eˣ	1
työnäytös	t y ø̯ n æ y̯ t ø s	1
työohje	t y ø̯ o h j eˣ	3
työohjelma	t y ø̯ o h j e l m ɑ	18
työoikeus	t y ø̯ o i̯ k e u s	4
työolosuhteet	t y ø̯ o l o s u h t eː t	26
työosuus	t y ø̯ o s uː s	2
työosuuskunta	t y ø̯ o s uː s k u n t ɑ	8
työpaikka	t y ø̯ p ɑ i̯ kː ɑ	171
työpaikkademokratia	t y ø̯ p ɑ i̯ kː ɑ d e m o k r ɑ t i ɑ	1
työpaikkahaastattelu	t y ø̯ p ɑ i̯ kː ɑ h ɑː s t ɑ tː e l u	1
työpaikkahenki	t y ø̯ p ɑ i̯ kː ɑ h e ŋ k i	0
työpaikkakiusaaja	t y ø̯ p ɑ i̯ kː ɑ k i u̯ s ɑː j ɑ	0
työpaikkakiusaaminen	t y ø̯ p ɑ i̯ kː ɑ k i u̯ s ɑː m i n e n	3
työpaikkakoulutus	t y ø̯ p ɑ i̯ kː ɑ k o u̯ l u t u s	0
työpaikkaliikunta	t y ø̯ p ɑ i̯ kː ɑ l iː k u n t ɑ	2
työpaikkalääkäri	t y ø̯ p ɑ i̯ kː ɑ l æː k æ r i	0
työpaikkamusiikki	t y ø̯ p ɑ i̯ kː ɑ m u s iː kː i	0
työpaikkarakkaus	t y ø̯ p ɑ i̯ kː ɑ r ɑ kː ɑ u s	0
työpaikkaruokailu	t y ø̯ p ɑ i̯ kː ɑ r u o̯ k ɑ i̯ l u	4
työpaikkaruokala	t y ø̯ p ɑ i̯ kː ɑ r u o̯ k ɑ l ɑ	1
työpaikkasyrjintä	t y ø̯ p ɑ i̯ kː ɑ s y r j i n t æ	0
työpaikkatupakointi	t y ø̯ p ɑ i̯ kː ɑ t u p ɑ k o i̯ n t i	0
työpaine	t y ø̯ p ɑ i̯ n eˣ	4
työpakko	t y ø̯ p ɑ kː o	1
työpalkka	t y ø̯ p ɑ l kː ɑ	1
työpalvelu	t y ø̯ p ɑ l ʋ e l u	3
työpalvelus	t y ø̯ p ɑ l ʋ e l u s	0
työpaperi	t y ø̯ p ɑ p e r i	0
työperäisyys	t y ø̯ p e r æ i̯ s yː s	0
työpiirustus	t y ø̯ p iː r u s t u s	1
työpinta	t y ø̯ p i n t ɑ	0
työpituus	t y ø̯ p i t uː s	0
työprosessi	t y ø̯ p r o s e sː i	9
työpsykologia	t y ø̯ p s y k o l o ɡ i ɑ	4
työpuku	t y ø̯ p u k u	0
työpusero	t y ø̯ p u s e r o	1
työputki	t y ø̯ p u t k i	2
työpäällikkö	t y ø̯ p æː lː i kː ø	2
työpöytäympäristö	t y ø̯ p ø y̯ t æ y m p æ r i s t ø	0
työrajoite	t y ø̯ r ɑ j o i̯ t eˣ	0
työrasitus	t y ø̯ r ɑ s i t u s	0
työrauhavelvoite	t y ø̯ r ɑ u̯ h ɑ ʋ e l ʋ o i̯ t eˣ	2
työreki	t y ø̯ r e k i	0
työriita	t y ø̯ r iː t ɑ	0
työrikos	t y ø̯ r i k o s	0
työrupeama	t y ø̯ r u p e ɑ m ɑ	10
työruuhka	t y ø̯ r uː h k ɑ	1
työrytmi	t y ø̯ r y t m i	2
työsaarto	t y ø̯ s ɑː r t o	0
työsaavutus	t y ø̯ s ɑː ʋ u t u s	0
työsarka	t y ø̯ s ɑ r k ɑ	12
työselite	t y ø̯ s e l i t eˣ	0
työselitys	t y ø̯ s e l i t y s	2
työselkkaus	t y ø̯ s e l kː ɑ u s	0
työsiirtola	t y ø̯ s iː r t o l ɑ	2
työskentelykausi	t y ø̯ s k e n t e l y k ɑ u̯ s i	0
työskentelypinta	t y ø̯ s k e n t e l y p i n t ɑ	0
työskentelytapa	t y ø̯ s k e n t e l y t ɑ p ɑ	18
työsopimus	t y ø̯ s o p i m u s	92
työsopimussuhde	t y ø̯ s o p i m u s s u h d eˣ	3
työsopimussuhteinen	t y ø̯ s o p i m u s s u h t e i̯ n e n	1
työssäkäyntialue	t y ø̯ sː æ k æ y̯ n t i ɑ l u eˣ	2
työstämisvaihe	t y ø̯ s t æ m i s ʋ ɑ i̯ h eˣ	0
työsuhdeasunto	t y ø̯ s u h d eˣ ɑ s u n t o	2
työsuhdelippu	t y ø̯ s u h d eˣ l i pː u	0
työsuhdematkalippu	t y ø̯ s u h d eˣ m ɑ t k ɑ l i pː u	0
työsuojeluasiamies	t y ø̯ s u o̯ j e l u ɑ s i ɑ m i e̯ s	3
työsuojeluneuvos	t y ø̯ s u o̯ j e l u n e u̯ ʋ o s	0
työsuojelupäällikkö	t y ø̯ s u o̯ j e l u p æː lː i kː ø	21
työsuojelutoimikunta	t y ø̯ s u o̯ j e l u t o i̯ m i k u n t ɑ	11
työsuoritus	t y ø̯ s u o̯ r i t u s	9
työsuunnitelma	t y ø̯ s uː nː i t e l m ɑ	38
työsyvyys	t y ø̯ s y ʋ yː s	2
työtaakka	t y ø̯ t ɑː kː ɑ	9
työtahti	t y ø̯ t ɑ h t i	15
työtaistelurahasto	t y ø̯ t ɑ i̯ s t e l u r ɑ h ɑ s t o	0
työtaistelutoimi	t y ø̯ t ɑ i̯ s t e l u t o i̯ m i	0
työtakki	t y ø̯ t ɑ kː i	0
työtapa	t y ø̯ t ɑ p ɑ	21
työtarmo	t y ø̯ t ɑ r m o	0
työtarvike	t y ø̯ t ɑ r ʋ i k eˣ	0
työtaso	t y ø̯ t ɑ s o	4
työtauko	t y ø̯ t ɑ u̯ k o	0
työteho	t y ø̯ t e h o	12
työteline	t y ø̯ t e l i n eˣ	1
työtempo	t y ø̯ t e m p o	0
työterveys	t y ø̯ t e r ʋ e y s	11
työterveysasema	t y ø̯ t e r ʋ e y s ɑ s e m ɑ	2
työtila	t y ø̯ t i l ɑ	15
työtilaisuus	t y ø̯ t i l ɑ i̯ s uː s	0
työtilanne	t y ø̯ t i l ɑ nː eˣ	11
työtoverukset	t y ø̯ t o ʋ e r u k s e t	0
työtoveruus	t y ø̯ t o ʋ e r uː s	1
työttömyys	t y ø̯ tː ø m yː s	266
työttömyyseläke	t y ø̯ tː ø m yː s e l æ k eˣ	5
työttömyysetuus	t y ø̯ tː ø m yː s e t uː s	0
työttömyyskausi	t y ø̯ tː ø m yː s k ɑ u̯ s i	2
työttömyyskorvaus	t y ø̯ tː ø m yː s k o r ʋ ɑ u s	2
työttömyystyö	t y ø̯ tː ø m yː s t y ø̯	1
työtulo	t y ø̯ t u l o	19
työtulos	t y ø̯ t u l o s	3
työtunti	t y ø̯ t u n t i	1
työtuomioistuin	t y ø̯ t u o̯ m i o i s t u i̯ n	8
työtupa	t y ø̯ t u p ɑ	5
työturma	t y ø̯ t u r m ɑ	0
työturvallisuus	t y ø̯ t u r ʋ ɑ lː i s uː s	32
työtä	t y ø̯ t æ	2354
työura	t y ø̯ u r ɑ	9
työurakka	t y ø̯ u r ɑ kː ɑ	3
työuupumus	t y ø̯ uː p u m u s	14
työvaate	t y ø̯ ʋ ɑː t eˣ	4
työvaihe	t y ø̯ ʋ ɑ i̯ h eˣ	20
työvalaisin	t y ø̯ ʋ ɑ l ɑ i̯ s i n	1
työvalaistus	t y ø̯ ʋ ɑ l ɑ i̯ s t u s	0
työvara	t y ø̯ ʋ ɑ r ɑ	0
työvauhti	t y ø̯ ʋ ɑ u̯ h t i	0
työvelvoite	t y ø̯ ʋ e l ʋ o i̯ t eˣ	1
työvelvollisuus	t y ø̯ ʋ e l ʋ o lː i s uː s	3
työvene	t y ø̯ ʋ e n eˣ	2
työvierailu	t y ø̯ ʋ i e̯ r ɑ i̯ l u	0
työviihtyvyys	t y ø̯ ʋ iː h t y ʋ yː s	3
työvire	t y ø̯ ʋ i r eˣ	3
työvoimapolitiikka	t y ø̯ ʋ o i̯ m ɑ p o l i t iː kː ɑ	4
työvoitto	t y ø̯ ʋ o i̯ tː o	3
työvuorolista	t y ø̯ ʋ u o̯ r o l i s t ɑ	1
työvuoroluettelo	t y ø̯ ʋ u o̯ r o l u e tː e l o	6
työvuosi	t y ø̯ ʋ u o̯ s i	5
työväenaate	t y ø̯ ʋ æ e n ɑː t eˣ	0
työväenasunto	t y ø̯ ʋ æ e n ɑ s u n t o p	2
työväenjuhla	t y ø̯ ʋ æ e n j u h l ɑ	0
työväenkulttuuri	t y ø̯ ʋ æ e n k u l tː uː r i	2
työväenkysymys	t y ø̯ ʋ æ e n k y s y m y s	0
työväenperinne	t y ø̯ ʋ æ e n p e r i nː eˣ	2
työväentalo	t y ø̯ ʋ æ e n t ɑ l o	16
työväestö	t y ø̯ ʋ æ e s t ø	4
työväsymys	t y ø̯ ʋ æ s y m y s	1
työyksikkö	t y ø̯ y k s i kː ø	3
täbäri	t æ b æ r i	0
tädyke	t æ d y k eˣ	0
tähde	t̪ æ ç d e̞	1
tähdenlento	t æ h d e n l e n t o	1
tähdenlentomainen	t æ h d e n l e n t o m ɑ i̯ n e n	0
tähdentyä	t æ h d e n t y æˣ	0
tähdenväli	t æ h d e n ʋ æ l i	0
tähdistö	t æ h d i s t ø	5
tähkä	t æ h k æ	13
tähkähirssi	t æ h k æ h i r sː i	0
tähkäpää	t æ h k æ p æː	3
tähti	t æ h t i	168
tähtihedelmä	t æ h t i h e d e l m æ	0
tähtikartta	t æ h t i k ɑ r tː ɑ	3
tähtikaukoputki	t æ h t i k ɑ u̯ k o p u t k i	0
tähtikirjaaja	t æ h t i k i r j ɑː j ɑ	0
tähtikolmiokytkin	t æ h t i k o l m i o k y t k i n	0
tähtikultti	t æ h t i k u l tː i	0
tähtikytkentä	t æ h t i k y t k e n t æ	0
tähtilippu	t æ h t i l i pː u	1
tähtiluettelo	t æ h t i l u e tː e l o	1
tähtiluokka	t æ h t i l u o̯ kː ɑ	0
tähtimannekiini	t æ h t i m ɑ nː e k iː n i	0
tähtimato	t æ h t i m ɑ t o	0
tähtinäyttelijä	t æ h t i n æ y̯ tː e l i j æ	0
tähtipoika	t æ h t i p o i̯ k ɑ	0
tähtisilmä	t æ h t i s i l m æ	0
tähtisumu	t æ h t i s u m u	1
tähtitalvikki	t æ h t i t ɑ l ʋ i kː i	1
tähtitarha	t æ h t i t ɑ r h ɑ	0
tähtitorni	t æ h t i t o r n i	14
tähtivalokuvaus	t æ h t i ʋ ɑ l o k u ʋ ɑ u s	0
tähtivyö	t æ h t i ʋ y ø̯	0
tähtäillä	t æ h t æ i̯ lː æˣ	1
tähtäys	t æ h t æ y s	6
tähysteisesti	t æ h y s t e i̯ s e s t iˣ	0
tähystellä	t æ h y s t e lː æˣ	0
täi	t æ i̯	4
täkkä	t æ kː æ	0
täky	t æ k y	1
tällainen	t æ l l ɑ i̯ n e n	1039
tällainen	t æ lː ɑ i̯ n e n	1039
tälläinen	t æ lː æ i̯ n e n	26
tälläytyä	t æ lː æ y t y æˣ	0
tältään	t æ l t æː n	0
tämmöinen	t æ mː ø i̯ n e n	15
tämä	t æ m æ	13288
tämänlainen	t æ m æ n l ɑ i̯ n e n	6
tämänpuoleinen	t æ m æ m p u o̯ l e i̯ n e n	1
tämänpuoleinen	t æ m æ n p u o̯ l e i̯ n e n	1
tänne	t æ nː eˣ	525
tännemmä	t æ nː e mː æ	0
tännemmäksi	t æ nː e mː æ k s i	0
tännemmäs	t æ nː e mː æ s	0
tännempänä	t æ nː e m p æ n æ	0
tännempää	t æ nː e m p æː	0
tänäinen	t æ n æ i̯ n e n	0
täplittyä	t æ p l i tː y æˣ	0
täplä	t æ p l æ	10
täplävärjäys	t æ p l æ ʋ æ r j æ y s	0
tärinänvaimennus	t æ r i n æ n ʋ ɑ i̯ m e nː u s	1
tärisyttää	t æ r i s y tː æːˣ	0
tärkeilevästi	t æ r k e i̯ l e ʋ æ s t iˣ	0
tärkeillä	t æ r k e i̯ lː æˣ	16
tärkein	t æ r k e i̯ n	949
tärkeä	t æ r k e æ	2111
tärkkelysjauho	t æ r kː e l y s j ɑ u̯ h o	0
tärkkelyssiirappi	t æ r kː e l y s s iː r ɑ pː i	3
tärpätä	t æ r p æ t æˣ	1
tärskähdellä	t æ r s k æ h d e lː æˣ	0
tärskähtää	t æ r s k æ h t æːˣ	0
tärskäyttää	t æ r s k æ y tː æːˣ	1
tärvellä	t æ r ʋ e lː æˣ	1
tärveltyä	t æ r ʋ e l t y æˣ	0
tärvätä	t æ r ʋ æ t æˣ	1
tärväytyä	t æ r ʋ æ y t y æˣ	0
tärvääntyä	t æ r ʋ æː n t y æˣ	0
tärähdellä	t æ r æ h d e lː æˣ	0
tärähdyttää	t æ r æ h d y tː æːˣ	0
täsmentyä	t æ s m e n t y æˣ	2
täsmällistyä	t æ s m æ lː i s t y æˣ	0
täsmällistää	t æ s m æ lː i s t æːˣ	0
täsmälähetys	t æ s m æ l æ h e t y s	0
täsmälääke	t æ s m æ l æː k eˣ	1
täsmävaaka	t æ s m æ ʋ ɑː k ɑ	0
täsmäyttää	t æ s m æ y tː æːˣ	2
tässä	t æ sː æ	7980
täten	t æ t e n	283
täti	t æ t i	25
tätienergia	t æ t i e n e r ɡ i ɑ	1
tätimäisesti	t æ t i m æ i̯ s e s t iˣ	0
tävy	t æ ʋ y	0
täydelleen	t æ y̯ d e lː eː n	6
täydellisesti	t æ y̯ d e lː i s e s t iˣ	266
täydellistyttää	t æ y̯ d e lː i s t y tː æːˣ	0
täydellistyä	t æ y̯ d e lː i s t y æˣ	0
täydellistää	t æ y̯ d e lː i s t æːˣ	0
täydennellä	t æ y̯ d e nː e lː æˣ	0
täydennyserä	t æ y̯ d e nː y s e r æ	0
täydennysinventointi	t æ y̯ d e nː y s i n ʋ e n t o i̯ n t i	0
täydennysrakentaminen	t æ y̯ d e nː y s r ɑ k e n t ɑ m i n e n	7
täydentyä	t æ y̯ d e n t y æˣ	1
täydesti	t æ y̯ d e s t iˣ	3
täydy	t æ y̯ d yˣ	2
täysaikainen	t æ y̯ s ɑ i̯ k ɑ i̯ n e n	1
täysarvoinen	t æ y̯ s ɑ r ʋ o i̯ n e n	0
täysautomaattinen	t æ y̯ s ɑ u t o m ɑː tː i n e n	6
täysbarokki	t æ y̯ s b ɑ r o kː i	0
täysgotiikka	t æ y̯ s ɡ o t iː kː ɑ	0
täyshoito	t æ y̯ s h o i̯ t o	1
täyshullu	t æ y̯ s h u lː u	0
täyshuolto	t æ y̯ s h u o̯ l t o	0
täysi	t æ y̯ s i	179
täysiarvoinen	t æ y̯ s i ɑ r ʋ o i̯ n e n	5
täysihoito	t æ y̯ s i h o i̯ t o	20
täysihoitola	t æ y̯ s i h o i̯ t o l ɑ	0
täysijärkinen	t æ y̯ s i j æ r k i n e n	1
täysikulma	t æ y̯ s i k u l m ɑ	1
täysikuu	t æ y̯ s i k uː	5
täysikäinen	t æ y̯ s i k æ i̯ n e n	0
täysilukuisesti	t æ y̯ s i l u k u i̯ s e s t iˣ	0
täysimittaisesti	t æ y̯ s i m i tː ɑ i̯ s e s t iˣ	4
täysin	t æ y̯ s i n	2899
täysinoppinut	t æ y̯ s i n o pː i n u t	1
täysinpalvellut	t æ y̯ s i n p ɑ l ʋ e lː u t	1
täysipainoisesti	t æ y̯ s i p ɑ i̯ n o i̯ s e s t iˣ	46
täysipäiväinen	t æ y̯ s i p æ i̯ ʋ æ i̯ n e n	5
täysipäiväisesti	t æ y̯ s i p æ i̯ ʋ æ i̯ s e s t iˣ	12
täysitehoisesti	t æ y̯ s i t e h o i̯ s e s t iˣ	2
täysivaltaisesti	t æ y̯ s i ʋ ɑ l t ɑ i̯ s e s t iˣ	0
täysivoimaisesti	t æ y̯ s i ʋ o i̯ m ɑ i̯ s e s t iˣ	0
täysjyväjauho	t æ y̯ s j y ʋ æ j ɑ u̯ h o	0
täysjärkinen	t æ y̯ s j æ r k i n e n	1
täyslaidallinen	t æ y̯ s l ɑ i̯ d ɑ lː i n e n	1
täysosuma	t æ y̯ s o s u m ɑ	23
täysparta	t æ y̯ s p ɑ r t ɑ	0
täyspitkä	t æ y̯ s p i t k æ	9
täyspäinen	t æ y̯ s p æ i̯ n e n	0
täyspäisesti	t æ y̯ s p æ i̯ s e s t iˣ	0
täyspäiväinen	t æ y̯ s p æ i̯ ʋ æ i̯ n e n	0
täyspäiväisesti	t æ y̯ s p æ i̯ ʋ æ i̯ s e s t iˣ	2
täysrehu	t æ y̯ s r e h u	0
täysrenessanssi	t æ y̯ s r e n e sː ɑ n sː i	0
täyssisarus	t æ y̯ s s i s ɑ r u s	0
täyssäilyke	t æ y̯ s s æ i̯ l y k eˣ	0
täystakiloitu	t æ y̯ s t ɑ k i l o i̯ t u	0
täystauko	t æ y̯ s t ɑ u̯ k o	0
täystuho	t æ y̯ s t u h o	0
täystyrmäys	t æ y̯ s t y r m æ y s	0
täystyöllisyys	t æ y̯ s t y ø̯ lː i s yː s	13
täysvaltainen	t æ y̯ s ʋ ɑ l t ɑ i̯ n e n	0
täysvarjo	t æ y̯ s ʋ ɑ r j o	0
täyteaine	t æ y̯ t eˣ ɑ i̯ n eˣ	0
täyteinen	t æ y̯ t e i̯ n e n	4
täytekakku	t æ y̯ t eˣ k ɑ kː u	2
täytelanka	t æ y̯ t eˣ l ɑ ŋ k ɑ	1
täytellä	t æ y̯ t e lː æˣ	0
täyteläisesti	t æ y̯ t e l æ i̯ s e s t iˣ	0
täyteläistyä	t æ y̯ t e l æ i̯ s t y æˣ	0
täyteläistää	t æ y̯ t e l æ i̯ s t æːˣ	0
täytemaa	t æ y̯ t eˣ m ɑː	1
täytemateriaali	t æ y̯ t eˣ m ɑ t e r i ɑː l i	2
täytesuklaa	t æ y̯ t eˣ s u k l ɑː	0
täyttyä	t æ y̯ tː y æˣ	31
täyttää	t æ y̯ tː æːˣ	1174
täyttömaa	t æ y̯ tː ø m ɑː	2
täytyi	t æ y̯ t y i̯	103
täytyisi	t æ y̯ t y i̯ s i	70
täytyne	t æ y̯ t y n eˣ	0
täytynee	t æ y̯ t y n eː	8
täytynyt	t æ y̯ t y n y t	78
täytyy	t æ y̯ t yː	1692
täytyä	t æ y̯ t y æˣ	0
tää	t æː	176
täällä	t æː lː æ	1736
töherrellä	t ø h e rː e lː æˣ	0
töhriintyä	t ø h r iː n t y æˣ	0
töhriytyä	t ø h r i y t y æˣ	0
töhryinen	t ø h r y i̯ n e n	0
töhrätä	t ø h r æ t æˣ	0
töhräytyä	t ø h r æ y t y æˣ	0
töitä	t ø i̯ t æ	884
töksähtää	t ø k s æ h t æːˣ	1
töksäyttää	t ø k s æ y tː æːˣ	0
tököttää	t ø k ø tː æːˣ	0
tölkinavaaja	t ø l k i n ɑ ʋ ɑː j ɑ	0
tölkittää	t ø l k i tː æːˣ	0
tölkki	t ø l kː i	13
töllistellä	t ø lː i s t e lː æˣ	0
töllätä	t ø lː æ t æˣ	0
tölviä	t ø l ʋ i æˣ	0
tölvätä	t ø l ʋ æ t æˣ	0
tömistää	t ø m i s t æːˣ	0
tömisyttää	t ø m i s y tː æːˣ	0
tömähdellä	t ø m æ h d e lː æˣ	0
tömäyttää	t ø m æ y tː æːˣ	0
töniminen	t ø n i m i n e n	3
tönkkö	t ø ŋ kː ø	0
töppäillä	t ø pː æ i̯ lː æˣ	0
töppöillä	t ø pː ø i̯ lː æˣ	0
töppönen	t ø pː ø n e n	0
töppösilleen	t ø pː ø s i lː eː n	0
töppösillään	t ø pː ø s i lː æː n	0
töpätä	t ø p æ t æˣ	0
töpökattara	t ø p ø k ɑ tː ɑ r ɑ	0
töpöttää	t ø p ø tː æːˣ	0
törkeillä	t ø r k e i̯ lː æˣ	0
törkeästi	t ø r k e æ s t iˣ	5
törkkiä	t ø r kː i æˣ	0
törkyisesti	t ø r k y i̯ s e s t iˣ	0
törkätä	t ø r k æ t æˣ	0
törmäillä	t ø r m æ i̯ lː æˣ	1
törmärannikko	t ø r m æ r ɑ nː i kː o	0
törmätä	t ø r m æ t æˣ	30
törmäys	t ø r m æ y s	15
törppöillä	t ø r pː ø i̯ lː æˣ	0
törrölle	t ø rː ø lː eˣ	0
törrölleen	t ø rː ø lː eː n	0
törröllä	t ø rː ø lː æ	0
törröllään	t ø rː ø lː æː n	0
törrösara	t ø rː ø s ɑ r ɑ	0
törttöillä	t ø r tː ø i̯ lː æˣ	0
törähdyttää	t ø r æ h d y tː æːˣ	0
törähtää	t ø r æ h t æːˣ	0
töräyttää	t ø r æ y tː æːˣ	0
törökki	t ø r ø kː i	0
törölle	t ø r ø lː eˣ	0
törölleen	t ø r ø lː eː n	0
töröllä	t ø r ø lː æ	0
töröllään	t ø r ø lː æː n	1
törössä	t ø r ø sː æ	0
töröttää	t ø r ø tː æːˣ	1
töröön	t ø r øː n	0
tötterö	t ø tː e r ø	1
töydätä	t ø y̯ d æ t æˣ	0
töyhtö	t ø y̯ h t ø	0
töykätä	t ø y̯ k æ t æˣ	0
töyssy	t ø y̯ sː y	2
töyssyttää	t ø y̯ sː y tː æːˣ	1
töyssähdellä	t ø y̯ sː æ h d e lː æˣ	0
töyssähtää	t ø y̯ sː æ h t æːˣ	0
töötöttää	t øː t ø tː æːˣ	0
tšekki	t s e kː i	0
tšekki	t ʃ e kː i	0
tšekkiläinen	t ʃ e kː i l æ i̯ n e n	0
u.s.a.	uː e s ɑː	0
udar	u d ɑ r	0
udi	u d i	0
udmurtia	u d m u r t i ɑ	0
ufo	u f o	18
ufo	uː f o	18
ufoilla	u f o i̯ lː ɑ	1
ufoilla	u f o i̯ lː ɑˣ	1
ufologia	u f o l o ɡ i ɑ	3
uganda	u ɡ ɑ n d ɑ	2
uhalla	u h ɑ lː ɑ	31
uhka	u h k ɑ	218
uhkailla	u h k ɑ i̯ lː ɑˣ	4
uhkailu	u h k ɑ i̯ l u	5
uhkapeli	u h k ɑ p e l i	2
uhkea	u h k e ɑ	5
uhkeasti	u h k e ɑ s t iˣ	0
uhmakausi	u h m ɑ k ɑ u̯ s i	0
uhmapäisesti	u h m ɑ p æ i̯ s e s t iˣ	0
uhmata	u h m ɑ t ɑˣ	12
uhrautuvasti	u h r ɑ u t u ʋ ɑ s t iˣ	1
uhri	u h r i	91
uhriluku	u h r i l u k u	0
uhrimenot	u h r i m e n o t	0
uhripaikka	u h r i p ɑ i̯ kː ɑ	2
uhripöytä	u h r i p ø y̯ t æ	0
uhriutua	u h r i u t u ɑˣ	0
uhvatta	u h ʋ ɑ tː ɑ	0
ui	u i̯	34
ui	u i̯ˣ	34
uida	u i̯ d ɑˣ	47
uiden	u i̯ d e n	6
uija	u i̯ j ɑ	0
uimapukusillaan	u i̯ m ɑ p u k u s i lː ɑː n	0
uimapukusilleen	u i̯ m ɑ p u k u s i lː eː n	0
uimari	u i̯ m ɑ r i	3
uimasillaan	u i̯ m ɑ s i lː ɑː n	0
uimasilleen	u i̯ m ɑ s i lː eː n	1
uiminen	u i̯ m i n e n	24
uinen	u i̯ n e n	0
uinti	u i̯ n t i	57
uintimatka	u i̯ n t i m ɑ t k ɑ	4
uiskennella	u i̯ s k e nː e lː ɑˣ	3
uit	u i̯ t	3
uittaa	u i̯ tː ɑːˣ	3
uitto	u i̯ tː o	17
uittokanava	u i̯ tː o k ɑ n ɑ ʋ ɑ	0
uittokeksi	u i̯ tː o k e k s i	0
uittoneuvos	u i̯ tː o n e u̯ ʋ o s	0
uittopuomi	u i̯ tː o p u o̯ m i	0
uittopäällikkö	u i̯ tː o p æː lː i kː ø	0
uittotyö	u i̯ tː o t y ø̯	0
uivelo	u i̯ ʋ e l o	4
ujostelematon	u j o s t e l e m ɑ t o n	0
ujostelemattomasti	u j o s t e l e m ɑ tː o m ɑ s t iˣ	0
ujostella	u j o s t e lː ɑˣ	3
ujous	u j o u s	5
ujua	u j u ɑˣ	1
ukaasi	u k ɑː s i	2
ukk	uː k oː k oː	4
ukkeli	u kː e l i	3
ukki	u kː i	7
ukko	u kː o	44
ukkohousut	u kː o h o u̯ s u t	0
ukkomansikka	u kː o m ɑ n s i kː ɑ	1
ukkonen	u kː o n e n	29
ukkosenilma	u kː o s e n i l m ɑ	0
ukkoskuuro	u kː o s k uː r o	1
ukkosmyrsky	u kː o s m y r s k y	4
ukkostutka	u kː o s t u t k ɑ	0
ukonkaari	u k o n k ɑː r i	0
ukonkeltano	u k o n k e l t ɑ n o	0
ukontatar	u k o n t ɑ t ɑ r	0
ukraina	u k r ɑ i̯ n ɑ	9
uksi	u k s i	0
uljas	u l j ɑ s	31
ulkoa	u l k o ɑ	430
ulkofile	u l k o f i l eˣ	0
ulkohalkaisija	u l k o h ɑ l k ɑ i̯ s i j ɑ	2
ulkohousut	u l k o h o u̯ s u t	0
ulkoilmaelämä	u l k o i l m ɑ e l æ m æ	0
ulkoilmaihminen	u l k o i l m ɑ i h m i n e n	0
ulkoilmajuhla	u l k o i l m ɑ j u h l ɑ	0
ulkoilmamaalaus	u l k o i l m ɑ m ɑː l ɑ u s	2
ulkoilmanäyttely	u l k o i l m ɑ n æ y̯ tː e l y	0
ulkoilualue	u l k o i̯ l u ɑ l u eˣ	16
ulkoilutakki	u l k o i̯ l u t ɑ kː i	3
ulkoiluvaate	u l k o i̯ l u ʋ ɑː t eˣ	0
ulkoiluvarusteet	u l k o i̯ l u ʋ ɑ r u s t eː t	1
ulkoinen	u l k o i̯ n e n	123
ulkoistaa	u l k o i̯ s t ɑːˣ	33
ulkokeittiö	u l k o k e i̯ tː i ø	0
ulkokissa	u l k o k i sː ɑ	0
ulkokohtaisesti	u l k o k o h t ɑ i̯ s e s t iˣ	2
ulkokulma	u l k o k u l m ɑ	0
ulkolaudoitus	u l k o l ɑ u̯ d o i̯ t u s	0
ulkoleikki	u l k o l e i̯ kː i	1
ulkoliesi	u l k o l i e̯ s i	0
ulkoliitos	u l k o l iː t o s	0
ulkolinja	u l k o l i n j ɑ	0
ulkolähetysauto	u l k o l æ h e t y s ɑ u t o	0
ulkomaa	u l k o m ɑː	2
ulkomaalaistaustainen	u l k o m ɑː l ɑ i̯ s t ɑ u̯ s t ɑ i̯ n e n	0
ulkomaalaus	u l k o m ɑː l ɑ u s	3
ulkomaanlento	u l k o m ɑː n l e n t o	0
ulkoministeri	u l k o m i n i s t e r i	105
ulkomitta	u l k o m i tː ɑ	1
ulkona	u l k o n ɑ	445
ulkopalsta	u l k o p ɑ l s t ɑ	1
ulkopiste	u l k o p i s t eˣ	1
ulkoreuna	u l k o r e u̯ n ɑ	1
ulkoruokintakausi	u l k o r u o̯ k i n t ɑ k ɑ u̯ s i	0
ulkosaaristo	u l k o s ɑː r i s t o	4
ulkosalla	u l k o s ɑ lː ɑ	13
ulkosalle	u l k o s ɑ lː eˣ	1
ulkosalta	u l k o s ɑ l t ɑ	0
ulkoseinä	u l k o s e i̯ n æ	5
ulkosivu	u l k o s i ʋ u	0
ulkosorkka	u l k o s o r kː ɑ	0
ulkosuomalainen	u l k o s u o̯ m ɑ l ɑ i̯ n e n	1
ulkosynnyttimet	u l k o s y nː y tː i m e t	0
ulkotakki	u l k o t ɑ kː i	0
ulkotulo	u l k o t u l o	0
ulkotyö	u l k o t y ø̯	1
ulkouuni	u l k o uː n i	0
ulkovalaistus	u l k o ʋ ɑ l ɑ i̯ s t u s	1
ulkovarustus	u l k o ʋ ɑ r u s t u s	0
ulkoverhous	u l k o ʋ e r h o u s	3
ulkoydin	u l k o y d i n	0
ulku	u l k u	0
ulla	u lː ɑ	345
ullakko	u lː ɑ kː o	5
ullakkohuone	u lː ɑ kː o h u o̯ n eˣ	0
uloimmaksi	u l o i̯ mː ɑ k s i	3
uloimmas	u l o i̯ mː ɑ s	0
uloimpaa	u l o i̯ m p ɑː	0
uloimpana	u l o i̯ m p ɑ n ɑ	4
uloin	u l o i̯ n	7
uloinna	u l o i̯ nː ɑ	0
uloke	u l o k eˣ	5
ulommaksi	u l o mː ɑ k s i	2
ulommas	u l o mː ɑ s	5
ulompaa	u l o m p ɑː	2
ulompana	u l o m p ɑ n ɑ	8
ulos	u l o s	996
uloshengityslihas	u l o s h e ŋː i t y s l i h ɑ s	0
ulosmenotie	u l o s m e n o t i e̯	0
ulosmittaus	u l o s m i tː ɑ u s	7
ulosottomies	u l o s o tː o m i e̯ s	5
ulospääsytie	u l o s p æː s y t i e̯	1
ulostetartunta	u l o s t e t ɑ r t u n t ɑ	0
ulostulokerros	u l o s t u l o k e rː o s	0
ulostusaine	u l o s t u s ɑ i̯ n eˣ	0
ulottaminen	u l o tː ɑ m i n e n	15
ulottumattomiin	u l o tː u m ɑ tː o m iː n	20
ulottumattomissa	u l o tː u m ɑ tː o m i sː ɑ	38
ulottuva	u l o tː u ʋ ɑ	61
ulottuviin	u l o tː u ʋ iː n	0
ulottuville	u l o tː u ʋ i lː eˣ	78
ulottuvilta	u l o tː u ʋ i l t ɑ	8
ulottuvissa	u l o tː u ʋ i sː ɑ	7
ulottuvista	u l o tː u ʋ i s t ɑ	1
ultimate	u l t i m ɑ t e	12
ultraemäksinen	u l t r ɑ e m æ k s i n e n	0
ultramafinen	u l t r ɑ m ɑ f i n e n	0
ultratulo	u l t r ɑ t u l o	0
ultravioletti	u l t r ɑ ʋ i o l e tː i	0
ultraviolettikatastrofi	u l t r ɑ ʋ i o l e tː i k ɑ t ɑ s t r o f i	0
ulvila	u l ʋ i l ɑ	18
ulvilalainen	u l ʋ i l ɑ l ɑ i̯ n e n	1
ulvo	u l ʋ o	0
ulvoa	u l ʋ o ɑ	3
ulvoa	u l ʋ o ɑˣ	3
ulvoi	u l ʋ o i̯	1
umbra	u m b r ɑ	0
umbri	u m b r i	0
ummetus	u mː e t u s	16
ummikko	u mː i kː o	2
umpi	u m p i	2
umpiauto	u m p i ɑ u t o	0
umpikela	u m p i k e l ɑ	2
umpikuja	u m p i k u j ɑ	2
umpilaavu	u m p i l ɑː ʋ u	1
umpiluu	u m p i l uː	0
umpimielisesti	u m p i m i e̯ l i s e s t iˣ	0
umpimurtuma	u m p i m u r t u m ɑ	0
umpimähkäisesti	u m p i m æ h k æ i̯ s e s t iˣ	2
umpimähkään	u m p i m æ h k æː n	6
umpinaisesti	u m p i n ɑ i̯ s e s t iˣ	0
umpio	u m p i o	0
umpipiha	u m p i p i h ɑ	0
umpipuu	u m p i p uː	1
umpisukkeloon	u m p i s u kː e l oː n	0
umpisukkelossa	u m p i s u kː e l o sː ɑ	0
umpisukkelosta	u m p i s u kː e l o s t ɑ	0
umpitunneli	u m p i t u nː e l i	1
umpitunnelissa	u m p i t u nː e l i sː ɑ	0
umpiunessa	u m p i u n e sː ɑ	0
umpiäänne	u m p i æː nː eˣ	0
unaarioperaattori	u n ɑː r i o p e r ɑː tː o r i	0
underground	ɑ n d e r ɡ r ɑ u n d	9
undesimi	u n d e s i m i	0
undulaatti	u n d u l ɑː tː i	4
undulaattori	u n d u l ɑː tː o r i	0
uneksiminen	u n e k s i m i n e n	0
uneliaisuus	u n e l i ɑ i̯ s uː s	1
unelma	u n e l m ɑ	95
unelmaloma	u n e l m ɑ l o m ɑ	2
unelmoiminen	u n e l m o i̯ m i n e n	0
unenomaisuus	u n e n o m ɑ i̯ s uː s	0
unenpuute	u n e n p uː t eˣ	1
unettomuus	u n e tː o m uː s	15
unhola	u n h o l ɑ	3
uni	u n i	75
uniasu	u n i ɑ s u	1
uniforminen	u n i f o r m i n e n	1
uniformiteetti	u n i f o r m i t eː tː i	0
unihalvaus	u n i h ɑ l ʋ ɑ u s	0
uniikkikappale	u n iː kː i k ɑ pː ɑ l eˣ	0
unikeko	u n i k e k o	2
unilateralismi	u n i l ɑ t e r ɑ l i s m i	0
unilääke	u n i l æː k eˣ	3
uniongelma	u n i o ŋː e l m ɑ	0
unipotentti	u n i p o t e n tː i	0
unisono	u n i s o n o	2
unissakävelijä	u n i sː ɑ k æ ʋ e l i j æ	0
unissakävely	u n i sː ɑ k æ ʋ e l y	0
unissapuhuminen	u n i sː ɑ p u h u m i n e n	0
unisuus	u n i s uː s	0
unitaarinen	u n i t ɑː r i n e n	1
univaje	u n i ʋ ɑ j eˣ	4
univelka	u n i ʋ e l k ɑ	1
universaalisuus	u n i ʋ e r s ɑː l i s uː s	3
universaalitiede	u n i ʋ e r s ɑː l i t i e̯ d eˣ	0
unkari	u ŋ k ɑ r i	37
unkarinsara	u ŋ k ɑ r i n s ɑ r ɑ	0
unohdella	u n o h d e lː ɑˣ	1
unohdus	u n o h d u s	1
unohtaa	u n o h t ɑːˣ	281
unsiaali	u n s i ɑː l i	0
untamo	u n t ɑ m o	1
unto	u n t o	99
untuva	u n t u ʋ ɑ	0
untuvankevyt	u n t u ʋ ɑ n k e ʋ y t	0
untuvanpehmeä	u n t u ʋ ɑ n p e h m e æ	0
untuvapallo	u n t u ʋ ɑ p ɑ lː o	0
untuvatakki	u n t u ʋ ɑ t ɑ kː i	2
untuvatyyny	u n t u ʋ ɑ t yː n y	0
uolevi	u o l e ʋ i	13
uoma	u o m ɑ	10
uoti	u o t i	5
uotila	u o t i l ɑ	34
upea	u p e ɑ	240
upokasteräs	u p o k ɑ s t e r æ s	0
upota	u p o t ɑˣ	12
upottaa	u p o tː ɑːˣ	20
upotus	u p o t u s	5
uppoaminen	u pː o ɑ m i n e n	1
uppoutuneisuus	u pː o u t u n e i̯ s uː s	0
uppsala	u p s ɑ l ɑ	5
upsala	u p s ɑ l ɑ	0
ura	u r ɑ	149
uraani	u r ɑː n i	15
urakehitys	u r ɑ k e h i t y s	7
urakkasopimus	u r ɑ kː ɑ s o p i m u s	14
urakkasumma	u r ɑ kː ɑ s u mː ɑ	8
urakkatyö	u r ɑ kː ɑ t y ø̯	0
uraliitti	u r ɑ l iː tː i	0
uraljoki	u r ɑ l j o k i	0
uranus	u r ɑ n u s	7
uranuurtajantyö	u r ɑ n uː r t ɑ j ɑ n t y ø̯	0
uraruuvi	u r ɑ r uː ʋ i	0
urbaanisesti	u r b ɑː n i s e s t iˣ	0
urbaanisti	u r b ɑː n i s t iˣ	2
urbanismi	u r b ɑ n i s m i	0
uremia	u r e m i ɑ	0
uretriitti	u r e t r iː tː i	0
urhea	u r h e ɑ	12
urheilijansydän	u r h e i̯ l i j ɑ n s y d æ n	0
urheilla	u r h e i̯ lː ɑ	10
urheilla	u r h e i̯ lː ɑˣ	10
urheiluhousut	u r h e i̯ l u h o u̯ s u t	0
urheilujalkine	u r h e i̯ l u j ɑ l k i n eˣ	0
urheilujoukot	u r h e i̯ l u j o u̯ k o t	0
urheilujärjestö	u r h e i̯ l u j æ r j e s t ø	1
urheilukalastus	u r h e i̯ l u k ɑ l ɑ s t u s	3
urheilukello	u r h e i̯ l u k e lː o	0
urheilukeskus	u r h e i̯ l u k e s k u s	8
urheilukilpailu	u r h e i̯ l u k i l p ɑ i̯ l u	1
urheilukisat	u r h e i̯ l u k i s ɑ t	0
urheilukuva	u r h e i̯ l u k u ʋ ɑ	0
urheiluministeri	u r h e i̯ l u m i n i s t e r i	0
urheilupaita	u r h e i̯ l u p ɑ i̯ t ɑ	1
urheilupeli	u r h e i̯ l u p e l i	0
urheilupyörätuoli	u r h e i̯ l u p y ø̯ r æ t u o̯ l i	0
urheiluselostaja	u r h e i̯ l u s e l o s t ɑ j ɑ	0
urheilusivu	u r h e i̯ l u s i ʋ u	0
urheiluteippi	u r h e i̯ l u t e i̯ pː i	0
urheiluvalokuvaus	u r h e i̯ l u ʋ ɑ l o k u ʋ ɑ u s	0
urheiluväki	u r h e i̯ l u ʋ æ k i	4
urheiluväline	u r h e i̯ l u ʋ æ l i n eˣ	0
urho	u r h o	106
urjala	u r j ɑ l ɑ	17
urjalainen	u r j ɑ l ɑ i̯ n e n	0
urjalalainen	u r j ɑ l ɑ l ɑ i̯ n e n	0
urjeta	u r j e t ɑˣ	0
urkkia	u r kː i ɑˣ	3
urkuharmoni	u r k u h ɑ r m o n i	2
urkulehteri	u r k u l e h t e r i	0
urkupiste	u r k u p i s t eˣ	0
urli	u r l i	0
urmas	u r m ɑ s	5
uro	u r o	2
urokanaasi	u r o k ɑ n ɑː s i	0
urokinaasi	u r o k i n ɑː s i	0
uros	u r o s	61
urpiainen	u r p i ɑ i̯ n e n	2
urpilainen	u r p i l ɑ i̯ n e n	7
urpo	u r p o	74
urpu	u r p u	2
ursula	u r s u l ɑ	19
uruguay	u r u ɡ ʋ ɑ i̯	1
uruguaylainen	u r u ɡ u ɑ i̯ l ɑ i̯ n e n	2
urut	u r u t	56
usea	u s e ɑ	29
usein	u s e i̯ n	6486
uskallus	u s k ɑ lː u s	8
uskaltaa	u s k ɑ l t ɑːˣ	99
uskaltaudun	u s k ɑ l t ɑ u d u n	1
usko	u s k o	762
uskoa	u s k o ɑ	506
uskoa	u s k o ɑˣ	506
uskollisuudenvala	u s k o lː i s uː d e n ʋ ɑ l ɑ	1
uskollisuus	u s k o lː i s uː s	11
uskomaton	u s k o m ɑ t o n	49
uskominen	u s k o m i n e n	32
uskomushoito	u s k o m u s h o i̯ t o	0
uskonelämä	u s k o n e l æ m æ	1
uskonkappale	u s k o n k ɑ pː ɑ l e	5
uskonnonopettaja	u s k o nː o n o p e tː ɑ j ɑ	7
uskontoekologia	u s k o n t o e k o l o ɡ i ɑ	0
uskontososiologi	u s k o n t o s o s i o l o ɡ i	1
uskontososiologia	u s k o n t o s o s i o l o ɡ i ɑ	0
uskonveli	u s k o n ʋ e l i	0
uskottaa	u s k o tː ɑːˣ	0
uskottava	u s k o tː ɑ ʋ ɑ	56
uskottomuus	u s k o tː o m uː s	2
usva	u s ʋ ɑ	5
utah	j uː t ɑː	1
utah	u t ɑ h	1
utajärveläinen	u t ɑ j æ r ʋ e l æ i̯ n e n	0
utajärvi	u t ɑ j æ r ʋ i	5
utajärvinen	u t ɑ j æ r ʋ i n e n	0
utare	u t ɑ r e	2
utelias	u t e l i ɑ s	33
utsjokelainen	u t s j o k e l ɑ i̯ n e n	0
utsjoki	u t s j o k i	9
utsjokinen	u t s j o k i n e n	0
utu	u t u	1
uu	uː	4
uudelleenarviointi	uː d e lː eː n ɑ r ʋ i o i̯ n t i	17
uudelleenkierrätys	uː d e lː eː n k i e̯ rː æ t y s	0
uudelleenkirjoitus	uː d e lː eː n k i r j o i̯ t u s	0
uudelleenkiteytyä	uː d e lː eː n k i t e y t y æˣ	0
uudelleenkoulutus	uː d e lː eː n k o u̯ l u t u s	2
uudelleenkäyttö	uː d e lː eː n k æ y̯ tː ø	15
uudelleenlaivaus	uː d e lː eː n l ɑ i̯ ʋ ɑ u s	0
uudelleenmetsitys	uː d e lː eː n m e t s i t y s	0
uudelleenorganisoiminen	uː d e lː eː n o r ɡ ɑ n i s o i̯ m i n e n	0
uudelleensijoitus	uː d e lː eː n s i j o i̯ t u s	1
uudenaikaisuus	uː d e n ɑ i̯ k ɑ i̯ s uː s	0
uudennu	uː d e nː uˣ	0
uudenseelanninlokki	uː d e n s eː l ɑ nː i n l o kː i	0
uudenvuodenkortti	uː d e n ʋ u o̯ d e n k o r tː i	0
uudenvuodenpuhe	uː d e n ʋ u o̯ d e n p u h eˣ	0
uudenvuodenpäivä	uː d e n ʋ u o̯ d e n p æ i̯ ʋ æ	3
uudenvuodentina	uː d e n ʋ u o̯ d e n t i n ɑ	0
uudenvuodenvalvojaiset	uː d e n ʋ u o̯ d e n ʋ ɑ l ʋ o j ɑ i̯ s e t	0
uudin	uː d i n	1
uudisalue	uː d i s ɑ l u eˣ	0
uudisraivaus	uː d i s r ɑ i̯ ʋ ɑ u s	1
uudisrakentaminen	uː d i s r ɑ k e n t ɑ m i n e n	29
uudistaa	uː d i s t ɑː	139
uudistaa	uː d i s t ɑːˣ	139
uudistaja	uː d i s t ɑ j ɑ	10
uudistaminen	uː d i s t ɑ m i n e n	129
uudistusala	uː d i s t u s ɑ l ɑ	2
uudistustyö	uː d i s t u s t y ø̯	10
uuhi	uː h i	0
uumaja	uː m ɑ j ɑ	1
uumen	uː m e n	0
uuni	uː n i	34
uunikala	uː n i k ɑ l ɑ	0
uunikuiva	uː n i k u i̯ ʋ ɑ	0
uunikuivaus	uː n i k u i̯ ʋ ɑ u s	0
uunilintu	uː n i l i n t u	0
uuniluuta	uː n i l uː t ɑ	0
uunilämmin	uː n i l æ mː i n	0
uunilämmitteinen	uː n i l æ mː i tː e i̯ n e n	0
uunilämmitys	uː n i l æ mː i t y s	0
uunimakkara	uː n i m ɑ kː ɑ r ɑ	0
uunimunakas	uː n i m u n ɑ k ɑ s	0
uuninkestävä	uː n i n k e s t æ ʋ æ	0
uuninluukku	uː n i n l uː kː u	0
uuninlämpö	uː n i n l æ m p ø	0
uuninpankko	uː n i n p ɑ ŋ kː o	0
uuninpelti	uː n i n p e l t i	0
uuninpäällys	uː n i n p æː lː y s	0
uuninsuu	uː n i n s uː	0
uunipannu	uː n i p ɑ nː u	0
uunipavut	uː n i p ɑ ʋ u t	0
uunipuu	uː n i p uː	0
uuniritilä	uː n i r i t i l æ	0
uuniruoka	uː n i r u o̯ k ɑ	0
uunituore	uː n i t u o̯ r eˣ	8
uunivaunu	uː n i ʋ ɑ u̯ n u	0
uunivuoka	uː n i ʋ u o̯ k ɑ	1
uuno	uː n o	32
uurainen	uː r ɑ i̯ n e n	3
uuraislainen	uː r ɑ i̯ s l ɑ i̯ n e n	0
uurna	uː r n ɑ	7
uurnahauta	uː r n ɑ h ɑ u̯ t ɑ	0
uurnalehto	uː r n ɑ l e h t o	3
uurre	uː rː eˣ	1
uurteinen	uː r t e i̯ n e n	0
uusbarokki	uː s b ɑ r o kː i	0
uusfasisti	uː s f ɑ s i s t i	0
uusfasistinen	uː s f ɑ s i s t i n e n	0
uusfilologia	uː s f i l o l o ɡ i ɑ	0
uusi	uː s i	5684
uusi	uː s iˣ	5684
uusia	uː s i ɑ	4786
uusia	uː s i ɑˣ	4786
uusikaarlepyy	uː s i k ɑː r l e p yː	5
uusikaarlepyyläinen	uː s i k ɑː r l e p yː l æ i̯ n e n	0
uusikaupunki	uː s i k ɑ u̯ p u ŋ k i	21
uusikaupunkilainen	uː s i k ɑ u̯ p u ŋ k i l ɑ i̯ n e n	3
uusikuu	uː s i k uː	0
uusimaa	uː s i m ɑː	38
uusinta	uː s i n t ɑ	225
uusintajulkaisu	uː s i n t ɑ j u l k ɑ i̯ s u	0
uusiokuitu	uː s i o k u i̯ t u	1
uusiopaperi	uː s i o p ɑ p e r i	1
uusiosana	uː s i o s ɑ n ɑ	0
uusiotuote	uː s i o t u o̯ t eˣ	2
uusitalo	uː s i t ɑ l o	93
uusiutumaton	uː s i u t u m ɑ t o n	6
uusivuosi	uː s i ʋ u o̯ s i	4
uuslatina	uː s l ɑ t i n ɑ	0
uusmerkintä	uː s m e r k i n t æ	0
uusnatsistinen	uː s n ɑ t s i s t i n e n	0
uusrenessanssi	uː s r e n e sː ɑ n sː i	1
uusrokokoo	uː s r o k o k oː	0
uussuomalainen	uː s s u o̯ m ɑ l ɑ i̯ n e n	0
uute	uː t eˣ	10
uutinen	uː t i n e n	149
uutisaineisto	uː t i s ɑ i̯ n e i̯ s t o	1
uutisarvo	uː t i s ɑ r ʋ o	1
uutisfilmi	uː t i s f i l m i	0
uutiskuva	uː t i s k u ʋ ɑ	0
uutiskuvaaja	uː t i s k u ʋ ɑː j ɑ	0
uutislähetys	uː t i s l æ h e t y s	3
uutispalvelu	uː t i s p ɑ l ʋ e l u	9
uutispommi	uː t i s p o mː i	4
uutisvuoto	uː t i s ʋ u o̯ t o	3
uuttaa	uː tː ɑː	7
uuttaa	uː tː ɑːˣ	7
uuttaminen	uː tː ɑ m i n e n	1
uutuusarvo	uː t uː s ɑ r ʋ o	3
uveiitti	u ʋ e i̯ː tː i	0
uvertyyri	u ʋ e r t yː r i	0
vaadin	ʋ ɑː d i n	16
vaahdonestoaine	ʋ ɑː h d o n e s t o ɑ i̯ n eˣ	1
vaahtera	ʋ ɑː h t e r ɑ	16
vaahterasiirappi	ʋ ɑː h t e r ɑ s iː r ɑ pː i	1
vaahto	ʋ ɑː h t o	15
vaahtokumi	ʋ ɑː h t o k u m i	0
vaahtokylpyaine	ʋ ɑː h t o k y l p y ɑ i̯ n eˣ	0
vaahtomainen	ʋ ɑː h t o m ɑ i̯ n e n	0
vaahtomuovi	ʋ ɑː h t o m u o̯ ʋ i	4
vaahtopesuaine	ʋ ɑː h t o p e s u ɑ i̯ n eˣ	0
vaahtoutua	ʋ ɑː h t o u t u ɑˣ	0
vaaita	ʋ ɑː i t ɑˣ	0
vaaituslatta	ʋ ɑː i t u s l ɑ tː ɑ	0
vaaja	ʋ ɑː j ɑ	0
vaaka	ʋ ɑː k ɑ	37
vaakaerottelu	ʋ ɑː k ɑ e r o tː e l u	1
vaakaetäisyys	ʋ ɑː k ɑ e t æ i̯ s yː s	3
vaakahuone	ʋ ɑː k ɑ h u o̯ n eˣ	1
vaakajuova	ʋ ɑː k ɑ j u o̯ ʋ ɑ	0
vaakakierre	ʋ ɑː k ɑ k i e̯ rː eˣ	0
vaakakomponentti	ʋ ɑː k ɑ k o m p o n e n tː i	0
vaakalaudalla	ʋ ɑː k ɑ l ɑ u̯ d ɑ lː ɑ	18
vaakalaudoitus	ʋ ɑː k ɑ l ɑ u̯ d o i̯ t u s	2
vaakalento	ʋ ɑː k ɑ l e n t o	0
vaakalintu	ʋ ɑː k ɑ l i n t u	0
vaakamanometri	ʋ ɑː k ɑ m ɑ n o m e t r i	0
vaakanoja	ʋ ɑː k ɑ n o j ɑ	0
vaakanävertäjä	ʋ ɑː k ɑ n æ ʋ e r t æ j æ	0
vaakapinta	ʋ ɑː k ɑ p i n t ɑ	0
vaakapommitus	ʋ ɑː k ɑ p o mː i t u s	0
vaakaputki	ʋ ɑː k ɑ p u t k i	0
vaakarivi	ʋ ɑː k ɑ r i ʋ i	0
vaakaseisonta	ʋ ɑː k ɑ s e i̯ s o n t ɑ	0
vaakasuunta	ʋ ɑː k ɑ s uː n t ɑ	1
vaakatahdistus	ʋ ɑː k ɑ t ɑ h d i s t u s	0
vaakataso	ʋ ɑː k ɑ t ɑ s o	0
vaakavarsi	ʋ ɑː k ɑ ʋ ɑ r s i	0
vaakavektori	ʋ ɑː k ɑ ʋ e k t o r i	0
vaakaviiva	ʋ ɑː k ɑ ʋ iː ʋ ɑ	4
vaakaviivoitus	ʋ ɑː k ɑ ʋ iː ʋ o i̯ t u s	0
vaakavuoraus	ʋ ɑː k ɑ ʋ u o̯ r ɑ u s	0
vaaksa	ʋ ɑː k s ɑ	2
vaala	ʋ ɑː l ɑ	15
vaalalainen	ʋ ɑː l ɑ l ɑ i̯ n e n	0
vaalea	ʋ ɑː l e ɑ	89
vaaleanpunainen	ʋ ɑː l e ɑ n p u n ɑ i̯ n e n	17
vaaleasara	ʋ ɑː l e ɑ s ɑ r ɑ	0
vaaleneminen	ʋ ɑː l e n e m i n e n	1
vaaleta	ʋ ɑː l e t ɑˣ	0
vaali	ʋ ɑː l i	83
vaalikarja	ʋ ɑː l i k ɑ r j ɑ	0
vaalikelpoinen	ʋ ɑː l i k e l p o i̯ n e n	49
vaalikortti	ʋ ɑː l i k o r tː i	0
vaalilautakunta	ʋ ɑː l i l ɑ u̯ t ɑ k u n t ɑ	17
vaalimainonta	ʋ ɑː l i m ɑ i̯ n o n t ɑ	1
vaalipiiri	ʋ ɑː l i p iː r i	8
vaalipropaganda	ʋ ɑː l i p r o p ɑ ɡ ɑ n d ɑ	0
vaalipäivä	ʋ ɑː l i p æ i̯ ʋ æ	6
vaalisaarna	ʋ ɑː l i s ɑː r n ɑ	2
vaalitappio	ʋ ɑː l i t ɑ pː i o	1
vaalivalvojaiset	ʋ ɑː l i ʋ ɑ l ʋ o j ɑ i̯ s e t	0
vaalivuosi	ʋ ɑː l i ʋ u o̯ s i	2
vaaputtaa	ʋ ɑː p u tː ɑːˣ	0
vaara	ʋ ɑː r ɑ	206
vaarajono	ʋ ɑː r ɑ j o n o	1
vaaramaisema	ʋ ɑː r ɑ m ɑ i̯ s e m ɑ	3
vaaratiedote	ʋ ɑː r ɑ t i e̯ d o t eˣ	0
vaari	ʋ ɑː r i	24
vaarinottaa	ʋ ɑː r i n o tː ɑːˣ	0
vaarnapultti	ʋ ɑː r n ɑ p u l tː i	0
vaarnaruuvi	ʋ ɑː r n ɑ r uː ʋ i	0
vaarnata	ʋ ɑː r n ɑ t ɑˣ	0
vaasa	ʋ ɑː s ɑ	149
vaasalainen	ʋ ɑː s ɑ l ɑ i̯ n e n	8
vaasi	ʋ ɑː s i	0
vaasimaalaus	ʋ ɑː s i m ɑː l ɑ u s	0
vaata	ʋ ɑ ʔ ɑ t ɑˣ	1
vaate	ʋ ɑː t eˣ	29
vaateaitta	ʋ ɑː t eˣ ɑ i̯ tː ɑ	0
vaateharja	ʋ ɑː t eˣ h ɑ r j ɑ	0
vaatehtia	ʋ ɑː t e h t i ɑˣ	0
vaatehuolto	ʋ ɑː t eˣ h u o̯ l t o	6
vaatehuone	ʋ ɑː t e h u o̯ n eˣ	11
vaatekappale	ʋ ɑː t eˣ k ɑ pː ɑ l eˣ	4
vaateliaasti	ʋ ɑː t e l i ɑː s t iˣ	0
vaateraha	ʋ ɑː t eˣ r ɑ h ɑ	0
vaatetanko	ʋ ɑː t eˣ t ɑ ŋ k o	0
vaatettaa	ʋ ɑː t e tː ɑːˣ	2
vaatetus	ʋ ɑː t e t u s	44
vaatetusala	ʋ ɑː t e t u s ɑ l ɑ	2
vaatetussuunnittelu	ʋ ɑː t e t u s s uː nː i tː e l u	1
vaatetustekstiili	ʋ ɑː t e t u s t e k s t iː l i	0
vaatetusteollisuus	ʋ ɑː t e t u s t e o lː i s uː s	4
vaatetynnyri	ʋ ɑː t eˣ t y nː y r i	0
vaatia	ʋ ɑː t i ɑˣ	331
vaatimattomuus	ʋ ɑː t i m ɑ tː o m uː s	10
vaatiminen	ʋ ɑː t i m i n e n	11
vaatimusmäärittely	ʋ ɑː t i m u s m æː r i tː e l y	1
vaatimustaso	ʋ ɑː t i m u s t ɑ s o	25
vaativasti	ʋ ɑː t i ʋ ɑ s t iˣ	1
vaatturinliitu	ʋ ɑː tː u r i n l iː t u	0
vaatturintyö	ʋ ɑː tː u r i n t y ø̯	0
vaa’an	ʋ ɑː ɑ n	0
vaa’ankieliasema	ʋ ɑː ʔ ɑ n k i e̯ l i ɑ s e m ɑ	0
vaa’ata	ʋ ɑː ʔ ɑ t ɑ	0
vadelma	ʋ ɑ d e l m ɑ	3
vadelmahillo	ʋ ɑ d e l m ɑ h i lː o	0
vadelmakeitto	ʋ ɑ d e l m ɑ k e i̯ tː o	0
vadelmapensas	ʋ ɑ d e l m ɑ p e n s ɑ s	1
vadelmapiirakka	ʋ ɑ d e l m ɑ p iː r ɑ kː ɑ	0
vaelluskala	ʋ ɑ e lː u s k ɑ l ɑ	1
vagina	ʋ ɑ ɡ i n ɑ	0
vaha	ʋ ɑ h ɑ	17
vahakabinetti	ʋ ɑ h ɑ k ɑ b i n e tː i	2
vahaliitu	ʋ ɑ h ɑ l iː t u	0
vahamaalaus	ʋ ɑ h ɑ m ɑː l ɑ u s	0
vahdinpito	ʋ ɑ h d i n p i t o	0
vahingoittaminen	ʋ ɑ h i ŋː o i̯ tː ɑ m i n e n	4
vahingonilo	ʋ ɑ h i ŋː o n i l o	1
vahingontorjunta	ʋ ɑ h i ŋː o n t o r j u n t ɑ	0
vahingonvaara	ʋ ɑ h i ŋː o n ʋ ɑː r ɑ	1
vahinko	ʋ ɑ h i ŋ k o	131
vahinkoeläin	ʋ ɑ h i ŋ k o e l æ i̯ n	0
vahtimestari	ʋ ɑ h t i m e s t ɑ r i	24
vahva	ʋ ɑ h ʋ ɑ	793
vahvalti	ʋ ɑ h ʋ ɑ l t i	0
vahveneminen	ʋ ɑ h ʋ e n e m i n e n	0
vahventuminen	ʋ ɑ h ʋ e n t u m i n e n	0
vahvikerauta	ʋ ɑ h ʋ i k e r ɑ u̯ t ɑ	0
vahvikerengas	ʋ ɑ h ʋ i k eˣ r e ŋː ɑ s	0
vahvistamaton	ʋ ɑ h ʋ i s t ɑ m ɑ t o n	3
vahvistava	ʋ ɑ h ʋ i s t ɑ ʋ ɑ	17
vahvistusoppiminen	ʋ ɑ h ʋ i s t u s o pː i m i n e n	0
vahvistuttaa	ʋ ɑ h ʋ i s t u tː ɑːˣ	0
vahvuinen	ʋ ɑ h ʋ u i̯ n e n	11
vahvuuskontrasti	ʋ ɑ h ʋ uː s k o n t r ɑ s t i	0
vai	ʋ ɑ i̯	2313
vaientaa	ʋ ɑ i̯ e n t ɑːˣ	6
vaientua	ʋ ɑ i̯ e n t u ɑˣ	0
vaieta	ʋ ɑ i̯ j e t ɑˣ	26
vaihdantatalous	ʋ ɑ i̯ h d ɑ n t ɑ t ɑ l o u s	0
vaihdella	ʋ ɑ i̯ h d e lː ɑˣ	203
vaihdettaneen	ʋ ɑ i̯ h d e tː ɑ n eː n	0
vaihe	ʋ ɑ i̯ h eˣ	387
vaiheensiirto	ʋ ɑ i̯ h eː n s iː r t o	1
vaiheistaa	ʋ ɑ i̯ h e i̯ s t ɑːˣ	1
vaiheittaa	ʋ ɑ i̯ h e i̯ tː ɑːˣ	0
vaiheittain	ʋ ɑ i̯ h e i̯ tː ɑ i̯ n	117
vaiheittainen	ʋ ɑ i̯ h e i̯ tː ɑ i̯ n e n	8
vaiheittaisesti	ʋ ɑ i̯ h e i̯ tː ɑ i̯ s e s t iˣ	0
vaihekohina	ʋ ɑ i̯ h e k o h i n ɑ	0
vaihenopeus	ʋ ɑ i̯ h eˣ n o p e u s	0
vaiherikas	ʋ ɑ i̯ h eˣ r i k ɑ s	3
vaihesiirto	ʋ ɑ i̯ h eˣ s iː r t o	1
vaihesiirtymä	ʋ ɑ i̯ h eˣ s iː r t y m æ	1
vaihetaso	ʋ ɑ i̯ h eˣ t ɑ s o	0
vaihetyö	ʋ ɑ i̯ h eˣ t y ø̯	0
vaihtaa	ʋ ɑ i̯ h t ɑːˣ	712
vaihtaminen	ʋ ɑ i̯ h t ɑ m i n e n	85
vaihteistoneste	ʋ ɑ i̯ h t e i̯ s t o n e s t eˣ	0
vaihtelualue	ʋ ɑ i̯ h t e l u ɑ l u eˣ	3
vaihteluraja	ʋ ɑ i̯ h t e l u r ɑ j ɑ	0
vaihteluväli	ʋ ɑ i̯ h t e l u ʋ æ l i	24
vaihto	ʋ ɑ i̯ h t o	213
vaihtoaitio	ʋ ɑ i̯ h t o ɑ i̯ t i o	0
vaihtoalue	ʋ ɑ i̯ h t o ɑ l u eˣ	1
vaihtoarvo	ʋ ɑ i̯ h t o ɑ r ʋ o	2
vaihtoauto	ʋ ɑ i̯ h t o ɑ u t o	1
vaihtoehto	ʋ ɑ i̯ h t o e h t o	940
vaihtoehtohistoria	ʋ ɑ i̯ h t o e h t o h i s t o r i ɑ	0
vaihtoehtoisesti	ʋ ɑ i̯ h t o e h t o i̯ s e s t iˣ	222
vaihtoehtolääketiede	ʋ ɑ i̯ h t o e h t o l æː k eˣ t i e̯ d eˣ	0
vaihtoehtomedia	ʋ ɑ i̯ h t o e h t o m e d i ɑ	0
vaihtoesteröinti	ʋ ɑ i̯ h t o e s t e r ø i̯ n t i	0
vaihtojännite	ʋ ɑ i̯ h t o j æ nː i t eˣ	0
vaihtokokoelma	ʋ ɑ i̯ h t o k o k o e l m ɑ	0
vaihtokurssi	ʋ ɑ i̯ h t o k u r sː i	3
vaihtolämpöisyys	ʋ ɑ i̯ h t o l æ m p ø i̯ s yː s	0
vaihtopelaaja	ʋ ɑ i̯ h t o p e l ɑː j ɑ	2
vaihtosuuntaaja	ʋ ɑ i̯ h t o s uː n t ɑː j ɑ	1
vaihtosähkö	ʋ ɑ i̯ h t o s æ h k ø	2
vaihtosävel	ʋ ɑ i̯ h t o s æ ʋ e l	0
vaihtotori	ʋ ɑ i̯ h t o t o r i	1
vaihtovaate	ʋ ɑ i̯ h t o ʋ ɑː t eˣ	0
vaihtovelkakirja	ʋ ɑ i̯ h t o ʋ e l k ɑ k i r j ɑ	1
vaijeri	ʋ ɑ i̯ j e r i	15
vaikea	ʋ ɑ i̯ k e ɑ	1631
vaikealiukoinen	ʋ ɑ i̯ k e ɑ l i u̯ k o i̯ n e n	0
vaikeaselkoisesti	ʋ ɑ i̯ k e ɑ s e l k o i̯ s e s t iˣ	4
vaikeatajuinen	ʋ ɑ i̯ k e ɑ t ɑ j u i̯ n e n	3
vaikeatajuisesti	ʋ ɑ i̯ k e ɑ t ɑ j u i̯ s e s t iˣ	0
vaikeneminen	ʋ ɑ i̯ k e n e m i n e n	7
vaikerrella	ʋ ɑ i̯ k e rː e lː ɑˣ	0
vaikka	ʋ ɑ i̯ kː ɑ	8647
vaikku	ʋ ɑ i̯ kː u	0
vaikuttaa	ʋ ɑ i̯ k u tː ɑːˣ	2957
vaikuttajalihas	ʋ ɑ i̯ k u tː ɑ j ɑ l i h ɑ s	0
vaikuttaminen	ʋ ɑ i̯ k u tː ɑ m i n e n	86
vaikuttava	ʋ ɑ i̯ k u tː ɑ ʋ ɑ	163
vaikuttavasti	ʋ ɑ i̯ k u tː ɑ ʋ ɑ s t iˣ	8
vaikutus	ʋ ɑ i̯ k u t u s	1408
vaikutusaika	ʋ ɑ i̯ k u t u s ɑ i̯ k ɑ	7
vaikutusala	ʋ ɑ i̯ k u t u s ɑ l ɑ	2
vaikutusalue	ʋ ɑ i̯ k u t u s ɑ l u eˣ	14
vaikutuskanava	ʋ ɑ i̯ k u t u s k ɑ n ɑ ʋ ɑ	5
vaikutussuora	ʋ ɑ i̯ k u t u s s u o̯ r ɑ	0
vaikutusvalta	ʋ ɑ i̯ k u t u s ʋ ɑ l t ɑ	16
vaikutusvaltainen	ʋ ɑ i̯ k u t u s ʋ ɑ l t ɑ i̯ n e n	6
vaillinaisesti	ʋ ɑ i̯ lː i n ɑ i̯ s e s t iˣ	8
vaimeneminen	ʋ ɑ i̯ m e n e m i n e n	3
vaimennin	ʋ ɑ i̯ m e nː i n	18
vaimennus	ʋ ɑ i̯ m e nː u s	11
vaimennuskerroin	ʋ ɑ i̯ m e nː u s k e rː o i̯ n	0
vaimennusvakio	ʋ ɑ i̯ m e nː u s ʋ ɑ k i o	0
vaimentaminen	ʋ ɑ i̯ m e n t ɑ m i n e n	3
vaimentava	ʋ ɑ i̯ m e n t ɑ ʋ ɑ	5
vaimentua	ʋ ɑ i̯ m e n t u ɑˣ	0
vaimentuminen	ʋ ɑ i̯ m e n t u m i n e n	0
vaimo	ʋ ɑ i̯ m o	220
vaimoihminen	ʋ ɑ i̯ m o i h m i n e n	1
vaimonpäähine	ʋ ɑ i̯ m o n p æː h i n eˣ	0
vainaa	ʋ ɑ i̯ n ɑː	1
vainaja	ʋ ɑ i̯ n ɑ j ɑ	24
vainajainpäivä	ʋ ɑ i̯ n ɑ j ɑ i̯ n p æ i̯ ʋ æ	0
vainen	ʋ ɑ i̯ n e n	2
vaineskaan	ʋ ɑ i̯ n e s k ɑː n	1
vainio	ʋ ɑ i̯ n i o	87
vaino	ʋ ɑ i̯ n o	13
vainoharha	ʋ ɑ i̯ n o h ɑ r h ɑ	0
vainoharhainen	ʋ ɑ i̯ n o h ɑ r h ɑ i̯ n e n	5
vainoharhaisuus	ʋ ɑ i̯ n o h ɑ r h ɑ i̯ s uː s	4
vainolainen	ʋ ɑ i̯ n o l ɑ i̯ n e n	2
vainu	ʋ ɑ i̯ n u	3
vaippa	ʋ ɑ i̯ pː ɑ	19
vaippahousut	ʋ ɑ i̯ pː ɑ h o u̯ s u t	0
vaippapaviaani	ʋ ɑ i̯ pː ɑ p ɑ ʋ i ɑː n i	0
vaistomaisesti	ʋ ɑ i̯ s t o m ɑ i̯ s e s t iˣ	20
vaistonvaraisesti	ʋ ɑ i̯ s t o n ʋ ɑ r ɑ i̯ s e s t iˣ	9
vaistotoiminta	ʋ ɑ i̯ s t o t o i̯ m i n t ɑ	1
vaisusti	ʋ ɑ i̯ s u s t iˣ	14
vaiteliaasti	ʋ ɑ i̯ t e l i ɑː s t iˣ	0
vaiti	ʋ ɑ i̯ t i	13
vaiti	ʋ ɑ i̯ t iˣ	13
vaitonaisesti	ʋ ɑ i̯ t o n ɑ i̯ s e s t iˣ	0
vaiva	ʋ ɑ i̯ ʋ ɑ	73
vaivaantua	ʋ ɑ i̯ ʋ ɑː n t u ɑˣ	0
vaivaisesti	ʋ ɑ i̯ ʋ ɑ i̯ s e s t iˣ	1
vaivaishiiri	ʋ ɑ i̯ ʋ ɑ i̯ s h iː r i	0
vaivaisukko	ʋ ɑ i̯ ʋ ɑ i̯ s u kː o	2
vaivalloisesti	ʋ ɑ i̯ ʋ ɑ lː o i̯ s e s t iˣ	5
vaivanpalkka	ʋ ɑ i̯ ʋ ɑ n p ɑ l kː ɑ	0
vaivattomasti	ʋ ɑ i̯ ʋ ɑ tː o m ɑ s t iˣ	199
vaivihkainen	ʋ ɑ i̯ ʋ i h k ɑ i̯ n e n	0
vajaa	ʋ ɑ j ɑː	220
vajaakäyttöaste	ʋ ɑ j ɑː k æ y̯ tː ø ɑ s t eˣ	3
vajaasointu	ʋ ɑ j ɑː s o i̯ n t u	0
vajaatehoisesti	ʋ ɑ j ɑː t e h o i̯ s e s t iˣ	0
vajaatoiminta	ʋ ɑ j ɑː t o i̯ m i n t ɑ	21
vajaatyökykyinen	ʋ ɑ j ɑː t y ø̯ k y k y i̯ n e n	0
vajaatyöllisyys	ʋ ɑ j ɑː t y ø̯ lː i s yː s	1
vajanainen	ʋ ɑ j ɑ n ɑ i̯ n e n	0
vajanaisesti	ʋ ɑ j ɑ n ɑ i̯ s e s t iˣ	0
vajauttaa	ʋ ɑ j ɑ u tː ɑːˣ	0
vajava	ʋ ɑ j ɑ ʋ ɑ	0
vajavainen	ʋ ɑ j ɑ ʋ ɑ i̯ n e n	13
vajavaisesti	ʋ ɑ j ɑ ʋ ɑ i̯ s e s t iˣ	2
vaje	ʋ ɑ j eˣ	22
vajentua	ʋ ɑ j e n t u ɑˣ	0
vajoama	ʋ ɑ j o ɑ m ɑ	0
vajota	ʋ ɑ j o t ɑˣ	8
vajottaa	ʋ ɑ j o tː ɑːˣ	0
vajovesi	ʋ ɑ j o ʋ e s i	0
vajuuttaa	ʋ ɑ j uː tː ɑːˣ	0
vakaa	ʋ ɑ k ɑː	117
vakaannuttaa	ʋ ɑ k ɑː nː u tː ɑːˣ	0
vakaantua	ʋ ɑ k ɑː n t u ɑˣ	0
vakaasti	ʋ ɑ k ɑː s t i	58
vakainen	ʋ ɑ k ɑ i̯ n e n	0
vakaumuksellisesti	ʋ ɑ k ɑ u m u k s e lː i s e s t i	1
vakauttaminen	ʋ ɑ k ɑ u tː ɑ m i n e n	2
vakautua	ʋ ɑ k ɑ u t u ɑˣ	0
vakava	ʋ ɑ k ɑ ʋ ɑ	188
vakavaluonteinen	ʋ ɑ k ɑ ʋ ɑ l u o̯ n t e i̯ n e n	0
vakavarainen	ʋ ɑ k ɑ ʋ ɑ r ɑ i̯ n e n	18
vakavaraistua	ʋ ɑ k ɑ ʋ ɑ r ɑ i̯ s t u ɑˣ	0
vakavissaan	ʋ ɑ k ɑ ʋ i sː ɑː n	25
vakavoittaa	ʋ ɑ k ɑ ʋ o i̯ tː ɑːˣ	1
vakiasiakas	ʋ ɑ k i ɑ s i ɑ k ɑ s	0
vakiinnuttamisvaihe	ʋ ɑ k iː nː u tː ɑ m i s ʋ ɑ i̯ h eˣ	0
vakinaisesti	ʋ ɑ k i n ɑ i̯ s e s t iˣ	89
vakinaistaminen	ʋ ɑ k i n ɑ i̯ s t ɑ m i n e n	11
vakinaistua	ʋ ɑ k i n ɑ i̯ s t u ɑˣ	0
vakio	ʋ ɑ k i o	98
vakioarvo	ʋ ɑ k i o ɑ r ʋ o	0
vakioauto	ʋ ɑ k i o ɑ u t o	0
vakiojännite	ʋ ɑ k i o j æ nː i t eˣ	0
vakiokerroin	ʋ ɑ k i o k e rː o i̯ n	0
vakionopeusnivel	ʋ ɑ k i o n o p e u s n i ʋ e l	0
vakioteho	ʋ ɑ k i o t e h o	0
vakiotermi	ʋ ɑ k i o t e r m i	0
vakiotyyppi	ʋ ɑ k i o t yː pː i	0
vakiovieras	ʋ ɑ k i o ʋ i e̯ r ɑ s	1
vakiovirta	ʋ ɑ k i o ʋ i r t ɑ	2
vakituisesti	ʋ ɑ k i t u i̯ s e s t iˣ	64
vakityö	ʋ ɑ k i t y ø̯	0
vakka	ʋ ɑ kː ɑ	4
vako	ʋ ɑ k o	2
vakoilusatelliitti	ʋ ɑ k o i̯ l u s ɑ t e lː iː tː i	0
vakomitta	ʋ ɑ k o m i tː ɑ	0
vakoraanu	ʋ ɑ k o r ɑː n u	0
vakuoli	ʋ ɑ k u o l i	0
vakuumikone	ʋ ɑ k uː m i k o n eˣ	0
vakuumipakkaus	ʋ ɑ k uː m i p ɑ kː ɑ u s	0
vakuusmaksu	ʋ ɑ k uː s m ɑ k s u	4
vakuuttaa	ʋ ɑ k uː tː ɑːˣ	173
vakuuttaja	ʋ ɑ k uː tː ɑ j ɑ	3
vakuuttautua	ʋ ɑ k uː tː ɑ u t u ɑˣ	2
vakuutuksenantaja	ʋ ɑ k uː t u k s e n ɑ n t ɑ j ɑ	3
vakuutus	ʋ ɑ k uː t u s	237
vakuutusala	ʋ ɑ k uː t u s ɑ l ɑ	4
vakuutusarvo	ʋ ɑ k uː t u s ɑ r ʋ o	2
vakuutushistoria	ʋ ɑ k uː t u s h i s t o r i ɑ	0
vakuutuskausi	ʋ ɑ k uː t u s k ɑ u̯ s i	2
vakuutuskorvaus	ʋ ɑ k uː t u s k o r ʋ ɑ u s	2
vakuutusmaksuerä	ʋ ɑ k uː t u s m ɑ k s u e r æ	0
vakuutusmatematiikka	ʋ ɑ k uː t u s m ɑ t e m ɑ t iː kː ɑ	0
vakuutusneuvos	ʋ ɑ k uː t u s n e u̯ ʋ o s	0
vakuutuspetos	ʋ ɑ k uː t u s p e t o s	1
vakuutustodistus	ʋ ɑ k uː t u s t o d i s t u s	2
vakuutusyhtiö	ʋ ɑ k uː t u s y h t i ø	123
vala	ʋ ɑ l ɑ	11
vala	ʋ ɑ l ɑˣ	11
valaa	ʋ ɑ l ɑː	21
valaa	ʋ ɑ l ɑːˣ	21
valaehtoisesti	ʋ ɑ l ɑ e h t o i̯ s e s t iˣ	0
valaisin	ʋ ɑ l ɑ i̯ s i n	72
valaista	ʋ ɑ l ɑ i̯ s t ɑˣ	38
valaistusmestari	ʋ ɑ l ɑ i̯ s t u s m e s t ɑ r i	1
valaistustekniikka	ʋ ɑ l ɑ i̯ s t u s t e k n iː kː ɑ	2
valantehnyt	ʋ ɑ l ɑ n t e h n y t	0
valas	ʋ ɑ l ɑ s	5
valaskala	ʋ ɑ l ɑ s k ɑ l ɑ	0
valde	ʋ ɑ l d e	1
valdemar	ʋ ɑ l d e m ɑ r	15
vale	ʋ ɑ l eˣ	3
valeasiakirja	ʋ ɑ l eˣ ɑ s i ɑ k i r j ɑ	0
valehdella	ʋ ɑ l e h d e lː ɑˣ	14
valehdellen	ʋ ɑ l e h d e lː e n	0
valeholvi	ʋ ɑ l eˣ h o l ʋ i	0
valehteleminen	ʋ ɑ l e h t e l e m i n e n	4
valehtelija	ʋ ɑ l e h t e l i j ɑ	5
valeikkuna	ʋ ɑ l eˣ i kː u n ɑ	0
valekuollut	ʋ ɑ l eˣ k u o̯ lː u t	0
valella	ʋ ɑ l e lː ɑˣ	0
valemedia	ʋ ɑ l eˣ m e d i ɑ	0
valemuisto	ʋ ɑ l eˣ m u i̯ s t o	0
valenssielektroni	ʋ ɑ l e n sː i e l e k t r o n i	0
valepohja	ʋ ɑ l eˣ p o h j ɑ	0
valepuku	ʋ ɑ l eˣ p u k u	0
valeriaanaöljy	ʋ ɑ l e r i ɑː n ɑ ø l j y	0
valetaan	ʋ ɑ l e t ɑː n	14
valetasku	ʋ ɑ l eˣ t ɑ s k u	0
valeuutinen	ʋ ɑ l eˣ uː t i n e n	0
valheellisesti	ʋ ɑ l h eː lː i s e s t iˣ	5
validius	ʋ ɑ l i d i u s	0
validoida	ʋ ɑ l i d o i̯ d ɑˣ	0
validointi	ʋ ɑ l i d o i̯ n t i	3
valiini	ʋ ɑ lː iː n i	0
valikkokomento	ʋ ɑ l i kː o k o m e n t o	0
valikoituminen	ʋ ɑ l i k o i̯ t u m i n e n	7
valinkauha	ʋ ɑ l i n k ɑ u̯ h ɑ	0
valinmuotti	ʋ ɑ l i n m u o̯ tː i	0
valinnaisaine	ʋ ɑ l i nː ɑ i̯ s ɑ i̯ n eˣ	6
valinnanvara	ʋ ɑ l i nː ɑ n ʋ ɑ r ɑ	1
valinta	ʋ ɑ l i n t ɑ	866
valintafunktio	ʋ ɑ l i n t ɑ f u ŋ k t i o	0
valintaikkuna	ʋ ɑ l i n t ɑ i kː u n ɑ	9
valintakoe	ʋ ɑ l i n t ɑ k o eˣ	34
valintamahdollisuus	ʋ ɑ l i n t ɑ m ɑ h d o lː i s uː s	1
valintanappi	ʋ ɑ l i n t ɑ n ɑ pː i	1
valintanauha	ʋ ɑ l i n t ɑ n ɑ u̯ h ɑ	0
valintaoikeus	ʋ ɑ l i n t ɑ o i̯ k e u s	1
valintaperuste	ʋ ɑ l i n t ɑ p e r u s t eˣ	12
valintaruutu	ʋ ɑ l i n t ɑ r uː t u	8
valintaryhmä	ʋ ɑ l i n t ɑ r y h m æ	1
valiokuntatyöskentely	ʋ ɑ l i o k u n t ɑ t y ø̯ s k e n t e l y	0
valistusaate	ʋ ɑ l i s t u s ɑː t eˣ	0
valita	ʋ ɑ l i t ɑˣ	1944
valitan	ʋ ɑ l i t ɑ n	7
valitat	ʋ ɑ l i t ɑ t	2
valittaa	ʋ ɑ l i tː ɑːˣ	158
valittamaan	ʋ ɑ l i tː ɑ m ɑː n	19
valittaminen	ʋ ɑ l i tː ɑ m i n e n	7
valitus	ʋ ɑ l i t u s	143
valitusoikeus	ʋ ɑ l i t u s o i̯ k e u s	31
valitustie	ʋ ɑ l i t u s t i e̯	2
valituttaa	ʋ ɑ l i t u tː ɑːˣ	0
valiutua	ʋ ɑ l i u t u ɑˣ	0
valjastus	ʋ ɑ l j ɑ s t u s	0
valjeta	ʋ ɑ l j e t ɑˣ	3
valjusti	ʋ ɑ l j u s t iˣ	0
valkaisu	ʋ ɑ l k ɑ i̯ s u	1
valkaisuaine	ʋ ɑ l k ɑ i̯ s u ɑ i̯ n eˣ	1
valkata	ʋ ɑ l k ɑ t ɑˣ	0
valkea	ʋ ɑ l k e ɑ	39
valkeakoskelainen	ʋ ɑ l k e ɑ k o s k e l ɑ i̯ n e n	1
valkeakoski	ʋ ɑ l k e ɑ k o s k i	28
valkki	ʋ ɑ l kː i	2
valkko	ʋ ɑ l kː o	0
valkoherukka	ʋ ɑ l k o h e r u kː ɑ	0
valkoinen	ʋ ɑ l k o i̯ n e n	366
valkoinenpaimenkoira	ʋ ɑ l k o i̯ n e n p ɑ i̯ m e n k o i̯ r ɑ	0
valkokangas	ʋ ɑ l k o k ɑ ŋː ɑ s	10
valkokirjonta	ʋ ɑ l k o k i r j o n t ɑ	0
valkometalli	ʋ ɑ l k o m e t ɑ lː i	0
valkoparta	ʋ ɑ l k o p ɑ r t ɑ	0
valkopyökki	ʋ ɑ l k o p y ø̯ kː i	0
valkoselkätikka	ʋ ɑ l k o s e l k æ t i kː ɑ	7
valkosilmälokki	ʋ ɑ l k o s i l m æ l o kː i	0
valkosipulijauhe	ʋ ɑ l k o s i p u l i j ɑ u̯ h eˣ	0
valkosipulikastike	ʋ ɑ l k o s i p u l i k ɑ s t i k eˣ	0
valkosipulileipä	ʋ ɑ l k o s i p u l i l e i̯ p æ	0
valkosipuliperunat	ʋ ɑ l k o s i p u l i p e r u n ɑ t	0
valkosipulipuristin	ʋ ɑ l k o s i p u l i p u r i s t i n	0
valkosipulisuolakurkku	ʋ ɑ l k o s i p u l i s u o̯ l ɑ k u r kː u	0
valkosormisuus	ʋ ɑ l k o s o r m i s uː s	1
valkosuklaa	ʋ ɑ l k o s u k l ɑː	0
valkotasapaino	ʋ ɑ l k o t ɑ s ɑ p ɑ i̯ n o	3
valkuaisrikas	ʋ ɑ l k u ɑ i̯ s r i k ɑ s	0
valkuaisvirtsaisuus	ʋ ɑ l k u ɑ i̯ s ʋ i r t s ɑ i̯ s uː s	0
vallalla	ʋ ɑ lː ɑ lː ɑ	70
vallalle	ʋ ɑ lː ɑ lː eˣ	12
vallan	ʋ ɑ lː ɑ n	515
vallanhimo	ʋ ɑ lː ɑ n h i m o	3
vallanjako	ʋ ɑ lː ɑ n j ɑ k o	3
vallankaan	ʋ ɑ lː ɑ ŋ k ɑː n	0
vallankin	ʋ ɑ lː ɑ ŋ k i n	2
vallankumouksellisesti	ʋ ɑ lː ɑ n k u m o u k s e lː i s e s t iˣ	1
vallankumous	ʋ ɑ lː ɑ n k u m o u s	52
vallankumousaate	ʋ ɑ lː ɑ n k u m o u s ɑː t eˣ	0
vallankäyttäjä	ʋ ɑ lː ɑ n k æ y̯ tː æ j æ	3
vallankäyttö	ʋ ɑ lː ɑ n k æ y̯ tː ø	14
vallanpito	ʋ ɑ lː ɑ n p i t o	0
vallanpitäjä	ʋ ɑ lː ɑ n p i t æ j æ	0
vallata	ʋ ɑ lː ɑ t ɑˣ	26
vallattomasti	ʋ ɑ lː ɑ tː o m ɑ s t iˣ	0
vallesmanni	ʋ ɑ lː e s m ɑ nː i	4
valli	ʋ ɑ lː i	17
vallikaivanto	ʋ ɑ lː i k ɑ i̯ ʋ ɑ n t o	0
vallita	ʋ ɑ lː i t ɑˣ	18
vallitseva	ʋ ɑ lː i t s e ʋ ɑ	97
vallitsevasti	ʋ ɑ lː i t s e ʋ ɑ s t iˣ	11
valloittaa	ʋ ɑ lː o i̯ tː ɑːˣ	26
valloittaja	ʋ ɑ lː o i̯ tː ɑ j ɑ	5
valloittavasti	ʋ ɑ lː o i̯ tː ɑ ʋ ɑ s t iˣ	1
vallonilainen	ʋ ɑ lː o n i l ɑ i̯ n e n	0
vallu	ʋ ɑ lː u	6
valma	ʋ ɑ l m ɑ	4
valmi	ʋ ɑ l m i	0
valmikatto	ʋ ɑ l m i k ɑ tː o	0
valmis	ʋ ɑ l m i s	1163
valmisateria	ʋ ɑ l m i s ɑ t e r i ɑ	0
valmisbetoni	ʋ ɑ l m i s b e t o n i	3
valmismatka	ʋ ɑ l m i s m ɑ t k ɑ	1
valmisosa	ʋ ɑ l m i s o s ɑ	0
valmispuku	ʋ ɑ l m i s p u k u	0
valmisruoka	ʋ ɑ l m i s r u o̯ k ɑ	0
valmistaa	ʋ ɑ l m i s t ɑːˣ	758
valmistalo	ʋ ɑ l m i s t ɑ l o	1
valmistavasti	ʋ ɑ l m i s t ɑ ʋ ɑ s t iˣ	2
valmisteilla	ʋ ɑ l m i s t e i̯ lː ɑ	156
valmisteille	ʋ ɑ l m i s t e i̯ lː eˣ	2
valmistella	ʋ ɑ l m i s t e lː ɑˣ	137
valmisteluelin	ʋ ɑ l m i s t e l u e l i n	0
valmistumisvuosi	ʋ ɑ l m i s t u m i s ʋ u o̯ s i	7
valmistuserä	ʋ ɑ l m i s t u s e r æ	2
valmistuskustannukset	ʋ ɑ l m i s t u s k u s t ɑ nː u k s e t	6
valmistuslupa	ʋ ɑ l m i s t u s l u p ɑ	0
valmistustekniikka	ʋ ɑ l m i s t u s t e k n iː kː ɑ	11
valmistusvirhe	ʋ ɑ l m i s t u s ʋ i r h eˣ	4
valmistusvuosi	ʋ ɑ l m i s t u s ʋ u o̯ s i	4
valmisvaate	ʋ ɑ l m i s ʋ ɑː t eˣ	0
valmiusryhmä	ʋ ɑ l m i u s r y h m æ	0
valmiustila	ʋ ɑ l m i u s t i l ɑ	2
valmu	ʋ ɑ l m u	0
valmuska	ʋ ɑ l m u s k ɑ	0
valo	ʋ ɑ l o	411
valoaallot	ʋ ɑ l o ɑː lː o t	2
valoanturi	ʋ ɑ l o ɑ n t u r i	0
valodiodi	ʋ ɑ l o d i o d i	3
valoelementti	ʋ ɑ l o e l e m e n tː i	0
valoelin	ʋ ɑ l o e l i n	0
valohoito	ʋ ɑ l o h o i̯ t o	8
valoisasti	ʋ ɑ l o i̯ s ɑ s t iˣ	4
valojaksoisuus	ʋ ɑ l o j ɑ k s o i̯ s uː s	0
valokaasu	ʋ ɑ l o k ɑː s u	0
valokasvi	ʋ ɑ l o k ɑ s ʋ i	0
valokatteinen	ʋ ɑ l o k ɑ tː e i̯ n e n	0
valokenttä	ʋ ɑ l o k e n tː æ	0
valokopiokone	ʋ ɑ l o k o p i o k o n eˣ	0
valokuva	ʋ ɑ l o k u ʋ ɑ	84
valokuvakamera	ʋ ɑ l o k u ʋ ɑ k ɑ m e r ɑ	0
valokuvakansio	ʋ ɑ l o k u ʋ ɑ k ɑ n s i o	1
valokuvanäyttely	ʋ ɑ l o k u ʋ ɑ n æ y̯ tː e l y	27
valokuvatulostin	ʋ ɑ l o k u ʋ ɑ t u l o s t i n	0
valokuvauksellisesti	ʋ ɑ l o k u ʋ ɑ u k s e lː i s e s t iˣ	0
valokuvauskielto	ʋ ɑ l o k u ʋ ɑ u s k i e̯ l t o	0
valokuvauslupa	ʋ ɑ l o k u ʋ ɑ u s l u p ɑ	0
valokuvausmateriaali	ʋ ɑ l o k u ʋ ɑ u s m ɑ t e r i ɑː l i	0
valokuvaustekniikka	ʋ ɑ l o k u ʋ ɑ u s t e k n iː kː ɑ	0
valokuvausväline	ʋ ɑ l o k u ʋ ɑ u s ʋ æ l i n eˣ	0
valoladonta	ʋ ɑ l o l ɑ d o n t ɑ	0
valomeri	ʋ ɑ l o m e r i	0
valonkesto	ʋ ɑ l o n k e s t o	1
valopiha	ʋ ɑ l o p i h ɑ	0
valopilkku	ʋ ɑ l o p i l kː u	5
valoraketti	ʋ ɑ l o r ɑ k e tː i	1
valoreaktio	ʋ ɑ l o r e ɑ k t i o	0
valosapeli	ʋ ɑ l o s ɑ p e l i	0
valostua	ʋ ɑ l o s t u ɑˣ	0
valosuunnittelija	ʋ ɑ l o s uː nː i tː e l i j ɑ	7
valotaso	ʋ ɑ l o t ɑ s o	0
valoteksti	ʋ ɑ l o t e k s t i	0
valottaminen	ʋ ɑ l o tː ɑ m i n e n	2
valotusarvo	ʋ ɑ l o t u s ɑ r ʋ o	0
valotusaukko	ʋ ɑ l o t u s ɑ u kː o	0
valotusmittari	ʋ ɑ l o t u s m i tː ɑ r i	1
valotutka	ʋ ɑ l o t u t k ɑ	0
valourut	ʋ ɑ l o u r u t	0
valovastus	ʋ ɑ l o ʋ ɑ s t u s	0
valoverho	ʋ ɑ l o ʋ e r h o	0
valppaasti	ʋ ɑ l pː ɑː s t iˣ	6
valpuri	ʋ ɑ l p u r i	9
valssauskone	ʋ ɑ l sː ɑ u s k o n eˣ	0
valssi	ʋ ɑ l sː i	24
valssikone	ʋ ɑ l sː i k o n eˣ	0
valta	ʋ ɑ l t ɑ	293
valtaa	ʋ ɑ l t ɑː	299
valtaa	ʋ ɑ l t ɑːˣ	299
valtaaminen	ʋ ɑ l t ɑː m i n e n	6
valtaannousu	ʋ ɑ l t ɑː n n o u̯ s u	3
valtaisasti	ʋ ɑ l t ɑ i̯ s ɑ s t iˣ	1
valtaistuin	ʋ ɑ l t ɑ i s t u i̯ n	6
valtakulttuuri	ʋ ɑ l t ɑ k u l tː uː r i	3
valtakunnansali	ʋ ɑ l t ɑ k u nː ɑ n s ɑ l i	0
valtakunnansyyttäjänvirasto	ʋ ɑ l t ɑ k u nː ɑ n s yː tː æ j æ n ʋ i r ɑ s t o	3
valtamaantie	ʋ ɑ l t ɑ m ɑː n t i e̯	0
valtamedia	ʋ ɑ l t ɑ m e d i ɑ	6
valtamerialus	ʋ ɑ l t ɑ m e r i ɑ l u s	0
valtapiiri	ʋ ɑ l t ɑ p iː r i	0
valtasuoni	ʋ ɑ l t ɑ s u o̯ n i	2
valtataistelu	ʋ ɑ l t ɑ t ɑ i̯ s t e l u	5
valtatie	ʋ ɑ l t ɑ t i e̯	231
valtavirtainen	ʋ ɑ l t ɑ ʋ i r t ɑ i̯ n e n	0
valtavirtaistaa	ʋ ɑ l t ɑ ʋ i r t ɑ i̯ s t ɑːˣ	0
valtimo	ʋ ɑ l t i m o	17
valtimolainen	ʋ ɑ l t i m o l ɑ i̯ n e n	0
valtimoveri	ʋ ɑ l t i m o ʋ e r i	0
valtio	ʋ ɑ l t i o	564
valtioelin	ʋ ɑ l t i o e l i n	0
valtiojohto	ʋ ɑ l t i o j o h t o	4
valtiojohtoinen	ʋ ɑ l t i o j o h t o i̯ n e n	1
valtiokieli	ʋ ɑ l t i o k i e̯ l i	0
valtiolippu	ʋ ɑ l t i o l i pː u	0
valtiollistaa	ʋ ɑ l t i o lː i s t ɑːˣ	1
valtiollistua	ʋ ɑ l t i o lː i s t u ɑˣ	0
valtioneuvos	ʋ ɑ l t i o n e u̯ ʋ o s	7
valtionjohto	ʋ ɑ l t i o n j o h t o	0
valtionosuusjärjestelmä	ʋ ɑ l t i o n o s uː s j æ r j e s t e l m æ	9
valtiontila	ʋ ɑ l t i o n t i l ɑ	0
valtiopäiväneuvos	ʋ ɑ l t i o p æ i̯ ʋ æ n e u̯ ʋ o s	0
valtiovarainvaliokunta	ʋ ɑ l t i o ʋ ɑ r ɑ i̯ n ʋ ɑ l i o k u n t ɑ	6
valtiovieras	ʋ ɑ l t i o ʋ i e̯ r ɑ s	0
valto	ʋ ɑ l t o	12
valtoimenaan	ʋ ɑ l t o i̯ m e n ɑː n	6
valtoimesti	ʋ ɑ l t o i̯ m e s t iˣ	0
valtoin	ʋ ɑ l t o i̯ n	0
valtter	ʋ ɑ l tː e r	1
valtteri	ʋ ɑ l tː e r i	24
valtti	ʋ ɑ l tː i	19
valttiässä	ʋ ɑ l tː i æ sː æ	0
valtuustoryhmä	ʋ ɑ l t uː s t o r y h m æ	39
valtuustosali	ʋ ɑ l t uː s t o s ɑ l i	5
valtuuttaja	ʋ ɑ l t uː tː ɑ j ɑ	1
valtuuttaminen	ʋ ɑ l t uː tː ɑ m i n e n	1
valubetoni	ʋ ɑ l u b e t o n i	0
valuharkko	ʋ ɑ l u h ɑ r kː o	0
valukappale	ʋ ɑ l u k ɑ pː ɑ l eˣ	0
valukouru	ʋ ɑ l u k o u̯ r u	0
valuma	ʋ ɑ l u m ɑ	2
valumassa	ʋ ɑ l u m ɑ sː ɑ	0
valumetalli	ʋ ɑ l u m e t ɑ lː i	0
valuminen	ʋ ɑ l u m i n e n	6
valuri	ʋ ɑ l u r i	1
valuteräs	ʋ ɑ l u t e r æ s	0
valutuote	ʋ ɑ l u t u o̯ t eˣ	1
valuutanvaihto	ʋ ɑ l uː t ɑ n ʋ ɑ i̯ h t o	1
valuuttakurssi	ʋ ɑ l uː tː ɑ k u r sː i	11
valuuttakäärme	ʋ ɑ l uː tː ɑ k æː r m eˣ	0
valuuttamerkki	ʋ ɑ l uː tː ɑ m e r kː i	0
valvatti	ʋ ɑ l ʋ ɑ tː i	1
valveille	ʋ ɑ l ʋ e i̯ lː eˣ	0
valveuttaa	ʋ ɑ l ʋ e u tː ɑːˣ	0
valveutua	ʋ ɑ l ʋ e u t u ɑˣ	0
valvojaiset	ʋ ɑ l ʋ o j ɑ i̯ s e t	0
valvominen	ʋ ɑ l ʋ o m i n e n	28
valvomo	ʋ ɑ l ʋ o m o	12
valvonta	ʋ ɑ l ʋ o n t ɑ	374
valvontakohde	ʋ ɑ l ʋ o n t ɑ k o h d eˣ	0
valvontakäynti	ʋ ɑ l ʋ o n t ɑ k æ y̯ n t i	0
valvontamaksu	ʋ ɑ l ʋ o n t ɑ m ɑ k s u	14
valvontaprojekti	ʋ ɑ l ʋ o n t ɑ p r o j e k t i	2
valvontaviranomainen	ʋ ɑ l ʋ o n t ɑ ʋ i r ɑ n o m ɑ i̯ n e n	16
valvoskella	ʋ ɑ l ʋ o s k e lː ɑˣ	0
vamma	ʋ ɑ mː ɑ	70
vammaistuki	ʋ ɑ mː ɑ i̯ s t u k i	1
vammaistyö	ʋ ɑ mː ɑ i̯ s t y ø̯	4
vammauttaa	ʋ ɑ mː ɑ u tː ɑːˣ	3
vammautuminen	ʋ ɑ mː ɑ u t u m i n e n	8
vampata	ʋ ɑ m p ɑ t ɑˣ	0
vamppu	ʋ ɑ m pː u	0
vanamo	ʋ ɑ n ɑ m o	8
vandalisoida	ʋ ɑ n d ɑ l i s o i̯ d ɑˣ	0
vanerilevy	ʋ ɑ n e r i l e ʋ y	2
vaneriteollisuus	ʋ ɑ n e r i t e o lː i s uː s	1
vanginlukko	ʋ ɑ ŋː i n l u kː o	0
vanginvaatteet	ʋ ɑ ŋː i n ʋ ɑː tː eː t	0
vangita	ʋ ɑ ŋː i t ɑˣ	14
vangitaan	ʋ ɑ ŋː i t ɑː n	5
vangitseminen	ʋ ɑ ŋː i t s e m i n e n	7
vangittu	ʋ ɑ ŋː i tː u	15
vanha	ʋ ɑ n h ɑ	1574
vanhahtavasti	ʋ ɑ n h ɑ h t ɑ ʋ ɑ s t iˣ	0
vanhanaikaisesti	ʋ ɑ n h ɑ n ɑ i̯ k ɑ i̯ s e s t iˣ	4
vanhastaan	ʋ ɑ n h ɑ s t ɑː n	69
vanhatalo	ʋ ɑ n h ɑ t ɑ l o	11
vanhemmat	ʋ ɑ n h e mː ɑ t	1187
vanhemmuuttaan	ʋ ɑ n h e mː uː tː ɑː n	3
vanhempainetuus	ʋ ɑ n h e m p ɑ i̯ n e t uː s	0
vanhempainloma	ʋ ɑ n h e m p ɑ i̯ n l o m ɑ	2
vanhempainraha	ʋ ɑ n h e m p ɑ i̯ n r ɑ h ɑ	4
vanhempi	ʋ ɑ n h e m p i	325
vanheneminen	ʋ ɑ n h e n e m i n e n	32
vanhentuminen	ʋ ɑ n h e n t u m i n e n	4
vanheta	ʋ ɑ n h e t ɑˣ	10
vanhoillaan	ʋ ɑ n h o i̯ lː ɑː n	0
vanhoillisesti	ʋ ɑ n h o i̯ lː i s e s t iˣ	2
vanhojenpäivä	ʋ ɑ n h o j e n p æ i̯ ʋ æ	0
vanhurskaasti	ʋ ɑ n h u r s k ɑː s t iˣ	2
vanhurskauttaa	ʋ ɑ n h u r s k ɑ u tː ɑːˣ	9
vanhurskauttaminen	ʋ ɑ n h u r s k ɑ u tː ɑ m i n e n	11
vanhus	ʋ ɑ n h u s	60
vanhustyö	ʋ ɑ n h u s t y ø̯	5
vanhuudenpäivät	ʋ ɑ n h uː d e n p æ i̯ ʋ æ t	0
vanhuus	ʋ ɑ n h uː s	13
vanhuuseläke	ʋ ɑ n h uː s e l æ k eˣ	10
vanilja	ʋ ɑ n i l j ɑ	1
vaniljajäätelö	ʋ ɑ n i l j ɑ j æː t e l ø	0
vaniljakastike	ʋ ɑ n i l j ɑ k ɑ s t i k eˣ	0
vaniljakeksi	ʋ ɑ n i l j ɑ k e k s i	0
vanilliini	ʋ ɑ n i lː iː n i	0
vankasti	ʋ ɑ ŋ k ɑ s t iˣ	16
vankentua	ʋ ɑ ŋ k e n t u ɑˣ	0
vanki	ʋ ɑ ŋ k i	97
vankileiri	ʋ ɑ ŋ k i l e i̯ r i	1
vankimielisairaala	ʋ ɑ ŋ k i m i e̯ l i s ɑ i̯ r ɑː l ɑ	1
vankistaa	ʋ ɑ ŋ k i s t ɑːˣ	0
vankistua	ʋ ɑ ŋ k i s t u ɑˣ	0
vankityö	ʋ ɑ ŋ k i t y ø̯	3
vankka	ʋ ɑ ŋ kː ɑ	179
vankkasara	ʋ ɑ ŋ kː ɑ s ɑ r ɑ	0
vankkumatta	ʋ ɑ ŋ kː u m ɑ tː ɑ	0
vankkumattomasti	ʋ ɑ ŋ kː u m ɑ tː o m ɑ s t iˣ	0
vanko	ʋ ɑ ŋ k o	0
vannas	ʋ ɑ nː ɑ s	7
vannasluu	ʋ ɑ nː ɑ s l uː	0
vanne	ʋ ɑ nː eˣ	12
vannehaka	ʋ ɑ nː eˣ h ɑ k ɑ	0
vannoa	ʋ ɑ nː o ɑˣ	7
vannoi	ʋ ɑ nː o i̯	11
vannottaa	ʋ ɑ nː o tː ɑːˣ	0
vannotus	ʋ ɑ nː o t u s	0
vantaa	ʋ ɑ n t ɑː	128
vantaalainen	ʋ ɑ n t ɑː l ɑ i̯ n e n	15
vanulappu	ʋ ɑ n u l ɑ pː u	0
vanuttaminen	ʋ ɑ n u tː ɑ m i n e n	0
vanuttua	ʋ ɑ n u tː u ɑˣ	0
vapa	ʋ ɑ p ɑ	14
vapaa	ʋ ɑ p ɑː	708
vapaakappalekirjasto	ʋ ɑ p ɑː k ɑ pː ɑ l eˣ k i r j ɑ s t o	0
vapaakauppasopimus	ʋ ɑ p ɑː k ɑ u̯ pː ɑ s o p i m u s	2
vapaakaupunki	ʋ ɑ p ɑː k ɑ u̯ p u ŋ k i	1
vapaakenttä	ʋ ɑ p ɑː k e n tː æ	0
vapaamatkustaja	ʋ ɑ p ɑː m ɑ t k u s t ɑ j ɑ	1
vapaamatkustajuus	ʋ ɑ p ɑː m ɑ t k u s t ɑ j uː s	0
vapaamielisesti	ʋ ɑ p ɑː m i e̯ l i s e s t iˣ	0
vapaamuotoisesti	ʋ ɑ p ɑː m u o̯ t o i̯ s e s t iˣ	29
vapaaoppilas	ʋ ɑ p ɑː o pː i l ɑ s	0
vapaapaini	ʋ ɑ p ɑː p ɑ i̯ n i	4
vapaasotilas	ʋ ɑ p ɑː s o t i l ɑ s	0
vapaatekstihaku	ʋ ɑ p ɑː t e k s t i h ɑ k u	3
vapaavarasto	ʋ ɑ p ɑː ʋ ɑ r ɑ s t o	2
vapaavarsikone	ʋ ɑ p ɑː ʋ ɑ r s i k o n eˣ	0
vapaavuosi	ʋ ɑ p ɑː ʋ u o̯ s i	2
vapaudenaate	ʋ ɑ p ɑ u d e n ɑː t eˣ	0
vapaudenriisto	ʋ ɑ p ɑ u d e n r iː s t o	2
vapaudenristi	ʋ ɑ p ɑ u d e n r i s t i	4
vapaus	ʋ ɑ p ɑ u s	249
vapauttaa	ʋ ɑ p ɑ u tː ɑːˣ	206
vapautua	ʋ ɑ p ɑ u t u ɑˣ	47
vapisuttaa	ʋ ɑ p i s u tː ɑːˣ	2
vappu	ʋ ɑ pː u	51
vappuaatto	ʋ ɑ pː u ɑː tː o	1
vappuilmapallo	ʋ ɑ pː u i l m ɑ p ɑ lː o	0
vappupallo	ʋ ɑ pː u p ɑ lː o	0
vara	ʋ ɑ r ɑ	18
varaa	ʋ ɑ r ɑː	713
varaa	ʋ ɑ r ɑːˣ	713
varaani	ʋ ɑ r ɑː n i	1
varahenkilö	ʋ ɑ r ɑ h e ŋ k i l ø	7
varainhoitokausi	ʋ ɑ r ɑ i̯ n h o i̯ t o k ɑ u̯ s i	0
varainhoitovuosi	ʋ ɑ r ɑ i̯ n h o i̯ t o ʋ u o̯ s i	0
varainsiirtovero	ʋ ɑ r ɑ i̯ n s iː r t o ʋ e r o	4
varakkaasti	ʋ ɑ r ɑ kː ɑː s t iˣ	0
varakone	ʋ ɑ r ɑ k o n eˣ	0
varakonsuli	ʋ ɑ r ɑ k o n s u l i	0
varaktori	ʋ ɑ r ɑ k t o r i	0
varallaolo	ʋ ɑ r ɑ lː ɑ o l o	2
varallaolokorvaus	ʋ ɑ r ɑ lː ɑ o l o k o r ʋ ɑ u s	1
varallisuusasema	ʋ ɑ r ɑ lː i s uː s ɑ s e m ɑ	0
varalta	ʋ ɑ r ɑ l t ɑ	277
varanto	ʋ ɑ r ɑ n t o	5
varapalvelin	ʋ ɑ r ɑ p ɑ l ʋ e l i n	0
varapoistumistie	ʋ ɑ r ɑ p o i̯ s t u m i s t i e̯	0
varapresidenttiehdokas	ʋ ɑ r ɑ p r e s i d e n tː i e h d o k ɑ s	0
varapuhemies	ʋ ɑ r ɑ p u h eˣ m i e̯ s	5
vararavinto	ʋ ɑ r ɑ r ɑ ʋ i n t o	0
vararehtori	ʋ ɑ r ɑ r e h t o r i	28
vararikko	ʋ ɑ r ɑ r i kː o	2
varas	ʋ ɑ r ɑ s	22
varasija	ʋ ɑ r ɑ s i j ɑ	2
varasta	ʋ ɑ r ɑ s t ɑ	10
varasta	ʋ ɑ r ɑ s t ɑˣ	10
varastaa	ʋ ɑ r ɑ s t ɑː	38
varastaa	ʋ ɑ r ɑ s t ɑːˣ	38
varasto	ʋ ɑ r ɑ s t o	77
varastoalue	ʋ ɑ r ɑ s t o ɑ l u eˣ	4
varastoiminen	ʋ ɑ r ɑ s t o i̯ m i n e n	3
varastointikustannukset	ʋ ɑ r ɑ s t o i̯ n t i k u s t ɑ nː u k s e t	2
varastoituminen	ʋ ɑ r ɑ s t o i̯ t u m i n e n	0
varastokokoelma	ʋ ɑ r ɑ s t o k o k o e l m ɑ	0
varastokuoppa	ʋ ɑ r ɑ s t o k u o̯ pː ɑ	0
varastorakennus	ʋ ɑ r ɑ s t o r ɑ k e nː u s	18
varastotila	ʋ ɑ r ɑ s t o t i l ɑ	4
varastotuholainen	ʋ ɑ r ɑ s t o t u h o l ɑ i̯ n e n	0
varat	ʋ ɑ r ɑ t	298
varata	ʋ ɑ r ɑ t ɑˣ	528
varatie	ʋ ɑ r ɑ t i e̯	0
varattu	ʋ ɑ r ɑ tː u	952
varauksellisesti	ʋ ɑ r ɑ u k s e lː i s e s t iˣ	22
varauksettomasti	ʋ ɑ r ɑ u k s e tː o m ɑ s t iˣ	9
varauloskäytävä	ʋ ɑ r ɑ u l o s k æ y̯ t æ ʋ æ	0
varavirta	ʋ ɑ r ɑ ʋ i r t ɑ	0
varavoima	ʋ ɑ r ɑ ʋ o i̯ m ɑ	1
varavoimakone	ʋ ɑ r ɑ ʋ o i̯ m ɑ k o n eˣ	2
varavoimalaitos	ʋ ɑ r ɑ ʋ o i̯ m ɑ l ɑ i̯ t o s	0
varhain	ʋ ɑ r h ɑ i̯ n	223
varhaisaamiainen	ʋ ɑ r h ɑ i̯ s ɑː m i ɑ i̯ n e n	0
varhaisaamu	ʋ ɑ r h ɑ i̯ s ɑː m u	0
varhaisaste	ʋ ɑ r h ɑ i̯ s ɑ s t eˣ	0
varhaiseläke	ʋ ɑ r h ɑ i̯ s e l æ k eˣ	4
varhaishistoria	ʋ ɑ r h ɑ i̯ s h i s t o r i ɑ	1
varhaishistoriallinen	ʋ ɑ r h ɑ i̯ s h i s t o r i ɑ lː i n e n	0
varhaisintaan	ʋ ɑ r h ɑ i̯ s i n t ɑː n	0
varhaisjakelu	ʋ ɑ r h ɑ i̯ s j ɑ k e l u	1
varhaiskantainen	ʋ ɑ r h ɑ i̯ s k ɑ n t ɑ i̯ n e n	0
varhaiskasvatus	ʋ ɑ r h ɑ i̯ s k ɑ s ʋ ɑ t u s	8
varhaiskausi	ʋ ɑ r h ɑ i̯ s k ɑ u̯ s i	0
varhaiskeskiaikainen	ʋ ɑ r h ɑ i̯ s k e s k i ɑ i̯ k ɑ i̯ n e n	0
varhaiskevät	ʋ ɑ r h ɑ i̯ s k e ʋ æ t	0
varhaiskristillinen	ʋ ɑ r h ɑ i̯ s k r i s t i lː i n e n	2
varhaiskypsyys	ʋ ɑ r h ɑ i̯ s k y p s yː s	0
varhaismetallikausi	ʋ ɑ r h ɑ i̯ s m e t ɑ lː i k ɑ u̯ s i	0
varhaisnuori	ʋ ɑ r h ɑ i̯ s n u o̯ r i	2
varhaisnuoriso	ʋ ɑ r h ɑ i̯ s n u o̯ r i s o	0
varhaisnuoruus	ʋ ɑ r h ɑ i̯ s n u o̯ r uː s	0
varhaisnykysuomi	ʋ ɑ r h ɑ i̯ s n y k y s u o̯ m i	0
varhaisoire	ʋ ɑ r h ɑ i̯ s o i̯ r eˣ	0
varhaisperuna	ʋ ɑ r h ɑ i̯ s p e r u n ɑ	4
varhaisromantiikka	ʋ ɑ r h ɑ i̯ s r o m ɑ n t iː kː ɑ	0
varhaissuomi	ʋ ɑ r h ɑ i̯ s s u o̯ m i	0
varhaissyksy	ʋ ɑ r h ɑ i̯ s s y k s y	0
varhaistoteaminen	ʋ ɑ r h ɑ i̯ s t o t e ɑ m i n e n	0
varhaistuotanto	ʋ ɑ r h ɑ i̯ s t u o̯ t ɑ n t o	4
varhaisuutiset	ʋ ɑ r h ɑ i̯ s uː t i s e t	0
varhaisvaihe	ʋ ɑ r h ɑ i̯ s ʋ ɑ i̯ h eˣ	2
varhemmin	ʋ ɑ r h e mː i n	10
varhempi	ʋ ɑ r h e m p i	1
varhentua	ʋ ɑ r h e n t u ɑˣ	0
varhopatsasrakenne	ʋ ɑ r h o p ɑ t s ɑ s r ɑ k e nː eˣ	0
varhopatsastekniikka	ʋ ɑ r h o p ɑ t s ɑ s t e k n iː kː ɑ	0
variaatiolaskenta	ʋ ɑ r i ɑː t i o l ɑ s k e n t ɑ	0
varianssianalyysi	ʋ ɑ r i ɑ n sː i ɑ n ɑ l yː s i	1
variantti	ʋ ɑ r i ɑ n tː i	6
variksensaapas	ʋ ɑ r i k s e n s ɑː p ɑ s	0
varilimppu	ʋ ɑ r i l i m pː u	0
varis	ʋ ɑ r i s	77
varistaa	ʋ ɑ r i s t ɑː	0
varistaa	ʋ ɑ r i s t ɑːˣ	0
varistella	ʋ ɑ r i s t e lː ɑˣ	0
varisto	ʋ ɑ r i s t o	0
varistori	ʋ ɑ r i s t o r i	0
varjeleminen	ʋ ɑ r j e l e m i n e n	3
varjeltua	ʋ ɑ r j e l t u ɑˣ	3
varjo	ʋ ɑ r j o	51
varjoaine	ʋ ɑ r j o ɑ i̯ n eˣ	3
varjoelämä	ʋ ɑ r j o e l æ m æ	0
varjoisa	ʋ ɑ r j o i̯ s ɑ	4
varjokasvi	ʋ ɑ r j o k ɑ s ʋ i	0
varjolla	ʋ ɑ r j o lː ɑ	37
varkailla	ʋ ɑ r k ɑ i̯ lː ɑ	1
varkaisiin	ʋ ɑ r k ɑ i̯ s iː n	2
varkaissa	ʋ ɑ r k ɑ i̯ sː ɑ	2
varkaista	ʋ ɑ r k ɑ i̯ s t ɑ	5
varkaus	ʋ ɑ r k ɑ u s	36
varkautelainen	ʋ ɑ r k ɑ u t e l ɑ i̯ n e n	4
varma	ʋ ɑ r m ɑ	482
varmenneviranomainen	ʋ ɑ r m e nː eˣ ʋ i r ɑ n o m ɑ i̯ n e n	1
varmentaja	ʋ ɑ r m e n t ɑ j ɑ	2
varmistaminen	ʋ ɑ r m i s t ɑ m i n e n	80
varmuuskopio	ʋ ɑ r m uː s k o p i o	18
varmuuskopioida	ʋ ɑ r m uː s k o p i o i̯ d ɑˣ	4
varoa	ʋ ɑ r o ɑˣ	57
varoalue	ʋ ɑ r o ɑ l u eˣ	0
varoasento	ʋ ɑ r o ɑ s e n t o	1
varoittaa	ʋ ɑ r o i̯ tː ɑːˣ	102
varoitusteippi	ʋ ɑ r o i̯ t u s t e i̯ pː i	0
varoitusääni	ʋ ɑ r o i̯ t u s æː n i	0
varojen	ʋ ɑ r o j e n	198
varovaisuusperiaate	ʋ ɑ r o ʋ ɑ i̯ s uː s p e r i ɑː t eˣ	2
varpa	ʋ ɑ r p ɑ	0
varpaankynsi	ʋ ɑ r p ɑː n k y n s i	2
varpaillaan	ʋ ɑ r p ɑ i̯ lː ɑː n	10
varpailleen	ʋ ɑ r p ɑ i̯ lː eː n	3
varpaiset	ʋ ɑ r p ɑ i̯ s e t	0
varpaisillaan	ʋ ɑ r p ɑ i̯ s i lː ɑː n	0
varpaisilleen	ʋ ɑ r p ɑ i̯ s i lː eː n	0
varpu	ʋ ɑ r p u	23
varpukasvi	ʋ ɑ r p u k ɑ s ʋ i	0
varpunen	ʋ ɑ r p u n e n	8
varpuspöllö	ʋ ɑ r p u s p ø lː ø	4
varsa	ʋ ɑ r s ɑ	9
varsi	ʋ ɑ r s i	58
varsieväkala	ʋ ɑ r s i e ʋ æ k ɑ l ɑ	0
varsikenkä	ʋ ɑ r s i k e ŋ k æ	0
varsinainen	ʋ ɑ r s i n ɑ i̯ n e n	876
varsominen	ʋ ɑ r s o m i n e n	0
varsottaa	ʋ ɑ r s o tː ɑːˣ	0
varsova	ʋ ɑ r s o ʋ ɑ	6
varstasara	ʋ ɑ r s t ɑ s ɑ r ɑ	0
vartalokontakti	ʋ ɑ r t ɑ l o k o n t ɑ k t i	1
vartalotyyppi	ʋ ɑ r t ɑ l o t yː pː i	0
vartalovoide	ʋ ɑ r t ɑ l o ʋ o i̯ d eˣ	1
varten	ʋ ɑ r t e n	6785
varteva	ʋ ɑ r t e ʋ ɑ	4
vartija	ʋ ɑ r t i j ɑ	21
vartio	ʋ ɑ r t i o	12
vartioalus	ʋ ɑ r t i o ɑ l u s	0
vartioasema	ʋ ɑ r t i o ɑ s e m ɑ	1
vartiokoira	ʋ ɑ r t i o k o i̯ r ɑ	1
vartiolaiva	ʋ ɑ r t i o l ɑ i̯ ʋ ɑ	1
vartiolinnake	ʋ ɑ r t i o l i nː ɑ k eˣ	1
vartiomoottorivene	ʋ ɑ r t i o m oː tː o r i ʋ e n eˣ	1
vartoa	ʋ ɑ r t o ɑˣ	1
varuille	ʋ ɑ r u i̯ lː eˣ	0
varuilleen	ʋ ɑ r u i̯ lː eː n	0
varus	ʋ ɑ r u s	0
varuskuntasairaala	ʋ ɑ r u s k u n t ɑ s ɑ i̯ r ɑː l ɑ	0
varusmiespalvelus	ʋ ɑ r u s m i e̯ s p ɑ l ʋ e l u s	11
varusohjelma	ʋ ɑ r u s o h j e l m ɑ	0
varustaminen	ʋ ɑ r u s t ɑ m i n e n	22
varustus	ʋ ɑ r u s t u s	73
varusväki	ʋ ɑ r u s ʋ æ k i	1
varvas	ʋ ɑ r ʋ ɑ s	8
varvasastuja	ʋ ɑ r ʋ ɑ s ɑ s t u j ɑ	0
varvasluu	ʋ ɑ r ʋ ɑ s l uː	0
varvasmylly	ʋ ɑ r ʋ ɑ s m y lː y	0
varvassara	ʋ ɑ r ʋ ɑ s s ɑ r ɑ	0
varvi	ʋ ɑ r ʋ i	3
varvistaa	ʋ ɑ r ʋ i s t ɑːˣ	0
vasa	ʋ ɑ s ɑ	17
vasalli	ʋ ɑ s ɑ lː i	0
vasanmerkintä	ʋ ɑ s ɑ n m e r k i n t æ	0
vasara	ʋ ɑ s ɑ r ɑ	24
vasarajuotin	ʋ ɑ s ɑ r ɑ j u o̯ t i n	0
vasarakirves	ʋ ɑ s ɑ r ɑ k i r ʋ e s	1
vasarakoneisto	ʋ ɑ s ɑ r ɑ k o n e i̯ s t o	0
vasaralaite	ʋ ɑ s ɑ r ɑ l ɑ i̯ t eˣ	0
vasaramies	ʋ ɑ s ɑ r ɑ m i e̯ s	0
vasaramurskain	ʋ ɑ s ɑ r ɑ m u r s k ɑ i̯ n	0
vasaranisku	ʋ ɑ s ɑ r ɑ n i s k u	0
vasaranvarsi	ʋ ɑ s ɑ r ɑ n ʋ ɑ r s i	0
vasartaa	ʋ ɑ s ɑ r t ɑːˣ	0
vasemmistolaisesti	ʋ ɑ s e mː i s t o l ɑ i̯ s e s t iˣ	0
vasemmistovoimat	ʋ ɑ s e mː i s t o ʋ o i̯ m ɑ t	0
vasen	ʋ ɑ s e n	166
vasenkätisesti	ʋ ɑ s e n k æ t i s e s t iˣ	0
vasensuorajärjestelmä	ʋ ɑ s e n s u o̯ r ɑ j æ r j e s t e l m æ	0
vasikankyljys	ʋ ɑ s i k ɑ n k y l j y s	0
vasikanpaisti	ʋ ɑ s i k ɑ n p ɑ i̯ s t i	0
vasikka	ʋ ɑ s i kː ɑ	12
vasiten	ʋ ɑ s i t e n	2
vasituinen	ʋ ɑ s i t u i̯ n e n	0
vasituisesti	ʋ ɑ s i t u i̯ s e s t iˣ	0
vaski	ʋ ɑ s k i	2
vaskikäärme	ʋ ɑ s k i k æː r m eˣ	2
vaskiyhtye	ʋ ɑ s k i y h t y eˣ	0
vaskojoki	ʋ ɑ s k o j o k i	0
vaskulaarinen	ʋ ɑ s k u l ɑː r i n e n	1
vasoittaa	ʋ ɑ s o i̯ tː ɑːˣ	0
vasominen	ʋ ɑ s o m i n e n	0
vasopressiini	ʋ ɑ s o p r e sː iː n i	1
vassari	ʋ ɑ sː ɑ r i	0
vasta	ʋ ɑ s t ɑ	3654
vastaa	ʋ ɑ s t ɑː	3578
vastaa	ʋ ɑ s t ɑːˣ	3578
vastaaja	ʋ ɑ s t ɑː j ɑ	86
vastaaminen	ʋ ɑ s t ɑː m i n e n	81
vastaanotin	ʋ ɑ s t ɑː n o t i n	36
vastaanottajaiset	ʋ ɑ s t ɑː n o tː ɑ j ɑ i̯ s e t	0
vastaanottaminen	ʋ ɑ s t ɑː n o tː ɑ m i n e n	54
vastaanottavaisesti	ʋ ɑ s t ɑː n o tː ɑ ʋ ɑ i̯ s e s t iˣ	0
vastaanottavasti	ʋ ɑ s t ɑː n o tː ɑ ʋ ɑ s t iˣ	0
vastaanotto	ʋ ɑ s t ɑː n o tː o	287
vastaanottohuone	ʋ ɑ s t ɑː n o tː o h u o̯ n eˣ	2
vastaanottojuhlallisuudet	ʋ ɑ s t ɑː n o tː o j u h l ɑ lː i s uː d e t	0
vastaanottokeskus	ʋ ɑ s t ɑː n o tː o k e s k u s	5
vastaanottopaikka	ʋ ɑ s t ɑː n o tː o p ɑ i̯ kː ɑ	7
vastaanottosali	ʋ ɑ s t ɑː n o tː o s ɑ l i	0
vastaanottotodistus	ʋ ɑ s t ɑː n o tː o t o d i s t u s	0
vastaantulija	ʋ ɑ s t ɑː n t u l i j ɑ	6
vastaava	ʋ ɑ s t ɑː ʋ ɑ	1263
vastaavanlaisesti	ʋ ɑ s t ɑː ʋ ɑ n l ɑ i̯ s e s t iˣ	1
vastahakoinen	ʋ ɑ s t ɑ h ɑ k o i̯ n e n	5
vastainen	ʋ ɑ s t ɑ i̯ n e n	142
vastaisuus	ʋ ɑ s t ɑ i̯ s uː s	8
vastakarvaan	ʋ ɑ s t ɑ k ɑ r ʋ ɑː n	7
vastakkaisesti	ʋ ɑ s t ɑ kː ɑ i̯ s e s t iˣ	3
vastakkaissuuntainen	ʋ ɑ s t ɑ kː ɑ i̯ s s uː n t ɑ i̯ n e n	2
vastakkaissuuntaisesti	ʋ ɑ s t ɑ kː ɑ i̯ s s uː n t ɑ i̯ s e s t iˣ	0
vastakkaissuuntaisuus	ʋ ɑ s t ɑ kː ɑ i̯ s s uː n t ɑ i̯ s uː s	0
vastakulttuuri	ʋ ɑ s t ɑ k u l tː uː r i	2
vastamedia	ʋ ɑ s t ɑ m e d i ɑ	0
vastamelukuulokkeet	ʋ ɑ s t ɑ m e l u k uː l o kː eː t	0
vastamielenosoittaja	ʋ ɑ s t ɑ m i e̯ l e n o s o i̯ tː ɑ j ɑ	0
vastamielenosoitus	ʋ ɑ s t ɑ m i e̯ l e n o s o i̯ t u s	0
vastapallo	ʋ ɑ s t ɑ p ɑ lː o	0
vastapeli	ʋ ɑ s t ɑ p e l i	0
vastapiste	ʋ ɑ s t ɑ p i s t eˣ	0
vastapuikea	ʋ ɑ s t ɑ p u i̯ k e ɑ	0
vastarintajoukot	ʋ ɑ s t ɑ r i n t ɑ j o u̯ k o t	0
vastas	ʋ ɑ s t ɑ s	5
vastasukaan	ʋ ɑ s t ɑ s u k ɑː n	0
vastasyytös	ʋ ɑ s t ɑ s yː t ø s	0
vastata	ʋ ɑ s t ɑ t ɑˣ	670
vastatapahtuma	ʋ ɑ s t ɑ t ɑ p ɑ h t u m ɑ	3
vastattava	ʋ ɑ s t ɑ tː ɑ ʋ ɑ	71
vastatuksin	ʋ ɑ s t ɑ t u k s i n	0
vastatuuli	ʋ ɑ s t ɑ t uː l i	4
vastaus	ʋ ɑ s t ɑ u s	754
vastausaika	ʋ ɑ s t ɑ u s ɑ i̯ k ɑ	3
vastauskortti	ʋ ɑ s t ɑ u s k o r tː i	1
vastausvaihtoehto	ʋ ɑ s t ɑ u s ʋ ɑ i̯ h t o e h t o	2
vastavaikuttajalihas	ʋ ɑ s t ɑ ʋ ɑ i̯ k u tː ɑ j ɑ l i h ɑ s	0
vastavalo	ʋ ɑ s t ɑ ʋ ɑ l o	0
vastavalosuoja	ʋ ɑ s t ɑ ʋ ɑ l o s u o̯ j ɑ	0
vastavektori	ʋ ɑ s t ɑ ʋ e k t o r i	1
vastaventtiili	ʋ ɑ s t ɑ ʋ e n tː iː l i	0
vastavuoroon	ʋ ɑ s t ɑ ʋ u o̯ r oː n	0
vastaväri	ʋ ɑ s t ɑ ʋ æ r i	1
vaste	ʋ ɑ s t eˣ	43
vasteaika	ʋ ɑ s t e ɑ i̯ k ɑ	5
vastedes	ʋ ɑ s t e d e s	29
vastenmielisesti	ʋ ɑ s t e n m i e̯ l i s e s t iˣ	0
vastentahtoisesti	ʋ ɑ s t e n t ɑ h t o i̯ s e s t iˣ	8
vastin	ʋ ɑ s t i n	0
vastineeksi	ʋ ɑ s t i n eː k s i	50
vastuksellisesti	ʋ ɑ s t u k s e lː i s e s t iˣ	0
vastus	ʋ ɑ s t u s	46
vastustamattomasti	ʋ ɑ s t u s t ɑ m ɑ tː o m ɑ s t iˣ	21
vastustaminen	ʋ ɑ s t u s t ɑ m i n e n	27
vastuu	ʋ ɑ s t uː	855
vastuullisesti	ʋ ɑ s t uː lː i s e s t iˣ	42
vastuullisuus	ʋ ɑ s t uː lː i s uː s	23
vastuuntunne	ʋ ɑ s t uː n t u nː eˣ	1
vastuuntuntoinen	ʋ ɑ s t uː n t u n t o i̯ n e n	18
vastuuntuntoisesti	ʋ ɑ s t uː n t u n t o i̯ s e s t iˣ	7
vastuuttomasti	ʋ ɑ s t uː tː o m ɑ s t iˣ	5
vataja	ʋ ɑ t ɑ j ɑ	2
vati	ʋ ɑ t i	4
vatja	ʋ ɑ t j ɑ	0
vatjalainen	ʋ ɑ t j ɑ l ɑ i̯ n e n	0
vatkata	ʋ ɑ t k ɑ t ɑˣ	1
vatsa	ʋ ɑ t s ɑ	44
vatsaevä	ʋ ɑ t s ɑ e ʋ æ	0
vatsaflunssa	ʋ ɑ t s ɑ f l u n sː ɑ	0
vatsainfektio	ʋ ɑ t s ɑ i n f e k t i o	0
vatsakatarri	ʋ ɑ t s ɑ k ɑ t ɑ rː i	0
vatsalauta	ʋ ɑ t s ɑ l ɑ u̯ t ɑ	0
vatsamakkara	ʋ ɑ t s ɑ m ɑ kː ɑ r ɑ	0
vatsanahka	ʋ ɑ t s ɑ n ɑ h k ɑ	2
vatsanalus	ʋ ɑ t s ɑ n ɑ l u s	1
vatsanpeitteet	ʋ ɑ t s ɑ n p e i̯ tː eː t	1
vatsanpohja	ʋ ɑ t s ɑ n p o h j ɑ	0
vatsantäyte	ʋ ɑ t s ɑ n t æ y̯ t eˣ	0
vatsanväänne	ʋ ɑ t s ɑ n ʋ æː nː eˣ	0
vatsapaita	ʋ ɑ t s ɑ p ɑ i̯ t ɑ	0
vatsapuoli	ʋ ɑ t s ɑ p u o̯ l i	1
vatsarasva	ʋ ɑ t s ɑ r ɑ s ʋ ɑ	0
vatsasairaus	ʋ ɑ t s ɑ s ɑ i̯ r ɑ u s	0
vatsasyöpä	ʋ ɑ t s ɑ s y ø̯ p æ	0
vatsatauti	ʋ ɑ t s ɑ t ɑ u̯ t i	3
vattumato	ʋ ɑ tː u m ɑ t o	1
vatupassi	ʋ ɑ t u p ɑ sː i	5
vatvoa	ʋ ɑ t ʋ o ɑˣ	1
vau	ʋ ɑ u̯	3
vauhdittaminen	ʋ ɑ u̯ h d i tː ɑ m i n e n	3
vauhdittua	ʋ ɑ u̯ h d i tː u ɑˣ	0
vauhkoilla	ʋ ɑ u̯ h k o i̯ lː ɑˣ	0
vauhti	ʋ ɑ u̯ h t i	131
vaula	ʋ ɑ u̯ l ɑ	6
vaunu	ʋ ɑ u̯ n u	64
vaunujono	ʋ ɑ u̯ n u j o n o	1
vauraasti	ʋ ɑ u̯ r ɑː s t iˣ	0
vaurastuttaa	ʋ ɑ u̯ r ɑ s t u tː ɑːˣ	1
vaurio	ʋ ɑ u̯ r i o	38
vauva	ʋ ɑ u̯ ʋ ɑ	99
vauvakutsut	ʋ ɑ u̯ ʋ ɑ k u t s u t	0
vauvamainen	ʋ ɑ u̯ ʋ ɑ m ɑ i̯ n e n	0
vauvanukke	ʋ ɑ u̯ ʋ ɑ n u kː e	1
vauvanvaunut	ʋ ɑ u̯ ʋ ɑ n ʋ ɑ u̯ n u t	0
vauvarokko	ʋ ɑ u̯ ʋː ɑ r o kː o	1
vavahduttaa	ʋ ɑ ʋ ɑ h d u tː ɑːˣ	0
vavista	ʋ ɑ ʋ i s t ɑˣ	4
vavisuttaa	ʋ ɑ ʋ i s u tː ɑːˣ	0
vedellä	ʋ e d e lː æ	176
vedellä	ʋ e d e lː æˣ	176
vedeneristys	ʋ e d e n e r i s t y s	11
vedenkanto	ʋ e d e n k ɑ n t o	0
vedenkeitin	ʋ e d e n k e i̯ t i n	8
vedenkuljetus	ʋ e d e n k u l j e t u s	0
vedonlyönti	ʋ e d o n l y ø̯ n t i	5
vedonlyöntikerroin	ʋ e d o n l y ø̯ n t i k e rː o i̯ n	0
vedostus	ʋ e d o s t u s	3
vedynkaltainen	ʋ e d y n k ɑ l t ɑ i̯ n e n	0
vedyttää	ʋ e d y tː æːˣ	0
vedytys	ʋ e d y t y s	0
vee	ʋ eː	11
veera	ʋ eː r ɑ	36
veeti	ʋ eː t i	6
vege	ʋ e ɡ e	0
vehdata	ʋ e h d ɑ t ɑˣ	0
vehka	ʋ e h k ɑ	2
vehkeily	ʋ e h k e i̯ l y	0
vehmaa	ʋ e h m ɑː	3
vehmaalainen	ʋ e h m ɑː l ɑ i̯ n e n	2
vehnä	ʋ e h n æ	20
vehnäinen	ʋ e h n æ i̯ n e n	0
vehnäjauho	ʋ e h n æ j ɑ u̯ h o	3
vehnäleipä	ʋ e h n æ l e i̯ p æ	0
vehnäpelto	ʋ e h n æ p e l t o	0
vehnätärkkelys	ʋ e h n æ t æ r kː e l y s	1
vei	ʋ e i̯	495
veijo	ʋ e i̯ j o	119
veikeillä	ʋ e i̯ k e i̯ lː æˣ	0
veikeä	ʋ e i̯ k e æ	4
veikeästi	ʋ e i̯ k e æ s t iˣ	1
veikistellä	ʋ e i̯ k i s t e lː æˣ	0
veikka	ʋ e i̯ kː ɑ	13
veikkausvarat	ʋ e i̯ kː ɑ u s ʋ ɑ r ɑ t	0
veikkausvoittovarat	ʋ e i̯ kː ɑ u s ʋ o i̯ tː o ʋ ɑ r ɑ t	2
veikko	ʋ e i̯ kː o	396
veisata	ʋ e i̯ s ɑ t ɑˣ	0
veistellä	ʋ e i̯ s t e lː æˣ	1
veisto	ʋ e i̯ s t o	1
veistokirves	ʋ e i̯ s t o k i r ʋ e s	0
veistosali	ʋ e i̯ s t o s ɑ l i	2
veistosryhmä	ʋ e i̯ s t o s r y h m æ	0
veistotaltta	ʋ e i̯ s t o t ɑ l tː ɑ	0
veistäminen	ʋ e i̯ s t æ m i n e n	1
veitikkamaisesti	ʋ e i̯ t i kː ɑ m ɑ i̯ s e s t iˣ	0
veitsi	ʋ e i̯ t s i	23
vekkihame	ʋ e kː i h ɑ m eˣ	0
vekotin	ʋ e k o t i n	4
vektori	ʋ e k t o r i	19
vektorijono	ʋ e k t o r i j o n o	0
vektorijoukko	ʋ e k t o r i j o u̯ kː o	0
vektorikimppu	ʋ e k t o r i k i m pː u	0
vektorikolmitulo	ʋ e k t o r i k o l m i t u l o	0
vektorikuva	ʋ e k t o r i k u ʋ ɑ	1
vektorilaskenta	ʋ e k t o r i l ɑ s k e n t ɑ	0
vektoripotentiaali	ʋ e k t o r i p o t e n t i ɑː l i	0
vektoriprojektio	ʋ e k t o r i p r o j e k t i o	0
vektorisuure	ʋ e k t o r i s uː r eˣ	0
vektoroida	ʋ e k t o r o i̯ d ɑˣ	2
velho	ʋ e l h o	16
velhotar	ʋ e l h o t ɑ r	1
veli	ʋ e l i	216
velihopea	ʋ e l i h o p e ɑ	0
velikulta	ʋ e l i k u l t ɑ	1
velimies	ʋ e l i m i e̯ s	0
velipekka	ʋ e l i p e kː ɑ	0
velipoika	ʋ e l i p o i̯ k ɑ	4
velisarja	ʋ e l i s ɑ r j ɑ	0
velisurma	ʋ e l i s u r m ɑ	0
velisurmaaja	ʋ e l i s u r m ɑː j ɑ	0
velivainaja	ʋ e l i ʋ ɑ i̯ n ɑ j ɑ	0
veljellisesti	ʋ e l j e lː i s e s t iˣ	2
veljenmalja	ʋ e l j e n m ɑ l j ɑ	0
veljenpoika	ʋ e l j e n p o i̯ k ɑ	7
veljentytär	ʋ e l j e n t y t æ r	3
veljes	ʋ e l j e s	0
velka	ʋ e l k ɑ	53
velkaannuttaa	ʋ e l k ɑː nː u tː ɑːˣ	0
velkaantuminen	ʋ e l k ɑː n t u m i n e n	15
velkaantumisaste	ʋ e l k ɑː n t u m i s ɑ s t eˣ	0
velkamenot	ʋ e l k ɑ m e n o t	0
velkautua	ʋ e l k ɑ u t u ɑˣ	0
vellamo	ʋ e lː ɑ m o	5
velli	ʋ e lː i	1
velliä	ʋ e lː i æ	1
velloa	ʋ e lː o ɑˣ	0
velmu	ʋ e l m u	5
velmusti	ʋ e l m u s t iˣ	1
veloitus	ʋ e l o i̯ t u s	18
velot	ʋ e l o t	4
veltostaa	ʋ e l t o s t ɑːˣ	0
veltosti	ʋ e l t o s t iˣ	1
velttoilla	ʋ e l tː o i̯ lː ɑˣ	1
velttosara	ʋ e l tː o s ɑ r ɑ	0
velvoitetyöllistettävä	ʋ e l ʋ o i̯ t e t y ø̯ lː i s t e tː æ ʋ æ	0
velvoitetyöllistäminen	ʋ e l ʋ o i̯ t eˣ t y ø̯ lː i s t æ m i n e n	0
velvollisuudentunne	ʋ e l ʋ o lː i s uː d e n t u nː eˣ	0
velvollisuudentuntoinen	ʋ e l ʋ o lː i s uː d e n t u n t o i̯ n e n	0
velvollisuudentuntoisesti	ʋ e l ʋ o lː i s uː d e n t u n t o i̯ s e s t iˣ	2
velvollisuus	ʋ e l ʋ o lː i s uː s	344
venata	ʋ e n ɑ t ɑˣ	0
vendikausi	ʋ e n d i k ɑ u̯ s i	0
vene	ʋ e n eˣ	167
veneenrakennus	ʋ e n eː n r ɑ k e nː u s	2
veneenveisto	ʋ e n eː n ʋ e i̯ s t o	0
veneillä	ʋ e n e i̯ lː æˣ	17
veneilykausi	ʋ e n e i̯ l y k ɑ u̯ s i	1
venekeksi	ʋ e n eˣ k e k s i	0
venepolttohautaus	ʋ e n eˣ p o l tː o h ɑ u̯ t ɑ u s	0
veneranta	ʋ e n e r ɑ n t ɑ	5
veneseuralippu	ʋ e n eˣ s e u̯ r ɑ l i pː u	0
venetie	ʋ e n eˣ t i e̯	2
venetyyppi	ʋ e n eˣ t yː pː i	3
venevaja	ʋ e n eˣ ʋ ɑ j ɑ	7
venevaruste	ʋ e n eˣ ʋ ɑ r u s t eˣ	0
veniitti	ʋ e n iː tː i	0
venkoilla	ʋ e ŋ k o i̯ lː ɑˣ	0
venla	ʋ e n l ɑ	17
ventraalinen	ʋ e n t r ɑː l i n e n	1
ventrikkeli	ʋ e n t r i kː e l i	1
ventti	ʋ e n tː i	1
venttiili	ʋ e n tː iː l i	44
venttiilikoneisto	ʋ e n tː iː l i k o n e i̯ s t o	1
venymä	ʋ e n y m æ	5
venyttyä	ʋ e n y tː y æˣ	1
venyttää	ʋ e n y tː æːˣ	21
venytys	ʋ e n y t y s	14
venyvä	ʋ e n y ʋ æ	7
venyä	ʋ e n y æˣ	13
venähdyttää	ʋ e n æ h d y tː æːˣ	0
venäjä	ʋ e n æ j æ	358
venäjänkielinen	ʋ e n æ j æ n k i e̯ l i n e n	10
venäläinen	ʋ e n æ l æ i̯ n e n	152
venäläismielinen	ʋ e n æ l æ i̯ s m i e̯ l i n e n	0
venäläismies	ʋ e n æ l æ i̯ s m i e̯ s	1
venäläisnainen	ʋ e n æ l æ i̯ s n ɑ i̯ n e n	2
venäläisvastainen	ʋ e n æ l æ i̯ s ʋ ɑ s t ɑ i̯ n e n	0
venäläisyys	ʋ e n æ l æ i̯ s yː s	3
venäyttää	ʋ e n æ y tː æːˣ	0
vepsä	ʋ e p s æ	10
vepsäläinen	ʋ e p s æ l æ i̯ n e n	17
veranta	ʋ e r ɑ n t ɑ	4
verbaalistaa	ʋ e r b ɑː l i s t ɑːˣ	0
verbi	ʋ e r b i	21
vereen	ʋ e r eː n	38
vereentyä	ʋ e r eː n t y æˣ	0
verekseltään	ʋ e r e k s e l t æː n	2
verenglukoosi	ʋ e r e n ɡ l u k oː s i	0
verenkiertoelimistö	ʋ e r e n k i e̯ r t o e l i m i s t ø	2
verenkiertoelin	ʋ e r e n k i e̯ r t o e l i n	0
verenluovutus	ʋ e r e n l u o̯ ʋ u t u s	4
verenpainelääke	ʋ e r e n p ɑ i̯ n eˣ l æː k eˣː	1
verenpainemittari	ʋ e r e n p ɑ i̯ n eˣ m i tː ɑ r i	1
verenpainetauti	ʋ e r e n p ɑ i̯ n e t ɑ u̯ t i	17
verenperintö	ʋ e r e n p e r i n t ø	1
verenpunainen	ʋ e r e n p u n ɑ i̯ n e n	3
verenpurkautuma	ʋ e r e n p u r k ɑ u t u m ɑ	1
verensokeri	ʋ e r e n s o k e r i	14
verensyöksy	ʋ e r e n s y ø̯ k s y	0
verenvaihto	ʋ e r e n ʋ ɑ i̯ h t o	0
verenveto	ʋ e r e n ʋ e t o	0
verenvirtaus	ʋ e r e n ʋ i r t ɑ u s	7
verenvuodattaja	ʋ e r e n ʋ u o̯ d ɑ t t ɑ j ɑ	1
veres	ʋ e r e s	1
vereslihalla	ʋ e r e s l i h ɑ lː ɑ	2
vereslihalle	ʋ e r e s l i h ɑ lː eˣ	4
verestyä	ʋ e r e s t y æˣ	0
verevöittää	ʋ e r e ʋ ø i̯ tː æːˣ	0
verhokäyrä	ʋ e r h o k æ y̯ r æ	1
verholasi	ʋ e r h o l ɑ s i	0
verholehti	ʋ e r h o l e h t i	0
verhopilvi	ʋ e r h o p i l ʋ i	0
verhotanko	ʋ e r h o t ɑ ŋ k o	0
verhous	ʋ e r h o u s	5
veri	ʋ e r i	82
veriarvo	ʋ e r i ɑ r ʋ o	0
veridoping	ʋ e r i d o u̯ p i ŋː	0
verifikationismi	ʋ e r i f i k ɑ t i o n i s m i	0
verifikationisti	ʋ e r i f i k ɑ t i o n i s t i	0
verifikationistinen	ʋ e r i f i k ɑ t i o n i s t i n e n	0
verihera	ʋ e r i h e r ɑ	0
verihiutale	ʋ e r i h i u̯ t ɑ l eˣ	0
verihyytymä	ʋ e r i h yː t y m æ	0
verijauho	ʋ e r i j ɑ u̯ h o	0
verikakko	ʋ e r i k ɑ kː o	0
verikoe	ʋ e r i k o eˣ	1
verikosto	ʋ e r i k o s t o	0
verilettu	ʋ e r i l e tː u	0
verinaarmu	ʋ e r i n ɑː r m u	0
verinäyte	ʋ e r i n æ y̯ t eˣ	12
veriohukainen	ʋ e r i o h u k ɑ i̯ n e n	0
verioksennus	ʋ e r i o k s e nː u s	0
veripahka	ʋ e r i p ɑ h k ɑ	0
veripalttu	ʋ e r i p ɑ l tː u	0
veripalvelu	ʋ e r i p ɑ l ʋ e l u	9
veripisara	ʋ e r i p i s ɑ r ɑ	0
veripussi	ʋ e r i p u sː i	0
veriraha	ʋ e r i r ɑ h ɑ	0
veriseerumi	ʋ e r i s eː r u m i	0
verisesti	ʋ e r i s e s t iˣ	11
veriside	ʋ e r i s i d eˣ	0
verismi	ʋ e r i s m i	0
verissään	ʋ e r i sː æː n	2
veristyä	ʋ e r i s t y æˣ	0
veristää	ʋ e r i s t æːˣ	0
verisuoni	ʋ e r i s u o̯ n i	4
verisuonisairaus	ʋ e r i s u o̯ n i s ɑ i̯ r ɑ u s	1
verisuonitauti	ʋ e r i s u o̯ n i t ɑ u̯ t i	4
veritartunta	ʋ e r i t ɑ r t u n t ɑ	0
veritauti	ʋ e r i t ɑ u̯ t i	0
veriteitse	ʋ e r i t e i̯ t s eˣ	1
veriteko	ʋ e r i t e k o	1
veritesti	ʋ e r i t e s t i	0
veritukko	ʋ e r i t u kː o	0
veritukos	ʋ e r i t u k o s	0
verityö	ʋ e r i t y ø̯	1
veriuhri	ʋ e r i u h r i	1
verivaahtera	ʋ e r i ʋ ɑː h t e r ɑ	0
verivala	ʋ e r i ʋ ɑ l ɑ	0
veriveljeys	ʋ e r i ʋ e l j e y s	0
verivelka	ʋ e r i ʋ e l k ɑ	0
verivelli	ʋ e r i ʋ e lː i	0
veriviemäri	ʋ e r i ʋ i e̯ m æ r i	0
verivirta	ʋ e r i ʋ i r t ɑ	2
verkalleen	ʋ e r k ɑ lː eː n	3
verkkainen	ʋ e r kː ɑ i̯ n e n	1
verkko	ʋ e r kː o	255
verkkoaita	ʋ e r kː o ɑ i̯ t ɑ	0
verkkoasiointi	ʋ e r kː o ɑ s i o i̯ n t i	1
verkkojata	ʋ e r kː o j ɑ t ɑ	0
verkkojännite	ʋ e r kː o j æ nː i t eˣ	2
verkkokalastus	ʋ e r kː o k ɑ l ɑ s t u s	3
verkkokalvo	ʋ e r kː o k ɑ l ʋ o	4
verkkokerros	ʋ e r kː o k e rː o s	1
verkkokiintolevy	ʋ e r kː o k iː n t o l e ʋ y	0
verkkokortti	ʋ e r kː o k o r tː i	17
verkkolaite	ʋ e r kː o l ɑ i̯ t eˣ	8
verkkolevy	ʋ e r kː o l e ʋ y	1
verkkomerkki	ʋ e r kː o m e r kː i	0
verkkonimi	ʋ e r kː o n i m i	0
verkkopaita	ʋ e r kː o p ɑ i̯ t ɑ	0
verkkopankki	ʋ e r kː o p ɑ ŋ kː i	2
verkkopohjainen	ʋ e r kː o p o h j ɑ i̯ n e n	7
verkkopääte	ʋ e r kː o p æː t eˣ	6
verkkoryhmä	ʋ e r kː o r y h m æ	0
verkkosiipinen	ʋ e r kː o s iː p i n e n	0
verkkosovitin	ʋ e r kː o s o ʋ i t i n	0
verkkotaajuus	ʋ e r kː o t ɑː j uː s	1
verkkotulostin	ʋ e r kː o t u l o s t i n	3
verkkotunnus	ʋ e r kː o t u nː u s	11
verkkoutuminen	ʋ e r kː o u t u m i n e n	0
verkkovirta	ʋ e r kː o ʋ i r t ɑ	4
verkkovyö	ʋ e r kː o ʋ y ø̯	0
verkoitse	ʋ e r k o i̯ t s eˣ	1
verkonkives	ʋ e r k o n k i ʋ e s	0
verkonkoho	ʋ e r k o n k o h o	0
verkonkudonta	ʋ e r k o n k u d o n t ɑ	0
verkonkuivatusteline	ʋ e r k o n k u i̯ ʋ ɑ t u s t e l i n eˣ	0
verkonpaula	ʋ e r k o n p ɑ u̯ l ɑ	0
verkostoanalyysi	ʋ e r k o s t o ɑ n ɑ l yː s i	0
verkostoituminen	ʋ e r k o s t o i̯ t u m i n e n	80
verkostomarkkinointi	ʋ e r k o s t o m ɑ r kː i n o i̯ n t i	2
verkostoteoria	ʋ e r k o s t o t e o r i ɑ	0
verkostuminen	ʋ e r k o s t u m i n e n	4
verkottaa	ʋ e r k o tː ɑːˣ	5
verkottuminen	ʋ e r k o tː u m i n e n	63
vermont	ʋ e r m o n t	0
verna	ʋ e r n ɑ	1
verneri	ʋ e r n e r i	3
vernissata	ʋ e r n i sː ɑ t ɑˣ	0
vernissaus	ʋ e r n i sː ɑ u s	0
vero	ʋ e r o	106
veroisesti	ʋ e r o i̯ s e s t iˣ	3
veronalainen	ʋ e r o n ɑ l ɑ i̯ n e n	6
veronalainen	ʋ e r oː n ɑ l ɑ i̯ n e n	6
veronpalautus	ʋ e r o n p ɑ l ɑ u t u s	1
veronumero	ʋ e r o n u m e r o	0
veropalkkalaitos	ʋ e r o p ɑ l kː ɑ l ɑ i̯ t o s	0
veroparatiisi	ʋ e r o p ɑ r ɑ t iː s i	0
veroraha	ʋ e r o r ɑ h ɑ	0
veroruuvi	ʋ e r o r uː ʋ i	0
verotalous	ʋ e r o t ɑ l o u s	0
verotuksellisesti	ʋ e r o t u k s e lː i s e s t iˣ	6
verotusarvo	ʋ e r o t u s ɑ r ʋ o	13
verotuskohde	ʋ e r o t u s k o h d eˣ	1
verotusneuvos	ʋ e r o t u s n e u̯ ʋ o s	0
verotusvuosi	ʋ e r o t u s ʋ u o̯ s i	0
verovarat	ʋ e r o ʋ ɑ r ɑ t	1
verovuosi	ʋ e r o ʋ u o̯ s i	1
veroäyri	ʋ e r o æ y r i	7
verrannollinen	ʋ e rː ɑ nː o lː i n e n	66
verrannollisesti	ʋ e rː ɑ nː o lː i s e s t iˣ	1
verranto	ʋ e rː ɑ n t o	3
verrattomasti	ʋ e rː ɑ tː o m ɑ s t iˣ	9
verryttää	ʋ e rː y tː æːˣ	0
versaali	ʋ e r s ɑː l i	0
versiohallinta	ʋ e r s i o h ɑ lː i n t ɑ	1
version	ʋ e r s i o n	217
versojuuri	ʋ e r s o j uː r i	0
versokka	ʋ e r s o kː ɑ	0
versori	ʋ e r s o r i	0
versosyöpä	ʋ e r s o s y ø̯ p æ	0
verstas	ʋ e r s t ɑ s	8
verta	ʋ e r t ɑ	166
vertailtavuus	ʋ e r t ɑ i̯ l t ɑ ʋ uː s	9
vertailuaineisto	ʋ e r t ɑ i̯ l u ɑ i̯ n e i̯ s t o	2
vertailuindeksi	ʋ e r t ɑ i̯ l u i n d e k s i	2
vertailuryhmä	ʋ e r t ɑ i̯ l u r y h m æ	3
vertailutesti	ʋ e r t ɑ i̯ l u t e s t i	1
vertaisesti	ʋ e r t ɑ i̯ s e s t iˣ	0
vertaisryhmä	ʋ e r t ɑ i̯ s r y h m æ	3
vertaistuki	ʋ e r t ɑ i̯ s t u k i	15
vertaus	ʋ e r t ɑ u s	30
vertautua	ʋ e r t ɑ u t u ɑˣ	1
vertikaalisti	ʋ e r t i k ɑː l i s t iˣ	2
vertyä	ʋ e r t y æˣ	0
vesa	ʋ e s ɑ	491
vesakkomyrkky	ʋ e s ɑ kː o m y r kː y	0
vesakoitua	ʋ e s ɑ k o i̯ t u ɑˣ	0
vesakontorjunta	ʋ e s ɑ k o n t o r j u n t ɑ	0
vesanto	ʋ e s ɑ n t o	15
vesantolainen	ʋ e s ɑ n t o l ɑ i̯ n e n	0
vesata	ʋ e s ɑ t ɑˣ	0
vesi	ʋ e s i	835
vesiaktiivisuus	ʋ e s i ɑ k t iː ʋ i s uː s	0
vesiarvo	ʋ e s i ɑ r ʋ o	1
vesiastia	ʋ e s i ɑ s t i ɑ	5
vesibiologi	ʋ e s i b i o l o ɡ i	0
vesiekosysteemi	ʋ e s i e k o s y s t eː m i	0
vesieläin	ʋ e s i e l æ i̯ n	0
vesiensuojelu	ʋ e s i e n s u o̯ j e l u	13
vesieste	ʋ e s i e s t eˣ	4
vesihauta	ʋ e s i h ɑ u̯ t ɑ	0
vesiheinä	ʋ e s i h e i̯ n æ	0
vesihöyry	ʋ e s i h ø y̯ r y	8
vesijohto	ʋ e s i j o h t o	29
vesijohtovesi	ʋ e s i j o h t o ʋ e s i	7
vesijäähdyttää	ʋ e s i j æː h d y tː æːˣ	0
vesikaasu	ʋ e s i k ɑː s u	0
vesikate	ʋ e s i k ɑ t eˣ	0
vesikeli	ʋ e s i k e l i	1
vesikelkka	ʋ e s i k e l kː ɑ	0
vesikirppu	ʋ e s i k i r pː u	0
vesikivi	ʋ e s i k i ʋ i	0
vesikkeli	ʋ e s i kː e l i	0
vesiklosetti	ʋ e s i k l o s e tː i	1
vesikouru	ʋ e s i k o u̯ r u	1
vesikuusi	ʋ e s i k uː s i	0
vesikäärme	ʋ e s i k æː r m eˣ	0
vesilahtelainen	ʋ e s i l ɑ h t e l ɑ i̯ n e n	2
vesilahti	ʋ e s i l ɑ h t i	29
vesilaite	ʋ e s i l ɑ i̯ t eˣ	0
vesilaki	ʋ e s i l ɑ k i	9
vesileikkaus	ʋ e s i l e i̯ kː ɑ u s	2
vesilelu	ʋ e s i l e l u	0
vesiliikenne	ʋ e s i l iː k e nː eˣ	4
vesiliirto	ʋ e s i l iː r t o	0
vesiliuos	ʋ e s i l i u̯ o s	6
vesillelasku	ʋ e s i lː eˣ l ɑ s k u	3
vesilöytö	ʋ e s i l ø y̯ t ø	1
vesimeloni	ʋ e s i m e l o n i	2
vesimies	ʋ e s i m i e̯ s	2
vesinokkaeläin	ʋ e s i n o kː ɑ e l æ i̯ n	0
vesioikeus	ʋ e s i o i̯ k e u s	43
vesipata	ʋ e s i p ɑ t ɑ	0
vesipatsas	ʋ e s i p ɑ t s ɑ s	0
vesiperäinen	ʋ e s i p e r æ i̯ n e n	0
vesipesu	ʋ e s i p e s u	4
vesipoika	ʋ e s i p o i̯ k ɑ	0
vesiputous	ʋ e s i p u t o u s	10
vesiputousmalli	ʋ e s i p u t o u s m ɑ lː i	0
vesipäästäinen	ʋ e s i p æː s t æ i̯ n e n	1
vesipöhö	ʋ e s i p ø h ø	0
vesirakennustekniikka	ʋ e s i r ɑ k e nː u s t e k n iː kː ɑ	0
vesirakennustyö	ʋ e s i r ɑ k e nː u s t y ø̯	0
vesirakkula	ʋ e s i r ɑ kː u l ɑ	0
vesiratas	ʋ e s i r ɑ t ɑ s	3
vesireitti	ʋ e s i r e i̯ tː i	7
vesisaari	ʋ e s i s ɑː r i	1
vesisara	ʋ e s i s ɑ r ɑ	0
vesistö	ʋ e s i s t ø	45
vesistöalue	ʋ e s i s t ø ɑ l u eˣ	3
vesistötiede	ʋ e s i s t ø t i e̯ d eˣ	0
vesisuoni	ʋ e s i s u o̯ n i	0
vesisänky	ʋ e s i s æ ŋ k y	4
vesitalous	ʋ e s i t ɑ l o u s	10
vesitiede	ʋ e s i t i e̯ d eˣ	0
vesitippa	ʋ e s i t i pː ɑ	0
vesittäminen	ʋ e s i tː æ m i n e n	0
vesitunneli	ʋ e s i t u nː e l i	0
vesitähti	ʋ e s i t æ h t i	1
vesiurut	ʋ e s i u r u t	1
vesivaaka	ʋ e s i ʋ ɑː k ɑ	3
vesivahinko	ʋ e s i ʋ ɑ h i ŋ k o	7
vesiveski	ʋ e s i ʋ e s k i	0
vesiviljelyala	ʋ e s i ʋ i l j e l y ɑ l ɑ	0
vesivoimakone	ʋ e s i ʋ o i̯ m ɑ k o n eˣ	0
vesivoimavarat	ʋ e s i ʋ o i̯ m ɑ ʋ ɑ r ɑ t	0
vesiväylä	ʋ e s i ʋ æ y̯ l æ	3
vesiyhtiö	ʋ e s i y h t i ø	0
veskari	ʋ e s k ɑ r i	5
vespa	ʋ e s p ɑ	2
vessaharja	ʋ e sː ɑ h ɑ r j ɑ	0
vessapaperirulla	ʋ e sː ɑ p ɑ p e r i r u lː ɑ	1
vesseli	ʋ e sː e l i	3
veteli	ʋ e t e l i	12
veteliläinen	ʋ e t e l i l æ i̯ n e n	0
vetelästi	ʋ e t e l æ s t iˣ	0
vetelöittää	ʋ e t e l ø i̯ tː æːˣ	0
vetelöityä	ʋ e t e l ø i̯ t y æˣ	0
veteraani	ʋ e t e r ɑː n i	32
veteraanijärjestö	ʋ e t e r ɑː n i j æ r j e s t ø	0
veteraanipäivä	ʋ e t e r ɑː n i p æ i̯ ʋ æ	4
vetistyä	ʋ e t i s t y æˣ	0
vetkuttaa	ʋ e t k u tː ɑːˣ	0
veto	ʋ e t o	100
veto	ʋ eː tː o	100
vetoakseli	ʋ e t o ɑ k s e l i	0
vetohihna	ʋ e t o h i h n ɑ	0
vetohärkä	ʋ e t o h æ r k æ	0
vetoisuus	ʋ e t o i̯ s uː s	4
vetokoira	ʋ e t o k o i̯ r ɑ	1
vetokone	ʋ e t o k o n eˣ	0
vetokoukku	ʋ e t o k o u̯ kː u	3
vetokytkin	ʋ e t o k y t k i n	0
vetolaite	ʋ e t o l ɑ i̯ t eˣ	2
vetolujuus	ʋ e t o l u j uː s	9
vetomitta	ʋ e t o m i tː ɑ	0
vetoniitti	ʋ e t o n iː tː i	0
vetoniittipihdit	ʋ e t o n iː tː i p i h d i t	0
vetopyörä	ʋ e t o p y ø̯ r æ	0
vetosolmu	ʋ e t o s o l m u	0
vetouistelu	ʋ e t o u i̯ s t e l u	1
vetovarsi	ʋ e t o ʋ ɑ r s i	0
vetreyttää	ʋ e t r e y tː æːˣ	1
vetreytyä	ʋ e t r e y t y æˣ	0
vetreä	ʋ e t r e æ	1
vetristyä	ʋ e t r i s t y æˣ	0
vetristää	ʋ e t r i s t æːˣ	0
vettyä	ʋ e tː y æˣ	2
veturi	ʋ e t u r i	33
veturihalli	ʋ e t u r i h ɑ lː i	0
veturijuna	ʋ e t u r i j u n ɑ	0
veturimies	ʋ e t u r i m i e̯ s	0
veturinkuljettaja	ʋ e t u r i n k u l j e tː ɑ j ɑ	15
veturitalli	ʋ e t u r i t ɑ lː i	3
vety	ʋ e t y	21
vety	ʋ e t yˣ	21
vetykaasu	ʋ e t y k ɑː s u	0
vetykloridihappo	ʋ e t y k l o r i d i h ɑ pː o	1
vetypallo	ʋ e t y p ɑ lː o	0
vetypiirakka	ʋ e t y p iː r ɑ kː ɑ	0
vetypullo	ʋ e t y p u lː o	0
vetysuperoksidi	ʋ e t y s u p e r o k s i d i	0
vetytase	ʋ e t y t ɑ s eˣ	0
vetäminen	ʋ e t æ m i n e n	30
vetävyys	ʋ e t æ ʋ yː s	1
vetävästi	ʋ e t æ ʋ æ s t iˣ	1
vetää	ʋ e t æːˣ	450
vetääntyä	ʋ e t æː n t y æˣ	1
vianetsintä	ʋ i ɑ n e t s i n t æ	1
viattomuus	ʋ i ɑ tː o m uː s	2
viborgiitti	ʋ i b o r ɡ iː tː i	0
vibrato	ʋ i b r ɑ t o	0
vibrato	ʋ i b r ɑː t o	0
vibrato	ʋ i b r ɑː tː o	0
victoria	ʋ i k t oː r i ɑ	23
video	ʋ i d e o	198
videoelokuva	ʋ i d e o e l o k u ʋ ɑ	0
videofilmi	ʋ i d e o f i l m i	2
videokamera	ʋ i d e o k ɑ m e r ɑ	16
videokuva	ʋ i d e o k u ʋ ɑ	12
videolaite	ʋ i d e o l ɑ i̯ t eˣ	0
videolevy	ʋ i d e o l e ʋ y	0
videonauhoittaa	ʋ i d e o n ɑ u̯ h o i̯ tː ɑːˣ	0
videonkäsittely	ʋ i d e o n k æ s i tː e l y	1
videonpakkaus	ʋ i d e o n p ɑ kː ɑ u s	0
videopaja	ʋ i d e o p ɑ j ɑ	6
videopuhelu	ʋ i d e o p u h e l u	0
videosignaali	ʋ i d e o s i ŋ n ɑː l i	0
videosuunnittelija	ʋ i d e o s uː nː i tː e l i j ɑ	0
videotaide	ʋ i d e o t ɑ i̯ d eˣ	6
videotallenne	ʋ i d e o t ɑ lː e nː eˣ	7
videotarkistus	ʋ i d e o t ɑ r k i s t u s	0
videotekniikka	ʋ i d e o t e k n iː kː ɑ	1
videoteksi	ʋ i d e o t e k s i	0
videotuomari	ʋ i d e o t u o̯ m ɑ r i	0
videovalvonta	ʋ i d e o ʋ ɑ l ʋ o n t ɑ	5
videoviihde	ʋ i d e o ʋ iː h d eˣ	0
videovuokraamo	ʋ i d e o ʋ u o̯ k r ɑː m o	1
videoväkivalta	ʋ i d e o ʋ æ k i ʋ ɑ l t ɑ	0
vidin	ʋ i d i n	0
vie	ʋ i e̯	955
vie	ʋ i e̯ˣ	955
viedä	ʋ i e̯ d æˣ	556
viehe	ʋ i e̯ h eˣ	9
viehko	ʋ i e̯ h k o	2
viehkosti	ʋ i e̯ h k o s t iˣ	0
viehtyä	ʋ i e̯ h t y æˣ	0
viehätys	ʋ i e̯ h æ t y s	24
viejähaarake	ʋ i e̯ j æ h ɑː r ɑ k e	0
viekas	ʋ i e̯ k ɑ s	3
viekastella	ʋ i e̯ k ɑ s t e lː ɑˣ	0
viekoitella	ʋ i e̯ k o i̯ t e lː ɑˣ	0
viekoittaa	ʋ i e̯ k o i̯ tː ɑːˣ	0
viekotella	ʋ i e̯ k o t e lː ɑˣ	0
vielä	ʋ i e̯ l æ	11804
vieläpä	ʋ i e̯ l æ p æ	143
vieminen	ʋ i e̯ m i n e n	59
viemäri	ʋ i e̯ m æ r i	24
viemärikaasu	ʋ i e̯ m æ r i k ɑː s u	0
viemärikaivo	ʋ i e̯ m æ r i k ɑ i̯ ʋ o	1
vienalainen	ʋ i e̯ n ɑ l ɑ i̯ n e n	2
vienansara	ʋ i e̯ n ɑ n s ɑ r ɑ	0
vieno	ʋ i e̯ n o	20
vientikielto	ʋ i e̯ n t i k i e̯ l t o	0
vientimarkkinat	ʋ i e̯ n t i m ɑ r kː i n ɑ t	1
viera	ʋ i e̯ r ɑ	0
vieraanvoittoisesti	ʋ i e̯ r ɑː n ʋ o i̯ tː o i̯ s e s t iˣ	0
vieraisilla	ʋ i e̯ r ɑ i̯ s i lː ɑ	7
vieraisille	ʋ i e̯ r ɑ i̯ s i lː eˣ	0
vieraisilta	ʋ i e̯ r ɑ i̯ s i l t ɑ	0
vieras	ʋ i e̯ r ɑ s	188
vierasaine	ʋ i e̯ r ɑ s ɑ i̯ n eˣ	0
vieraskirja	ʋ i e̯ r ɑ s k i r j ɑ	15
vieraskutsut	ʋ i e̯ r ɑ s k u t s u t	0
vieraslista	ʋ i e̯ r ɑ s l i s t ɑ	0
vierasperäinen	ʋ i e̯ r ɑ s p e r æ i̯ n e n	3
vierastupa	ʋ i e̯ r ɑ s t u p ɑ	3
vierastuttaa	ʋ i e̯ r ɑ s t u tː ɑːˣ	0
vierastyövoima	ʋ i e̯ r ɑ s t y ø̯ ʋ o i̯ m ɑ	0
vierauttaa	ʋ i e̯ r ɑ u tː ɑːˣ	0
vierautua	ʋ i e̯ r ɑ u t u ɑˣ	0
viereen	ʋ i e̯ r eː n	257
vierekkäinen	ʋ i e̯ r e kː æ i̯ n e n	0
viereksiä	ʋ i e̯ r e k s i æˣ	0
vierelle	ʋ i e̯ r e lː eˣ	19
vierellä	ʋ i e̯ r e lː æ	43
viereltä	ʋ i e̯ r e l t æ	4
vieremä	ʋ i e̯ r e m æ	6
vieremäläinen	ʋ i e̯ r e m æ l æ i̯ n e n	0
vieressä	ʋ i e̯ r e sː æ	640
vierestä	ʋ i e̯ r e s t æ	97
vierettäin	ʋ i e̯ r e tː æ i̯ n	0
vieretyksin	ʋ i e̯ r e t y k s i n	0
vieri	ʋ i e̯ r i	19
vieri	ʋ i e̯ r iˣ	19
vierialue	ʋ i e̯ r i ɑ l u eˣ	0
vieritse	ʋ i e̯ r i t s eˣ	6
vierittäytyä	ʋ i e̯ r i tː æ y t y æˣ	0
vierityspalkki	ʋ i e̯ r i t y s p ɑ l kː i	0
vieriä	ʋ i e̯ r i æ	1
vieriä	ʋ i e̯ r i æˣ	1
vieroittautua	ʋ i e̯ r o i̯ tː ɑ u t u ɑˣ	0
vieroitusryhmä	ʋ i e̯ r o i̯ t u s r y h m æ	0
vierto	ʋ i e̯ r t o	0
viertokanki	ʋ i e̯ r t o k ɑ ŋ k i	0
viertotie	ʋ i e̯ r t o t i e̯	6
vierähtää	ʋ i e̯ r æ h t æːˣ	16
vieräyttää	ʋ i e̯ r æ y tː æːˣ	0
viesti	ʋ i e̯ s t i	468
viestijono	ʋ i e̯ s t i j o n o	0
viestijoukot	ʋ i e̯ s t i j o u̯ k o t	1
viestiketju	ʋ i e̯ s t i k e t j u	0
viestilippu	ʋ i e̯ s t i l i pː u	0
viestintä	ʋ i e̯ s t i n t æ	267
viestintäkanava	ʋ i e̯ s t i n t æ k ɑ n ɑ ʋ ɑ	2
viestintäneuvos	ʋ i e̯ s t i n t æ n e u̯ ʋ o s	0
viestintätekniikka	ʋ i e̯ s t i n t æ t e k n iː kː ɑ	24
viestintätiede	ʋ i e̯ s t i n t æ t i e̯ d eˣ	0
viestintäverkko	ʋ i e̯ s t i n t æ ʋ e r kː o	0
viestisuunnistus	ʋ i e̯ s t i s uː nː i s t u s	0
viestittyä	ʋ i e̯ s t i tː y æˣ	0
vietellä	ʋ i e̯ t e lː æˣ	5
vieteri	ʋ i e̯ t e r i	1
vietnamilainen	ʋ i e̯ t n ɑ m i l ɑ i̯ n e n	2
viettelijätär	ʋ i e̯ tː e l i j æ t æ r	1
viettienergia	ʋ i e̯ tː i e n e r ɡ i ɑ	1
viettipohja	ʋ i e̯ tː i p o h j ɑ	0
viettiä	ʋ i e̯ tː i æ	0
viettäminen	ʋ i e̯ tː æ m i n e n	4
vietävästi	ʋ i e̯ t æ ʋ æ s t iˣ	4
viha	ʋ i h ɑ	90
vihainen	ʋ i h ɑ i̯ n e n	48
vihaisesti	ʋ i h ɑ i̯ s e s t iˣ	6
vihamies	ʋ i h ɑ m i e̯ s	6
vihanlietsoja	ʋ i h ɑ n l i e̯ t s o j ɑ	0
vihanneskrassi	ʋ i h ɑ nː e s k r ɑ sː i	0
vihannesleikkuri	ʋ i h ɑ nː e s l e i̯ kː u r i	0
vihannespalsta	ʋ i h ɑ nː e s p ɑ l s t ɑ	0
vihannespunkki	ʋ i h ɑ nː e s p u ŋ kː i	0
vihanta	ʋ i h ɑ n t ɑ	5
vihapäissä	ʋ i h ɑ p æ i̯ sː æ	0
vihata	ʋ i h ɑ t ɑˣ	13
viheliäisesti	ʋ i h e l i æ i̯ s e s t iˣ	1
vihellellä	ʋ i h e lː e lː æˣ	0
viheltää	ʋ i h e l t æːˣ	12
viherhiukkanen	ʋ i h e r h i u̯ kː ɑ n e n	0
viheriöittää	ʋ i h e r i ø i̯ tː æːˣ	0
viherjauho	ʋ i h e r j ɑ u̯ h o	0
viherkaihi	ʋ i h e r k ɑ i̯ h i	6
viherkasvi	ʋ i h e r k ɑ s ʋ i	0
viherluumu	ʋ i h e r l uː m u	0
viherpeippo	ʋ i h e r p e i̯ pː o	1
vihervarpunen	ʋ i h e r ʋ ɑ r p u n e n	0
vihervasemmisto	ʋ i h e r ʋ ɑ s e mː i s t o	0
vihervassari	ʋ i h e r ʋ ɑ sː ɑ r i	0
vihi	ʋ i h i	2
vihille	ʋ i h i lː eˣ	7
vihillä	ʋ i h i lː æ	0
vihiltä	ʋ i h i l t æ	0
vihittää	ʋ i h i tː æːˣ	0
vihityttää	ʋ i h i t y tː æːˣ	0
vihivaunu	ʋ i h i ʋ ɑ u̯ n u	0
vihjeistys	ʋ i h j e i̯ s t y s	0
vihjeistää	ʋ i h j e i̯ s t æːˣ	0
vihjenuotti	ʋ i h j eˣ n u o̯ tː i	0
vihkimäristi	ʋ i h k i m æ r i s t i	0
vihkipalli	ʋ i h k i p ɑ lː i	0
vihkiryijy	ʋ i h k i r y i̯ j y	0
vihkiytyä	ʋ i h k i y t y æˣ	2
vihkiä	ʋ i h k i æˣ	5
vihkiäiset	ʋ i h k i æ i̯ s e t	17
vihko	ʋ i h k o	28
vihkoittain	ʋ i h k o i̯ tː ɑ i̯ n	0
vihloa	ʋ i h l o ɑˣ	0
vihma	ʋ i h m ɑ	9
vihnesara	ʋ i h n eˣ s ɑ r ɑ	0
vihniö	ʋ i h n i ø	0
vihoissa	ʋ i h o i̯ sː ɑ	0
vihoissaan	ʋ i h o i̯ sː ɑː n	3
vihoitella	ʋ i h o i̯ t e lː ɑˣ	0
vihoitellen	ʋ i h o i̯ t e lː e n	0
vihoittaa	ʋ i h o i̯ tː ɑːˣ	0
vihoittain	ʋ i h o i̯ tː ɑ i̯ n	0
vihollisalue	ʋ i h o lː i s ɑ l u eˣ	0
vihollisalus	ʋ i h o lː i s ɑ l u s	0
vihollisasema	ʋ i h o lː i s ɑ s e m ɑ	0
vihollisvoimat	ʋ i h o lː i s ʋ o i̯ m ɑ t	0
vihonviimein	ʋ i h o n ʋ iː m e i̯ n	0
vihoviimein	ʋ i h o ʋ iː m e i̯ n	0
vihreä	ʋ i h r e æ	372
vihreänharmaa	ʋ i h r e æ n h ɑ r m ɑː	0
vihta	ʋ i h t ɑ	2
vihtahousu	ʋ i h t ɑ h o u̯ s u	1
vihti	ʋ i h t i	19
vihtiläinen	ʋ i h t i l æ i̯ n e n	2
vihtori	ʋ i h t o r i	17
vihuri	ʋ i h u r i	0
viidakko	ʋ iː d ɑ kː o	8
viidakkorumpu	ʋ iː d ɑ kː o r u m p u	1
viides	ʋ iː d e s	236
viihdetaiteilija	ʋ iː h d eˣ t ɑ i̯ t e i̯ l i j ɑ	1
viihteellisesti	ʋ iː h t eː lː i s e s t iˣ	2
viihteellistyminen	ʋ iː h t eː lː i s t y m i n e n	0
viihteellistyä	ʋ iː h t eː lː i s t y æˣ	1
viihtyminen	ʋ iː h t y m i n e n	12
viihtyä	ʋ iː h t y æˣ	21
viikata	ʋ iː k ɑ t ɑˣ	0
viikate	ʋ iː k ɑ t eˣ	5
viikinkialus	ʋ iː k i ŋ k i ɑ l u s	0
viikinkihauta	ʋ iː k i ŋ k i h ɑ u̯ t ɑ	0
viikko	ʋ iː kː o	493
viikkokausi	ʋ iː kː o k ɑ u̯ s i	0
viikkopalkka	ʋ iː kː o p ɑ l kː ɑ	1
viikkoraha	ʋ iː kː o r ɑ h ɑ	1
viikonloppumaja	ʋ iː k o n l o pː u m ɑ j ɑ	0
viikonlopputyöskentely	ʋ iː k o n l o pː u t y ø̯ s k e n t e l y	0
viikset	ʋ iː k s e t	9
viiksi	ʋ iː k s i	2
viikuna	ʋ iː k u n ɑ	0
viila	ʋ iː l ɑ	2
viilaharja	ʋ iː l ɑ h ɑ r j ɑ	0
viilajauhe	ʋ iː l ɑ j ɑ u̯ h eˣ	0
viilata	ʋ iː l ɑ t ɑˣ	4
viilentyä	ʋ iː l e n t y æˣ	1
viileskellä	ʋ iː l e s k e lː æˣ	0
viiletellä	ʋ iː l e t e lː æˣ	0
viileyttää	ʋ iː l e y tː æːˣ	0
viileäkaappi	ʋ iː l e æ k ɑː pː i	1
viili	ʋ iː l i	4
viilipytty	ʋ iː l i p y tː y	0
viiltää	ʋ iː l t æː	6
viiltää	ʋ iː l t æːˣ	6
viilupuu	ʋ iː l u p uː	0
viiluttaa	ʋ iː l u tː ɑːˣ	0
viime	ʋ iː m e	6984
viimeinen	ʋ iː m e i̯ n e n	903
viimeisillään	ʋ iː m e i̯ s i lː æː n	0
viimeistelytyö	ʋ iː m e i̯ s t e l y t y ø̯	2
viimeistelyvaihe	ʋ iː m e i̯ s t e l y ʋ ɑ i̯ h eˣ	1
viimeistä	ʋ iː m e i̯ s t æ	242
viimeistää	ʋ iː m e i̯ s t æːˣ	1
viimekesäinen	ʋ iː m e k e s æ i̯ n e n	2
viimekeväinen	ʋ iː m e k e ʋ æ i̯ n e n	0
viimekuinen	ʋ iː m e k u i̯ n e n	0
viimesyksyinen	ʋ iː m e s y k s y i̯ n e n	1
viimetalvinen	ʋ iː m e t ɑ l ʋ i n e n	1
viimeviikkoinen	ʋ iː m e ʋ iː kː o i̯ n e n	1
viina	ʋ iː n ɑ	21
viinakeittiö	ʋ iː n ɑ k e i̯ tː i ø	0
viinakota	ʋ iː n ɑ k o t ɑ	0
viinakset	ʋ iː n ɑ k s e t	2
viinanhimo	ʋ iː n ɑ n h i m o	2
viinankeitto	ʋ iː n ɑ n k e i̯ tː o	1
viinapannu	ʋ iː n ɑ p ɑ nː u	1
viinapränni	ʋ iː n ɑ p r æ nː i	0
viinapäissä	ʋ iː n ɑ p æ i̯ sː æ	0
viinapää	ʋ iː n ɑ p æː	2
viini	ʋ iː n i	70
viinialue	ʋ iː n i ɑ l u eˣ	3
viinihiiva	ʋ iː n i h iː ʋ ɑ	0
viinijärvi	ʋ iː n i j æ r ʋ i	3
viinikarahvi	ʋ iː n i k ɑ r ɑ h ʋ i	0
viinikassa	ʋ iː n i k ɑ sː ɑ	1
viinikulttuuri	ʋ iː n i k u l tː uː r i	0
viinilaji	ʋ iː n i l ɑ j i	0
viinilista	ʋ iː n i l i s t ɑ	2
viinimaa	ʋ iː n i m ɑː	0
viininjumala	ʋ iː n i n j u m ɑ l ɑ	0
viininkorjuu	ʋ iː n i n k o r j uː	0
viinintuntija	ʋ iː n i n t u n t i j ɑ	0
viininvalmistus	ʋ iː n i n ʋ ɑ l m i s t u s	0
viininviejä	ʋ iː n i n ʋ i e̯ j æ	0
viininvienti	ʋ iː n i n ʋ i e̯ n t i	0
viininviljelyalue	ʋ iː n i n ʋ i l j e l y ɑ l u eˣ	1
viiniravintola	ʋ iː n i r ɑ ʋ i n t o l ɑ	0
viiniruukku	ʋ iː n i r uː kː u	0
viinirypäle	ʋ iː n i r y p æ l eˣ	0
viinisato	ʋ iː n i s ɑ t o	0
viinitarhuri	ʋ iː n i t ɑ r h u r i	1
viinitilkka	ʋ iː n i t i l kː ɑ	0
viinittää	ʋ iː n i tː æːˣ	0
viinitynnyri	ʋ iː n i t y nː y r i	0
viinivaahto	ʋ iː n i ʋ ɑː h t o	0
viiniviljelmä	ʋ iː n i ʋ i l j e l m æ	0
viiniviljelys	ʋ iː n i ʋ i l j e l y s	0
viinivuosi	ʋ iː n i ʋ u o̯ s i	0
viipale	ʋ iː p ɑ l eˣ	8
viipalekoulu	ʋ iː p ɑ l eˣ k o u̯ l u	2
viipaloida	ʋ iː p ɑ l o i̯ d ɑˣ	1
viipottaa	ʋ iː p o tː ɑːˣ	2
viipuri	ʋ iː p u r i	23
viipyillä	ʋ iː p y i̯ lː æˣ	0
viipyä	ʋ iː p y æˣ	30
viiraosa	ʋ iː r ɑ o s ɑ	0
viirarulla	ʋ iː r ɑ r u lː ɑ	0
viirata	ʋ iː r ɑ t ɑˣ	1
viiru	ʋ iː r uˣ	2
viisas	ʋ iː s ɑ s	77
viisastella	ʋ iː s ɑ s t e lː ɑˣ	1
viisastua	ʋ iː s ɑ s t u ɑˣ	1
viisastuminen	ʋ iː s ɑ s t u m i n e n	0
viisastuttaa	ʋ iː s ɑ s t u tː ɑːˣ	0
viisi	ʋ iː s i	1886
viisikielinen	ʋ iː s i k i e̯ l i n e n	3
viisikko	ʋ iː s i kː o	7
viisikulmio	ʋ iː s i k u l m i o	2
viisikymmentä	ʋ iː s i k y mː e n t æ	53
viisinkertaisesti	ʋ iː s i n k e r t ɑ i̯ s e s t iˣ	2
viisisataa	ʋ iː s i s ɑ t ɑː	12
viisisointu	ʋ iː s i s o i̯ n t u	0
viisitahokas	ʋ iː s i t ɑ h o k ɑ s	0
viisitoista	ʋ iː s i t o i̯ s t ɑ	88
viisivuotiskausi	ʋ iː s i ʋ u o̯ t i s k ɑ u̯ s i	1
viistehionta	ʋ iː s t eˣ h i o n t ɑ	0
viistoon	ʋ iː s t oː n	6
viistoperä	ʋ iː s t o p e r æ	0
viistorivi	ʋ iː s t o r i ʋ i	0
viistossa	ʋ iː s t o sː ɑ	5
viistosta	ʋ iː s t o s t ɑ	0
viistosti	ʋ iː s t o s t iˣ	11
viistoutua	ʋ iː s t o u t u ɑˣ	0
viitala	ʋ iː t ɑ l ɑ	18
viitanen	ʋ iː t ɑ n e n	84
viitasaarelainen	ʋ iː t ɑ s ɑː r e l ɑ i̯ n e n	0
viitasaari	ʋ iː t ɑ s ɑː r i	14
viitasara	ʋ iː t ɑ s ɑ r ɑ	1
viitata	ʋ iː t ɑ t ɑˣ	77
viiteapparaatti	ʋ iː t eˣ ɑ pː ɑ r ɑː tː i	0
viitehinta	ʋ iː t eˣ h i n t ɑ	0
viitekehys	ʋ iː t eˣ k e h y s	20
viitenumero	ʋ iː t eˣ n u m e r o	13
viiteryhmä	ʋ iː t eˣ r y h m æ	2
viitetietokanta	ʋ iː t eˣ t i e̯ t o k ɑ n t ɑ	5
viitoittaa	ʋ iː t o i̯ tː ɑːˣ	13
viitseliäs	ʋ iː t s e l i æ s	0
viitseliäästi	ʋ iː t s e l i æː s t iˣ	0
viitsiä	ʋ iː t s i æˣ	1
viitta	ʋ iː tː ɑ	20
viittatie	ʋ iː tː ɑ t i e̯	0
viittausapparaatti	ʋ iː tː ɑ u s ɑ pː ɑ r ɑː tː i	0
viittausjärjestelmä	ʋ iː tː ɑ u s j æ r j e s t e l m æ	0
viittaussuhde	ʋ iː tː ɑ u s s u h d eˣ	0
viitteellisesti	ʋ iː tː eː lː i s e s t iˣ	5
viittiä	ʋ iː tː i æˣ	0
viittoilla	ʋ iː tː o i̯ lː ɑˣ	0
viittoilulippu	ʋ iː tː o i̯ l u l i pː u	0
viiva	ʋ iː ʋ ɑ	73
viivahaku	ʋ iː ʋ ɑ h ɑ k u	0
viivain	ʋ iː ʋ ɑ i̯ n	0
viivakaava	ʋ iː ʋ ɑ k ɑː ʋ ɑ	0
viivakaavio	ʋ iː ʋ ɑ k ɑː ʋ i o	0
viivakuva	ʋ iː ʋ ɑ k u ʋ ɑ	1
viivaperspektiivi	ʋ iː ʋ ɑ p e r s p e k t iː ʋ i	1
viivapiirros	ʋ iː ʋ ɑ p iː rː o s	0
viivaspektri	ʋ iː ʋ ɑ s p e k t r i	0
viivasuora	ʋ iː ʋ ɑ s u o̯ r ɑ	0
viivasyövytys	ʋ iː ʋ ɑ s y ø̯ ʋ y t y s	0
viivata	ʋ iː ʋ ɑ t ɑˣ	1
viive	ʋ iː ʋ eˣ	27
viivelinja	ʋ iː ʋ eˣ l i n j ɑ	0
viivi	ʋ iː ʋ i	31
viivähtää	ʋ iː ʋ æ h t æːˣ	10
viivästellä	ʋ iː ʋ æ s t e lː æˣ	0
viivästyskorko	ʋ iː ʋ æ s t y s k o r k o	38
viivästyttää	ʋ iː ʋ æ s t y tː æːˣ	13
viivästää	ʋ iː ʋ æ s t æːˣ	1
vika	ʋ i k ɑ	179
vikaantua	ʋ i k ɑː n t u ɑˣ	0
vikahälytys	ʋ i k ɑ h æ l y t y s	0
vikailmoitus	ʋ i k ɑ i l m o i̯ t u s	6
vikakierre	ʋ i k ɑ k i e̯ rː eˣ	0
vikapaikka	ʋ i k ɑ p ɑ i̯ kː ɑ	1
vikapisto	ʋ i k ɑ p i s t o	0
vikapää	ʋ i k ɑ p æː	1
vikasieto	ʋ i k ɑ s i e̯ t o	0
vikasietoisuus	ʋ i k ɑ s i e̯ t o i̯ s uː s	2
vikasoitto	ʋ i k ɑ s o i̯ tː o	0
vikatikki	ʋ i k ɑ t i kː i	0
vikatilanne	ʋ i k ɑ t i l ɑ nː eˣ	0
vikatilasto	ʋ i k ɑ t i l ɑ s t o	0
vikautua	ʋ i k ɑ u t u ɑˣ	0
vikitellä	ʋ i k i t e lː æˣ	0
vikkelään	ʋ i kː e l æː n	0
viktoriaanisesti	ʋ i k t o r i ɑː n i s e s t iˣ	0
vikuri	ʋ i k u r i	0
vilhelm	ʋ i l h e l m	18
vilhelmi	ʋ i l h e l m i	0
vilhelmiina	ʋ i l h e l m iː n ɑ	3
vilho	ʋ i l h o	66
vili	ʋ i l i	13
vilistellä	ʋ i l i s t e lː æˣ	0
vilistäjä	ʋ i l i s t æ j æ	0
vilistää	ʋ i l i s t æːˣ	5
vilja	ʋ i l j ɑ	44
viljalti	ʋ i l j ɑ l t i	9
viljam	ʋ i l j ɑ m	5
viljamakasiini	ʋ i l j ɑ m ɑ k ɑ s iː n i	7
viljami	ʋ i l j ɑ m i	8
viljankorjuu	ʋ i l j ɑ n k o r j uː	0
viljankuivatus	ʋ i l j ɑ n k u i̯ ʋ ɑ t u s	0
viljankuivuri	ʋ i l j ɑ n k u i̯ ʋ u r i	1
viljankylvökone	ʋ i l j ɑ n k y l ʋ ø k o n eˣ	0
viljapelto	ʋ i l j ɑ p e l t o	2
viljatila	ʋ i l j ɑ t i l ɑ	2
viljava	ʋ i l j ɑ ʋ ɑ	4
viljavarasto	ʋ i l j ɑ ʋ ɑ r ɑ s t o	1
viljaviina	ʋ i l j ɑ ʋ iː n ɑ	0
viljavuosi	ʋ i l j ɑ ʋ u o̯ s i	1
viljavuus	ʋ i l j ɑ ʋ uː s	6
viljely	ʋ i l j e l y	87
viljelyala	ʋ i l j e l y ɑ l ɑ	17
viljelyalue	ʋ i l j e l y ɑ l u eˣ	3
viljelykate	ʋ i l j e l y k ɑ t eˣ	0
viljelykausi	ʋ i l j e l y k ɑ u̯ s i	1
viljelymenetelmä	ʋ i l j e l y m e n e t e l m æ	3
viljelyröykkiö	ʋ i l j e l y r ø y̯ kː i ø	0
viljelysala	ʋ i l j e l y s ɑ l ɑ	2
viljelysalue	ʋ i l j e l y s ɑ l u eˣ	0
viljelyskasvi	ʋ i l j e l y s k ɑ s ʋ i	0
viljelysmaisema	ʋ i l j e l y s m ɑ i̯ s e m ɑ	0
viljelystie	ʋ i l j e l y s t i e̯	1
viljelytapa	ʋ i l j e l y t ɑ p ɑ	2
viljelytekniikka	ʋ i l j e l y t e k n iː kː ɑ	2
viljo	ʋ i l j o	93
vilkahtaa	ʋ i l k ɑ h t ɑːˣ	1
vilkas	ʋ i l k ɑ s	124
vilkastuttaa	ʋ i l k ɑ s t u tː ɑːˣ	16
vilkka	ʋ i l kː ɑ	13
vilkkaa	ʋ i l kː ɑː	2
vilkku	ʋ i l kː u	4
vilkkua	ʋ i l kː u ɑ	11
vilkkua	ʋ i l kː u ɑˣ	11
villa	ʋ i lː ɑ	140
villahousut	ʋ i lː ɑ h o u̯ s u t	1
villarasva	ʋ i lː ɑ r ɑ s ʋ ɑ	0
villasaksirapu	ʋ i lː ɑ s ɑ k s i r ɑ p u	0
villava	ʋ i lː ɑ ʋ ɑ	1
ville	ʋ i lː e	540
villi	ʋ i lː i	57
villiam	ʋ i lː i ɑ m	1
villiinnyttää	ʋ i lː iː nː y tː æːˣ	0
villisianliha	ʋ i lː i s i ɑ n l i h ɑ	0
villoittaa	ʋ i lː o i̯ tː ɑːˣ	0
vilma	ʋ i l m ɑ	24
vilna	ʋ i l n ɑ	7
vilpistellä	ʋ i l p i s t e lː æˣ	0
vilpoinen	ʋ i l p o i̯ n e n	0
vilpoisasti	ʋ i l p o i̯ s ɑ s t iˣ	0
vilpoisesti	ʋ i l p o i̯ s e s t iˣ	0
vilppaus	ʋ i l pː ɑ u s	0
vilppu	ʋ i l pː u	6
vilu	ʋ i l u	8
vilustaa	ʋ i l u s t ɑːˣ	0
vilustuttaa	ʋ i l u s t u tː ɑːˣ	0
viluttaa	ʋ i l u tː ɑːˣ	0
vilvoittaa	ʋ i l ʋ o i̯ tː ɑːˣ	0
vilvoittautua	ʋ i l ʋ o i̯ tː ɑ u t u ɑˣ	0
vimmaisesti	ʋ i mː ɑ i̯ s e s t iˣ	1
vimmastua	ʋ i mː ɑ s t u ɑˣ	0
vimmastuksissa	ʋ i mː ɑ s t u k s i sː ɑ	0
vimmastuksissaan	ʋ i mː ɑ s t u k s i sː ɑː n	0
vimmastuttaa	ʋ i mː ɑ s t u tː ɑːˣ	0
vimmattu	ʋ i mː ɑ tː u	3
vimmatusti	ʋ i mː ɑ t u s t iˣ	15
vimpeli	ʋ i m p e l i	14
vimpeliläinen	ʋ i m p e l i l æ i̯ n e n	0
vimpeläinen	ʋ i m p e l æ i̯ n e n	0
vinaigrette	ʋ i n e ɡ r e tː e	0
vinaigrette	ʋ i n ɑ i̯ ɡ r e tː e	0
vinha	ʋ i n h ɑ	2
vinhasti	ʋ i n h ɑ s t iˣ	8
vinkeä	ʋ i ŋ k e æ	1
vinkeästi	ʋ i ŋ k e æ s t iˣ	1
vinkki	ʋ i ŋ kː i	63
vinksahtaa	ʋ i ŋ k s ɑ h t ɑːˣ	0
vinohissi	ʋ i n o h i sː i	0
vinoilla	ʋ i n o i̯ lː ɑˣ	0
vinoittain	ʋ i n o i̯ tː ɑ i̯ n	0
vinokunta	ʋ i n o k u n t ɑ	0
vinoköysisilta	ʋ i n o k ø y̯ s i s i l t ɑ	3
vinoneliö	ʋ i n o n e l i ø	1
vinoraitainen	ʋ i n o r ɑ i̯ t ɑ i̯ n e n	0
vinoristi	ʋ i n o r i s t i	0
vinorukki	ʋ i n o r u kː i	0
vinoruutuinen	ʋ i n o r uː t u i̯ n e n	0
vinosymmetrinen	ʋ i n o s y mː e t r i n e n	0
vinottainen	ʋ i n o tː ɑ i̯ n e n	0
vinoviiva	ʋ i n o ʋ iː ʋ ɑ	0
vinssata	ʋ i n sː ɑ t ɑˣ	0
vintata	ʋ i n t ɑ t ɑˣ	0
vintilä	ʋ i n t i l æ	0
vintti	ʋ i n tː i	8
vinyylisoitin	ʋ i n yː l i s o i̯ t i n	1
vioittaa	ʋ i o i̯ tː ɑːˣ	5
viola	ʋ i o l ɑ	19
violetti	ʋ i o l e tː i	18
vipa	ʋ i p ɑ	2
vippelä	ʋ i pː e l æ	0
vippi	ʋ i pː i	0
vipu	ʋ i p u	12
vipukelkka	ʋ i p u k e l kː ɑ	0
vipurahasto	ʋ i p u r ɑ h ɑ s t o	0
vipuvaaka	ʋ i p u ʋ ɑː k ɑ	0
vipuvoima	ʋ i p u ʋ o i̯ m ɑ	1
virallistaa	ʋ i r ɑ lː i s t ɑːˣ	8
virallistaminen	ʋ i r ɑ lː i s t ɑ m i n e n	5
virasto	ʋ i r ɑ s t o	91
virastotalo	ʋ i r ɑ s t o t ɑ l o	15
vireille	ʋ i r e i̯ lː eˣ	134
vireillepano	ʋ i r e i̯ lː eˣ p ɑ n o	0
vireilletulo	ʋ i r e i̯ lː eˣ t u l o	5
viremia	ʋ i r e m i ɑ	1
vireyttää	ʋ i r e y tː æːˣ	0
vireytyä	ʋ i r e y t y æˣ	0
vireästi	ʋ i r e æ s t iˣ	7
virginia	ʋ i r ɡ iː n i ɑ	17
virhe	ʋ i r h eˣ	294
virheenkorjaus	ʋ i r h eː n k o r j ɑ u s	1
virheenkorjauskoodi	ʋ i r h eː n k o r j ɑ u s k oː d i	0
virheenkorjausohjelma	ʋ i r h eː n k o r j ɑ u s o h j e l m ɑ	0
virhekoodi	ʋ i r h eˣ k oː d i	2
virheloki	ʋ i r h eˣ l o k i	0
virhepainama	ʋ i r h eˣ p ɑ i̯ n ɑ m ɑ	1
virheravitsemus	ʋ i r h eˣ r ɑ ʋ i t s e m u s	0
virhetermi	ʋ i r h eˣ t e r m i	0
virheviesti	ʋ i r h eˣ ʋ i e̯ s t i	0
virikerikas	ʋ i r i k eˣ r i k ɑ s	0
virikeympäristö	ʋ i r i k eˣ y m p æ r i s t ø	1
viritelmä	ʋ i r i t e l m æ	3
virittyminen	ʋ i r i tː y m i n e n	3
virittäjävektori	ʋ i r i tː æ j æ ʋ e k t o r i	0
virittäminen	ʋ i r i tː æ m i n e n	14
virittäytyä	ʋ i r i tː æ y t y æˣ	0
virittää	ʋ i r i tː æːˣ	61
viritysavain	ʋ i r i t y s ɑ ʋ ɑ i̯ n	0
viritysjärjestelmä	ʋ i r i t y s j æ r j e s t e l m æ	0
virityspuu	ʋ i r i t y s p uː	0
virka	ʋ i r k ɑ	485
virka	ʋ i r k ɑˣ	485
virkaanastujaiset	ʋ i r k ɑː n ɑ s t u j ɑ i̯ s e t	1
virkaintoisesti	ʋ i r k ɑ i n t o i̯ s e s t iˣ	0
virkaintoisuus	ʋ i r k ɑ i n t o i̯ s uː s	0
virkamies	ʋ i r k ɑ m i e̯ s	103
virkanimike	ʋ i r k ɑ n i m i k eˣ	16
virkarikos	ʋ i r k ɑ r i k o s	0
virkasuhde	ʋ i r k ɑ s u h d eˣ	35
virkasyyte	ʋ i r k ɑ s yː t eˣ	0
virkatalo	ʋ i r k ɑ t ɑ l o	3
virkatyö	ʋ i r k ɑ t y ø̯	3
virkavaltaisesti	ʋ i r k ɑ ʋ ɑ l t ɑ i̯ s e s t iˣ	0
virkavuosi	ʋ i r k ɑ ʋ u o̯ s i	0
virke	ʋ i r k eˣ	24
virkeä	ʋ i r k e æ	21
virkeästi	ʋ i r k e æ s t iˣ	0
virkistysaine	ʋ i r k i s t y s ɑ i̯ n eˣ	0
virkistysalue	ʋ i r k i s t y s ɑ l u eˣ	24
virkistyskäyttö	ʋ i r k i s t y s k æ y̯ tː ø	15
virkistystaajuus	ʋ i r k i s t y s t ɑː j uː s	9
virkistäminen	ʋ i r k i s t æ m i n e n	2
virkkaa	ʋ i r kː ɑː	2
virkkaa	ʋ i r kː ɑːˣ	2
virkkaaminen	ʋ i r kː ɑː m i n e n	0
virkkaus	ʋ i r kː ɑ u s	0
virkkaustyö	ʋ i r kː ɑ u s t y ø̯	0
virkkuukoukku	ʋ i r kː uː k o u̯ kː u	1
virkkuutyö	ʋ i r kː uː t y ø̯	0
virkoaminen	ʋ i r k o ɑ m i n e n	1
virmajuuri	ʋ i r m ɑ j uː r i	0
virna	ʋ i r n ɑ	1
virnaperhonen	ʋ i r n ɑ p e r h o n e n	0
virnasara	ʋ i r n ɑ s ɑ r ɑ	0
virnistellä	ʋ i r n i s t e lː æˣ	0
virnuilla	ʋ i r n u i̯ lː ɑˣ	0
viro	ʋ i r o	86
virolahtelainen	ʋ i r o l ɑ h t e l ɑ i̯ n e n	0
virolahti	ʋ i r o l ɑ h t i	10
virolainen	ʋ i r o l ɑ i̯ n e n	81
virolaisittain	ʋ i r o l ɑ i̯ s i tː ɑ i̯ n	0
virolaismies	ʋ i r o l ɑ i̯ s m i e̯ s	0
virolaisnainen	ʋ i r o l ɑ i̯ s n ɑ i̯ n e n	0
vironvyö	ʋ i r o n ʋ y ø̯	0
virota	ʋ i r o t ɑˣ	0
virpi	ʋ i r p i	130
virpovitsa	ʋ i r p o ʋ i t s ɑ	0
virransäädin	ʋ i rː ɑ n s æː d i n	0
virrantiheys	ʋ i rː ɑ n t i h e y s	0
virrat	ʋ i rː ɑ t	34
virsi	ʋ i r s i	40
virsikantele	ʋ i r s i k ɑ n t e l eˣ	0
virsiseurat	ʋ i r s i s e u̯ r ɑ t	0
virsta	ʋ i r s t ɑ	0
virta	ʋ i r t ɑ	155
virtajohto	ʋ i r t ɑ j o h t o	3
virtakaapeli	ʋ i r t ɑ k ɑː p e l i	0
virtakisko	ʋ i r t ɑ k i s k o	1
virtakytkin	ʋ i r t ɑ k y t k i n	4
virtalähde	ʋ i r t ɑ l æ h d eˣ	20
virtamuuntaja	ʋ i r t ɑ m uː n t ɑ j ɑ	0
virtanaan	ʋ i r t ɑ n ɑː n	2
virtanen	ʋ i r t ɑ n e n	367
virtaregulaattori	ʋ i r t ɑ r e ɡ u l ɑː tː o r i	0
virtaustekniikka	ʋ i r t ɑ u s t e k n iː kː ɑ	0
virtaventtiili	ʋ i r t ɑ ʋ e n tː iː l i	0
virtsajohdin	ʋ i r t s ɑ j o h d i n	0
virtsaputki	ʋ i r t s ɑ p u t k i	1
virtsata	ʋ i r t s ɑ t ɑˣ	1
virtsatietulehdus	ʋ i r t s ɑ t i e t u l e h d u s	3
virtuaalikirjasto	ʋ i r t u ɑː l i k i r j ɑ s t o	13
virtuaalikone	ʋ i r t u ɑː l i k o n eˣ	0
virtuaalikonemonitori	ʋ i r t u ɑː l i k o n e m o n i t o r i	0
virtuaalikonsoli	ʋ i r t u ɑː l i k o n s o l i	0
virtuaalistaa	ʋ i r t u ɑː l i s t ɑːˣ	0
virtuaalityöpöytä	ʋ i r t u ɑː l i t y ø̯ p ø y t æ	0
viruminen	ʋ i r u m i n e n	1
virus	ʋ i r u s	109
virus	ʋ iː r u s	109
virusripuli	ʋ i r u s r i p u l i	0
virusripuli	ʋ iː r u s r i p u l i	0
virustauti	ʋ iː r u s t ɑ u̯ t i	2
virustorjuntaohjelma	ʋ iː r u s t o r j u n t ɑ o h j e l m ɑ	2
viruttaa	ʋ i r u tː ɑːˣ	1
virva	ʋ i r ʋ ɑ	7
virve	ʋ i r ʋ e	33
virveli	ʋ i r ʋ e l i	2
virvelirumpu	ʋ i r ʋ e l i r u m p u	0
virvoittaa	ʋ i r ʋ o i̯ tː ɑːˣ	6
virvoittua	ʋ i r ʋ o i̯ tː u ɑˣ	1
visa	ʋ i s ɑ	64
visailla	ʋ i s ɑ i̯ lː ɑˣ	1
visautua	ʋ i s ɑ u t u ɑˣ	0
viserrellä	ʋ i s e rː e lː æˣ	0
viserrys	ʋ i s e rː y s	0
visiiri	ʋ i s iː r i	2
visiittikortti	ʋ i s iː tː i k o r tː i	0
viskaali	ʋ i s k ɑː l i	1
viskari	ʋ i s k ɑ r i	10
viskata	ʋ i s k ɑ t ɑˣ	2
viskautua	ʋ i s k ɑ u t u ɑˣ	0
viskellä	ʋ i s k e lː æˣ	0
viskoosi	ʋ i s k oː s i	6
viskoutua	ʋ i s k o u t u ɑˣ	0
viskuri	ʋ i s k u r i	0
vislata	ʋ i s l ɑ t ɑˣ	0
vispata	ʋ i s p ɑ t ɑˣ	0
vispikerma	ʋ i s p i k e r m ɑ	0
vispilä	ʋ i s p i l æ	2
vissi	ʋ i sː i	7
vissisti	ʋ i sː i s t iˣ	0
visti	ʋ i s t i	2
vita	ʋ i t ɑ	12
vitaalielin	ʋ i t ɑː l i e l i n	0
vitaalisesti	ʋ i t ɑː l i s e s t iˣ	0
vitalismi	ʋ i t ɑ l i s m i	0
vitamiini	ʋ i t ɑ m iː n i	14
vitamiinipilleri	ʋ i t ɑ m iː n i p i lː e r i	2
vitamiinirikas	ʋ i t ɑ m iː n i r i k ɑ s	0
vitaminoida	ʋ i t ɑ m i n o i̯ d ɑˣ	0
vitikeli	ʋ i t i k e l i	0
vitiligo	ʋ i t i l i ɡ o	0
vitja	ʋ i t j ɑ	0
vitkalaukaisin	ʋ i t k ɑ l ɑ u̯ k ɑ i̯ s i n	0
vitkasteleminen	ʋ i t k ɑ s t e l e m i n e n	0
vitkastella	ʋ i t k ɑ s t e lː ɑˣ	0
vitkuttaa	ʋ i t k u tː ɑːˣ	0
vitmi	ʋ i t m i	0
vitoa	ʋ i t o ɑˣ	0
vitriini	ʋ i t r iː n i	5
vitsa	ʋ i t s ɑ	5
vitsas	ʋ i t s ɑ s	0
vitsi	ʋ i t s i	33
vitsikkäästi	ʋ i t s i kː æː s t iˣ	1
vittu	ʋ i tː u	36
vittuilla	ʋ i tː u i̯ lː ɑˣ	2
vittumaisesti	ʋ i tː u m ɑ i̯ s e s t iˣ	0
vitun	ʋ i t u n	38
vituraan	ʋ i t u r ɑː n	0
viturallaan	ʋ i t u r ɑ lː ɑː n	0
vituralleen	ʋ i t u r ɑ lː eː n	0
viturassa	ʋ i t u r ɑ sː ɑ	0
viuhkaholvi	ʋ i u̯ h k ɑ h o l ʋ i	0
viuhkamaisesti	ʋ i u̯ h k ɑ m ɑ i̯ s e s t iˣ	0
viuhkasalama	ʋ i u̯ h k ɑ s ɑ l ɑ m ɑ	0
viuhko	ʋ i u̯ h k o	4
viuhua	ʋ i u̯ h u ɑˣ	0
viulu	ʋ i u̯ l u	51
viulukoulu	ʋ i u̯ l u k o u̯ l u	0
viuluoppilas	ʋ i u̯ l u o pː i l ɑ s	0
vivahderikas	ʋ i ʋ ɑ h d eˣ r i k ɑ s	1
vivahtaa	ʋ i ʋ ɑ h t ɑːˣ	0
vivahteettomasti	ʋ i ʋ ɑ h t eː tː o m ɑ s t iˣ	0
vivahteikkaasti	ʋ i ʋ ɑ h t e i̯ kː ɑː s t iˣ	1
vivianiitti	ʋ i ʋ i ɑ n iː tː i	0
voda	ʋ o d ɑ	0
vohveli	ʋ o h ʋ e l i	0
vohvelikeksi	ʋ o h ʋ e l i k e k s i	0
voi	ʋ o i̯	31610
voi	ʋ o i̯ˣ	31610
voiastia	ʋ o i̯ ɑ s t i ɑ	1
voida	ʋ o i̯ d ɑˣ	1707
voidaan	ʋ o i̯ d ɑː n	18648
voide	ʋ o i̯ d eˣ	19
voidella	ʋ o i̯ d e lː ɑˣ	11
voihke	ʋ o i̯ h k eˣ	0
voikakku	ʋ o i̯ k ɑ kː u	0
voikastike	ʋ o i̯ k ɑ s t i k eˣ	0
voikeksi	ʋ o i̯ k e k s i	0
voikeltano	ʋ o i̯ k e l t ɑ n o	0
voikko	ʋ o i̯ kː o	0
voikukka	ʋ o i̯ k u kː ɑ	8
voima	ʋ o i̯ m ɑ	502
voimafantasia	ʋ o i̯ m ɑ f ɑ n t ɑ s i ɑ	0
voimakanava	ʋ o i̯ m ɑ k ɑ n ɑ ʋ ɑ	1
voimakeino	ʋ o i̯ m ɑ k e i̯ n o	1
voimakone	ʋ o i̯ m ɑ k o n eˣ	1
voimala	ʋ o i̯ m ɑ l ɑ	19
voimamies	ʋ o i̯ m ɑ m i e̯ s	2
voimanlähde	ʋ o i̯ m ɑ n l æ h d eˣ	7
voimannäytös	ʋ o i̯ m ɑ n n æ y̯ t ø s	0
voimanpuuska	ʋ o i̯ m ɑ n p uː s k ɑ	0
voimanulosotto	ʋ o i̯ m ɑ n u l o s o tː o	0
voimapahvi	ʋ o i̯ m ɑ p ɑ h ʋ i	0
voimapaperi	ʋ o i̯ m ɑ p ɑ p e r i	4
voimaperäisesti	ʋ o i̯ m ɑ p e r æ i̯ s e s t iˣ	4
voimasana	ʋ o i̯ m ɑ s ɑ n ɑ	0
voimatalous	ʋ o i̯ m ɑ t ɑ l o u s	1
voimattomasti	ʋ o i̯ m ɑ tː o m ɑ s t iˣ	0
voimattomuus	ʋ o i̯ m ɑ tː o m uː s	13
voimavirta	ʋ o i̯ m ɑ ʋ i r t ɑ	1
voimayksikkö	ʋ o i̯ m ɑ y k s i kː ø	0
voiminen	ʋ o i̯ m i n e n	0
voimistelunopettaja	ʋ o i̯ m i s t e l u n o p e tː ɑ j ɑ	1
voimistelupallo	ʋ o i̯ m i s t e l u p ɑ lː o	0
voimistelupuku	ʋ o i̯ m i s t e l u p u k u	0
voimistuminen	ʋ o i̯ m i s t u m i n e n	9
voimistuttaa	ʋ o i̯ m i s t u tː ɑːˣ	0
voimuotti	ʋ o i̯ m u o̯ tː i	0
voinappi	ʋ o i̯ n ɑ pː i	0
voipua	ʋ o i̯ p u ɑˣ	0
voisi	ʋ o i̯ s i	3169
voisilmäpulla	ʋ o i̯ s i l m æ p u lː ɑ	0
voisimme	ʋ o i̯ s i mː e	172
voisin	ʋ o i̯ s i n	166
voisitte	ʋ o i̯ s i tː e	18
voisivat	ʋ o i̯ s i ʋ ɑ t	661
voitelu	ʋ o i̯ t e l u	22
voitelulaite	ʋ o i̯ t e l u l ɑ i̯ t eˣ	0
voitelurasva	ʋ o i̯ t e l u r ɑ s ʋ ɑ	0
voiteluöljy	ʋ o i̯ t e l u ø l j y	3
voitonhimo	ʋ o i̯ t o n h i m o	0
voittaa	ʋ o i̯ tː ɑːˣ	353
voittaja	ʋ o i̯ tː ɑ j ɑ	246
voitto	ʋ o i̯ tː o	451
voittomaali	ʋ o i̯ tː o m ɑː l i	8
voittopuolisesti	ʋ o i̯ tː o p u o̯ l i s e s t iˣ	19
voittovarat	ʋ o i̯ tː o ʋ ɑ r ɑ t	1
voivottaa	ʋ o i̯ ʋ o tː ɑːˣ	0
voivuksiin	ʋ o i̯ ʋ u k s iː n	0
voivuksissa	ʋ o i̯ ʋ u k s i sː ɑ	0
voivuttaa	ʋ o i̯ ʋ u tː ɑːˣ	0
vokaali	ʋ o k ɑː l i	6
vokaalialkuinen	ʋ o k ɑː l i ɑ l k u i̯ n e n	0
vokaaliloppuinen	ʋ o k ɑː l i l o pː u i̯ n e n	0
vokaalimusiikki	ʋ o k ɑː l i m u s iː kː i	0
vokalistiryhmä	ʋ o k ɑ l i s t i r y h m æ	0
vokseli	ʋ o k s e l i	0
volaarinen	ʋ o l ɑː r i n e n	0
volapük	ʋ o l ɑ p y k	0
volatiliteetti	ʋ o l ɑ t i l i t eː tː i	2
volframi	ʋ o l f r ɑ m i	0
volgalainen	ʋ o l ɡ ɑ l ɑ i̯ n e n	0
volgansieni	ʋ o l ɡ ɑ n s i e̯ n i	0
volgansuomalainen	ʋ o l ɡ ɑ n s u o̯ m ɑ l ɑ i̯ n e n	0
voltata	ʋ o l t ɑ t ɑˣ	0
voltti	ʋ o l tː i	6
voluutta	ʋ o l uː tː ɑ	0
voluutti	ʋ o l uː tː i	0
vompatti	ʋ o m p ɑ tː i	1
vonkamies	ʋ o ŋ k ɑ m i e̯ s	0
voro	ʋ o r o	2
vorokki	ʋ o r o kː i	1
votiivi	ʋ o t iː ʋ i	0
votiivilahja	ʋ o t iː ʋ i l ɑ h j ɑ	0
vouhkata	ʋ o u̯ h k ɑ t ɑˣ	0
vouhottaminen	ʋ o u̯ h o tː ɑ m i n e n	0
vulgaaristaa	ʋ u l ɡ ɑː r i s t ɑːˣ	0
vulva	ʋ u l ʋ ɑ	0
vuo	ʋ u o̯	6
vuode	ʋ u o̯ d eˣ	15
vuodenaika	ʋ u o̯ d e n ɑ i̯ k ɑ	14
vuodentulo	ʋ u o̯ d e n t u l o	1
vuodeosasto	ʋ u o̯ d eˣ o s ɑ s t o	36
vuodepaikka	ʋ u o̯ d eˣ p ɑ i̯ kː ɑ	0
vuodepeite	ʋ u o̯ d eˣ p e i̯ t eˣ	0
vuohenherne	ʋ u o̯ h e n h e r n eˣ	1
vuohenjuuri	ʋ u o̯ h e n j uː r i	1
vuohenjuusto	ʋ u o̯ h e n j uː s t o	1
vuohi	ʋ u o̯ h i	11
vuohinen	ʋ u o̯ h i n e n	0
vuokaavio	ʋ u o̯ k ɑː ʋ i o	0
vuokko	ʋ u o̯ kː o	68
vuokra	ʋ u o̯ k r ɑ	195
vuokraaminen	ʋ u o̯ k r ɑː m i n e n	24
vuokralainen	ʋ u o̯ k r ɑ l ɑ i̯ n e n	53
vuokranantaja	ʋ u o̯ k r ɑ n ɑ n t ɑ j ɑ	9
vuokrankorotus	ʋ u o̯ k r ɑ n k o r o t u s	1
vuokraraha	ʋ u o̯ k r ɑ r ɑ h ɑ	0
vuokrata	ʋ u o̯ k r ɑ t ɑˣ	270
vuokratulot	ʋ u o̯ k r ɑ t u l o t	11
vuokratyö	ʋ u o̯ k r ɑ t y ø̯	0
vuoksi	ʋ u o̯ k s i	4683
vuolaasti	ʋ u o̯ l ɑː s t iˣ	6
vuolassanaisesti	ʋ u o̯ l ɑ s s ɑ n ɑ i̯ s e s t iˣ	0
vuoleminen	ʋ u o̯ l e m i n e n	1
vuoleskella	ʋ u o̯ l e s k e lː ɑˣ	0
vuoliainen	ʋ u o̯ l i ɑ i̯ n e n	0
vuolin	ʋ u o̯ l i n	0
vuolla	ʋ u o̯ lː ɑ	1
vuolla	ʋ u o̯ lː ɑˣ	1
vuollen	ʋ u o̯ lː e n	0
vuolurauta	ʋ u o̯ l u r ɑ u̯ t ɑ	0
vuoma	ʋ u o̯ m ɑ	2
vuona	ʋ u o̯ n ɑ	8
vuonna	ʋ u o̯ nː ɑ	16688
vuonohjaus	ʋ u o̯ n o h j ɑ u s	1
vuoraaminen	ʋ u o̯ r ɑː m i n e n	1
vuoraus	ʋ u o̯ r ɑ u s	1
vuoreija	ʋ u o̯ r e i̯ jː ɑ	3
vuorela	ʋ u o̯ r e l ɑ	32
vuorenharja	ʋ u o̯ r e n h ɑ r j ɑ	0
vuorenjuuri	ʋ u o̯ r e n j uː r i	0
vuori	ʋ u o̯ r i	90
vuorimänty	ʋ u o̯ r i m æ n t y	0
vuorinen	ʋ u o̯ r i n e n	92
vuorineuvos	ʋ u o̯ r i n e u̯ ʋ o s	30
vuoriryhmä	ʋ u o̯ r i r y h m æ	0
vuorisara	ʋ u o̯ r i s ɑ r ɑ	0
vuoristoalue	ʋ u o̯ r i s t o ɑ l u eˣ	0
vuoristoilma	ʋ u o̯ r i s t o i l m ɑ	0
vuoristolainen	ʋ u o̯ r i s t o l ɑ i̯ n e n	0
vuoristopolku	ʋ u o̯ r i s t o p o l k u	1
vuoristorata	ʋ u o̯ r i s t o r ɑ t ɑ	6
vuoristotie	ʋ u o̯ r i s t o t i e̯	2
vuoritekniikka	ʋ u o̯ r i t e k n iː kː ɑ	0
vuorittaminen	ʋ u o̯ r i tː ɑ m i n e n	0
vuoro	ʋ u o̯ r o	180
vuoroittain	ʋ u o̯ r o i̯ tː ɑ i̯ n	0
vuorokausi	ʋ u o̯ r o k ɑ u̯ s i	52
vuorontaa	ʋ u o̯ r o n t ɑːˣ	0
vuoronvaihto	ʋ u o̯ r o n ʋ ɑ i̯ h t o	7
vuorostaan	ʋ u o̯ r o s t ɑː n	60
vuorosuuntainen	ʋ u o̯ r o s uː n t ɑ i̯ n e n	0
vuorottaa	ʋ u o̯ r o tː ɑːˣ	1
vuorottelu	ʋ u o̯ r o tː e l u	14
vuorovaikutteisesti	ʋ u o̯ r o ʋ ɑ i̯ k u tː e i̯ s e s t iˣ	17
vuorovesiaalto	ʋ u o̯ r o ʋ e s i ɑː l t o	0
vuorovesienergia	ʋ u o̯ r o ʋ e s i e n e r ɡ i ɑ	0
vuorovesivoima	ʋ u o̯ r o ʋ e s i ʋ o i̯ m ɑ	2
vuorovuosi	ʋ u o̯ r o ʋ u o̯ s i	0
vuoroväli	ʋ u o̯ r o ʋ æ l i	4
vuorovärinen	ʋ u o̯ r o ʋ æ r i n e n	0
vuosi	ʋ u o̯ s i	1947
vuosia	ʋ u o̯ s i ɑ	859
vuosiansio	ʋ u o̯ s i ɑ n s i o	2
vuosihoroskooppi	ʋ u o̯ s i h o r o s k oː pː i	0
vuosihuolto	ʋ u o̯ s i h u o̯ l t o	5
vuosijuhla	ʋ u o̯ s i j u h l ɑ	20
vuosijulkaisu	ʋ u o̯ s i j u l k ɑ i̯ s u	1
vuosikalenteri	ʋ u o̯ s i k ɑ l e n t e r i	0
vuosikasvain	ʋ u o̯ s i k ɑ s ʋ ɑ i̯ n	0
vuosikasvu	ʋ u o̯ s i k ɑ s ʋ u	5
vuosikatsaus	ʋ u o̯ s i k ɑ t s ɑ u s	3
vuosikello	ʋ u o̯ s i k e lː o	0
vuosikertaviini	ʋ u o̯ s i k e r t ɑ ʋ iː n i	1
vuosikeskiarvo	ʋ u o̯ s i k e s k i ɑ r ʋ o	3
vuosikorjaus	ʋ u o̯ s i k o r j ɑ u s	0
vuosikortti	ʋ u o̯ s i k o r tː i	3
vuosikulu	ʋ u o̯ s i k u l u	1
vuosikulutus	ʋ u o̯ s i k u l u t u s	6
vuosikurssi	ʋ u o̯ s i k u r sː i	9
vuosikustannus	ʋ u o̯ s i k u s t ɑ nː u s	6
vuosiluku	ʋ u o̯ s i l u k u	27
vuosiluokittain	ʋ u o̯ s i l u o̯ k i tː ɑ i̯ n	2
vuosimaksu	ʋ u o̯ s i m ɑ k s u	48
vuosimiljardi	ʋ u o̯ s i m i l j ɑ r d i	0
vuosimiljoona	ʋ u o̯ s i m i l j oː n ɑ	0
vuosimyynti	ʋ u o̯ s i m yː n t i	2
vuosiosuus	ʋ u o̯ s i o s uː s	0
vuosipalkka	ʋ u o̯ s i p ɑ l kː ɑ	4
vuosipalkkio	ʋ u o̯ s i p ɑ l kː i o	7
vuosiraportti	ʋ u o̯ s i r ɑ p o r tː i	9
vuosisata	ʋ u o̯ s i s ɑ t ɑ	16
vuosisopimus	ʋ u o̯ s i s o p i m u s	1
vuosisuunnitelma	ʋ u o̯ s i s uː nː i t e l m ɑ	2
vuositarkastus	ʋ u o̯ s i t ɑ r k ɑ s t u s	3
vuositase	ʋ u o̯ s i t ɑ s eˣ	0
vuositilaaja	ʋ u o̯ s i t i l ɑː j ɑ	0
vuositilasto	ʋ u o̯ s i t i l ɑ s t o	0
vuositilaus	ʋ u o̯ s i t i l ɑ u s	3
vuosituhat	ʋ u o̯ s i t u h ɑ t	41
vuositulo	ʋ u o̯ s i t u l o	3
vuosituonti	ʋ u o̯ s i t u o̯ n t i	0
vuosituotanto	ʋ u o̯ s i t u o̯ t ɑ n t o	12
vuosituotto	ʋ u o̯ s i t u o̯ tː o	0
vuosivaihtelu	ʋ u o̯ s i ʋ ɑ i̯ h t e l u	0
vuosivaihto	ʋ u o̯ s i ʋ ɑ i̯ h t o	4
vuosivauhti	ʋ u o̯ s i ʋ ɑ u̯ h t i	0
vuosivienti	ʋ u o̯ s i ʋ i e̯ n t i	0
vuosivoitto	ʋ u o̯ s i ʋ o i̯ tː o	0
vuosivuokra	ʋ u o̯ s i ʋ u o̯ k r ɑ	26
vuota	ʋ u o̯ t ɑ	4
vuotaa	ʋ u o̯ t ɑː	39
vuotaa	ʋ u o̯ t ɑːˣ	39
vuotakenkä	ʋ u o̯ t ɑ k e ŋ k æ	0
vuotamaton	ʋ u o̯ t ɑ m ɑ t o n	3
vuotkin	ʋ u o̯ t k i n	0
vuottoraippa	ʋ u o̯ tː o r ɑ i̯ pː ɑ	0
vuotuisjuhla	ʋ u o̯ t u i̯ s j u h l ɑ	0
vuotuismuutto	ʋ u o̯ t u i̯ s m uː tː o	0
vyyhdinpuu	ʋ yː h d i n p uː	0
vyyhti	ʋ yː h t i	3
vyö	ʋ y ø̯	16
vyöhyke	ʋ y ø̯ h y k eˣ	36
vyöhykeraja	ʋ y ø̯ h y k eˣ r ɑ j ɑ	0
vyöhyt	ʋ y ø̯ h y t	0
vyökaari	ʋ y ø̯ k ɑː r i	0
vyökoukku	ʋ y ø̯ k o u̯ kː u	0
vyöliina	ʋ y ø̯ l iː n ɑ	0
vyöllinen	ʋ y ø̯ lː i n e n	0
vyöry	ʋ y ø̯ r y	6
vyöry	ʋ y ø̯ r yˣ	6
vyöryttää	ʋ y ø̯ r y tː æːˣ	10
vyöryä	ʋ y ø̯ r y æˣ	6
vyörähtää	ʋ y ø̯ r æ h t æːˣ	0
vyötiäinen	ʋ y ø̯ t i æ i̯ n e n	0
vyöttäytyä	ʋ y ø̯ tː æ y t y æˣ	0
vyöttää	ʋ y ø̯ tː æːˣ	0
vyötärö	ʋ y ø̯ t æ r ø	5
vyötäröhame	ʋ y ø̯ t æ r ø h ɑ m eˣ	0
väenkokous	ʋ æ e n k o k o u s	0
väenpaljous	ʋ æ e n p ɑ l j o u s	1
väentungos	ʋ æ e n t u ŋː o s	0
väentupa	ʋ æ e n t u p ɑ	1
väestöennuste	ʋ æ e s t ø e nː u s t eˣ	8
väestöhälytin	ʋ æ e s t ø h æ l y t i n	0
väestökato	ʋ æ e s t ø k ɑ t o	6
väestönlaskenta	ʋ æ e s t ø n l ɑ s k e n t ɑ	0
väestönosa	ʋ æ e s t ø n o s ɑ	4
väestönsuoja	ʋ æ e s t ø n s u o̯ j ɑ	10
väheksyä	ʋ æ h e k s y æˣ	26
vähemmistöhyökkäys	ʋ æ h e mː i s t ø h y ø̯ kː æ y s	0
vähemmistökieli	ʋ æ h e mː i s t ø k i e̯ l i	1
vähemmistöryhmä	ʋ æ h e mː i s t ø r y h m æ	1
vähennellä	ʋ æ h e nː e lː æˣ	1
vähentää	ʋ æ h e n t æː	1194
vähentää	ʋ æ h e n t æːˣ	1194
vähetä	ʋ æ h e t æˣ	13
vähimmin	ʋ æ h i mː i n	0
vähimmäisarvo	ʋ æ h i mː æ i̯ s ɑ r ʋ o	2
vähimmäiseläke	ʋ æ h i mː æ i̯ s e l æ k eˣ	0
vähimmäisetuus	ʋ æ h i mː æ i̯ s e t uː s	0
vähimmäiskoko	ʋ æ h i mː æ i̯ s k o k o	5
vähimmäismäärä	ʋ æ h i mː æ i̯ s m æː r æ	18
vähimmäistää	ʋ æ h i mː æ i̯ s t æːˣ	0
vähissä	ʋ æ h i sː æ	46
vähä	ʋ æ h æ	53
vähäeleisesti	ʋ æ h æ e l e i̯ s e s t iˣ	3
vähäisen	ʋ æ h æ i̯ s e n	93
vähälaktoosinen	ʋ æ h æ l ɑ k t oː s i n e n	1
vähälukuisesti	ʋ æ h æ l u k u i̯ s e s t iˣ	2
vähäpukeinen	ʋ æ h æ p u k e i̯ n e n	1
vähäpäästöinen	ʋ æ h æ p æː s t ø i̯ n e n	0
vähäsokerinen	ʋ æ h æ s o k e r i n e n	1
vähäsuolainen	ʋ æ h æ s u o̯ l ɑ i̯ n e n	3
vähätellä	ʋ æ h æ t e lː æˣ	33
vähääkään	ʋ æ h æː k æː n	12
väijyksiin	ʋ æ i̯ j y k s iː n	0
väijytysasema	ʋ æ i̯ j y t y s ɑ s e m ɑ	0
väijyä	ʋ æ i̯ j y æ	1
väijyä	ʋ æ i̯ j y æˣ	1
väinä	ʋ æ i̯ n æ	3
väinämö	ʋ æ i̯ n æ m ø	3
väinämöinen	ʋ æ i̯ n æ m ø i̯ n e n	59
väinänlinna	ʋ æ i̯ n æ n l i nː ɑ	1
väinö	ʋ æ i̯ n ø	170
väistellä	ʋ æ i̯ s t e lː æˣ	2
väistetään	ʋ æ i̯ s t e t æː n	1
väistyvä	ʋ æ i̯ s t y ʋ æ	10
väistyvästi	ʋ æ i̯ s t y ʋ æ s t iˣ	0
väistäminen	ʋ æ i̯ s t æ m i n e n	3
väistää	ʋ æ i̯ s t æːˣ	30
väistö	ʋ æ i̯ s t ø	9
väisänen	ʋ æ i̯ s æ n e n	76
väite	ʋ æ i̯ t eˣ	152
väitelause	ʋ æ i̯ t eˣ l ɑ u̯ s eˣ	0
väittelytaito	ʋ æ i̯ tː e l y t ɑ i̯ t o	0
väittäjäiset	ʋ æ i̯ tː æ j æ i̯ s e t	0
väitöskirja	ʋ æ i̯ t ø s k i r j ɑ	166
väkevyinen	ʋ æ k e ʋ y i̯ n e n	0
väkevä	ʋ æ k e ʋ æ	42
väkevästi	ʋ æ k e ʋ æ s t iˣ	18
väki	ʋ æ k i	182
väkikapula	ʋ æ k i k ɑ p u l ɑ	0
väkikarttu	ʋ æ k i k ɑ r tː u	0
väkimäärä	ʋ æ k i m æː r æ	15
väkinäisesti	ʋ æ k i n æ i̯ s e s t iˣ	4
väkipakko	ʋ æ k i p ɑ kː o	0
väkipuukko	ʋ æ k i p uː kː o	0
väkipyörästö	ʋ æ k i p y ø̯ r æ s t ø	0
väkirynnäkkö	ʋ æ k i r y nː æ kː ø	0
väkisellä	ʋ æ k i s e lː æ	1
väkisinmaata	ʋ æ k i s i n m ɑː t ɑˣ	0
väkisinmakaaminen	ʋ æ k i s i n m ɑ k ɑː m i n e n	0
väkisten	ʋ æ k i s t e n	1
väkivahva	ʋ æ k i ʋ ɑ h ʋ ɑ	2
väkivalta	ʋ æ k i ʋ ɑ l t ɑ	129
väkivaltavideo	ʋ æ k i ʋ ɑ l t ɑ ʋ i d e o	0
väkivasara	ʋ æ k i ʋ ɑ s ɑ r ɑ	0
väkä	ʋ æ k æ	0
väkämato	ʋ æ k æ m ɑ t o	0
väli	ʋ æ l i	82
väliaikatieto	ʋ æ l i ɑ i̯ k ɑ t i e̯ t o	1
välialue	ʋ æ l i ɑ l u eˣ	1
väliarviointi	ʋ æ l i ɑ r ʋ i o i̯ n t i	4
väliasema	ʋ æ l i ɑ s e m ɑ	2
välienselvittely	ʋ æ l i e n s e l ʋ i tː e l y	3
välihammas	ʋ æ l i h ɑ mː ɑ s	0
välihousut	ʋ æ l i h o u̯ s u t	0
välikatto	ʋ æ l i k ɑ tː o	0
välikattokupoli	ʋ æ l i k ɑ tː o k u p o l i	0
välikausi	ʋ æ l i k ɑ u̯ s i	0
välikausitakki	ʋ æ l i k ɑ u̯ s i t ɑ kː i	0
välikieli	ʋ æ l i k i e̯ l i	0
välikorvaontelo	ʋ æ l i k o r ʋ ɑ o n t e l o	0
välikyljys	ʋ æ l i k y l j y s	0
välilaituri	ʋ æ l i l ɑ i̯ t u r i	0
välimailla	ʋ æ l i m ɑ i̯ lː ɑ	0
välimaille	ʋ æ l i m ɑ i̯ lː eˣ	0
välimailta	ʋ æ l i m ɑ i̯ l t ɑ	1
välimerenilmasto	ʋ æ l i m e r e n i l m ɑ s t o	0
välimerenlokki	ʋ æ l i m e r e n l o kː i	0
välimerentaateli	ʋ æ l i m e r e n t ɑː t e l i	0
välimeri	ʋ æ l i m e r i	5
väline	ʋ æ l i n eˣ	274
välineaine	ʋ æ l i n eˣ ɑ i̯ n eˣ	0
välinearvo	ʋ æ l i n eˣ ɑ r ʋ o	4
välineellistyä	ʋ æ l i n eː lː i s t y æˣ	0
välineellistää	ʋ æ l i n eː lː i s t æːˣ	0
välineistää	ʋ æ l i n e i̯ s t æːˣ	0
välinen	ʋ æ l i n e n	930
välinimi	ʋ æ l i n i m i	0
välinpitämätön	ʋ æ l i n p i t æ m æ t ø n	24
väliohjelmisto	ʋ æ l i o h j e l m i s t o	1
väliotsikko	ʋ æ l i o t s i kː o	4
väliovi	ʋ æ l i o ʋ i	0
välipahvi	ʋ æ l i p ɑ h ʋ i	0
välipalakakku	ʋ æ l i p ɑ l ɑ k ɑ kː u	0
välipalvelin	ʋ æ l i p ɑ l ʋ e l i n	1
välipohja	ʋ æ l i p o h j ɑ	4
väliraha	ʋ æ l i r ɑ h ɑ	1
välirauha	ʋ æ l i r ɑ u̯ h ɑ	4
välisara	ʋ æ l i s ɑ r ɑ	0
välisiirto	ʋ æ l i s iː r t o	0
väliste	ʋ æ l i s t eˣ	0
välistys	ʋ æ l i s t y s	0
välistäveto	ʋ æ l i s t æ ʋ e t o	0
välistävetohyökkäys	ʋ æ l i s t æ ʋ e t o h y ø̯ kː æ y s	0
välistää	ʋ æ l i s t æːˣ	0
välitasanne	ʋ æ l i t ɑ s ɑ nː eˣ	0
välitilinpäätös	ʋ æ l i t i l i n p æː t ø s	4
välittyä	ʋ æ l i tː y æˣ	3
välittäjäaine	ʋ æ l i tː æ j æ ɑ i̯ n eˣ	5
välittäjäpankki	ʋ æ l i tː æ j æ p ɑ ŋ kː i	0
välittäminen	ʋ æ l i tː æ m i n e n	92
välittämään	ʋ æ l i tː æ m æː n	84
välittää	ʋ æ l i tː æːˣ	532
välittömästi	ʋ æ l i tː ø m æ s t iˣ	1220
välitunti	ʋ æ l i t u n t i	9
välityspaikka	ʋ æ l i t y s p ɑ i̯ kː ɑ	0
välityspalvelin	ʋ æ l i t y s p ɑ l ʋ e l i n	1
välityssuhde	ʋ æ l i t y s s u h d eˣ	0
välityö	ʋ æ l i t y ø̯	1
välitä	ʋ æ l i t æˣ	92
välitän	ʋ æ l i t æ n	12
välität	ʋ æ l i t æ t	8
välivaalit	ʋ æ l i ʋ ɑː l i t	0
välivarasto	ʋ æ l i ʋ ɑ r ɑ s t o	1
välivuosi	ʋ æ l i ʋ u o̯ s i	13
väliyhteisö	ʋ æ l i y h t e i̯ s ø	0
väljä	ʋ æ l j æ	34
väljähtää	ʋ æ l j æ h t æːˣ	0
väljälti	ʋ æ l j æ l t i	0
väljästi	ʋ æ l j æ s t iˣ	28
välkkyä	ʋ æ l kː y æˣ	2
vällyt	ʋ æ lː y t	0
vällä	ʋ æ lː æ	0
välppä	ʋ æ l pː æ	1
välpätä	ʋ æ l p æ t æˣ	0
vältellä	ʋ æ l t e lː æˣ	11
välttämättömästi	ʋ æ l tː æ m æ tː ø m æ s t iˣ	2
välttää	ʋ æ l tː æːˣ	533
välys	ʋ æ l y s	7
välähdyksittäin	ʋ æ l æ h d y k s i tː æ i̯ n	0
välähdyttää	ʋ æ l æ h d y tː æːˣ	0
väläyksittäin	ʋ æ l æ y k s i tː æ i̯ n	0
väläytellä	ʋ æ l æ y t e lː æˣ	0
vängällä	ʋ æ ŋː æ lː æ	3
vängätä	ʋ æ ŋː æ t æˣ	1
värehtiä	ʋ æ r e h t i æˣ	0
väri	ʋ æ r i	400
väriaberraatio	ʋ æ r i ɑ b e rː ɑː t i o	0
värierottelu	ʋ æ r i e r o tː e l u	4
värifilmi	ʋ æ r i f i l m i	1
värijauhe	ʋ æ r i j ɑ u̯ h eˣ	0
värikkäästi	ʋ æ r i kː æː s t iˣ	11
värikoodaus	ʋ æ r i k oː d ɑ u s	1
värikorjailu	ʋ æ r i k o r j ɑ i̯ l u	2
värikuva	ʋ æ r i k u ʋ ɑ	9
värikuvaus	ʋ æ r i k u ʋ ɑ u s	0
värikylläisesti	ʋ æ r i k y lː æ i̯ s e s t iˣ	0
värilaite	ʋ æ r i l ɑ i̯ t eˣ	2
värillisyys	ʋ æ r i lː i s yː s	1
värimittaus	ʋ æ r i m i tː ɑ u s	0
värinegatiivi	ʋ æ r i n e ɡ ɑ t iː ʋ i	1
värinen	ʋ æ r i n e n	28
värinhallinta	ʋ æ r i n h ɑ lː i n t ɑ	2
värinkesto	ʋ æ r i n k e s t o	5
värinmuodostus	ʋ æ r i n m u o̯ d o s t u s	0
värinpoisto	ʋ æ r i n p o i̯ s t o	1
värinpoistoaine	ʋ æ r i n p o i̯ s t o ɑ i̯ n eˣ	0
värinsovitus	ʋ æ r i n s o ʋ i t u s	0
värintoisto	ʋ æ r i n t o i̯ s t o	5
värintoistoindeksi	ʋ æ r i n t o i̯ s t o i n d e k s i	1
värintoistokyky	ʋ æ r i n t o i̯ s t o k y k y	2
värinäyttö	ʋ æ r i n æ y̯ tː ø	6
värioppi	ʋ æ r i o pː i	3
väripatruuna	ʋ æ r i p ɑ t r uː n ɑ	1
väriperspektiivi	ʋ æ r i p e r s p e k t iː ʋ i	0
väripoikkeama	ʋ æ r i p o i̯ kː e ɑ m ɑ	1
värisokeus	ʋ æ r i s o k e u s	0
väristä	ʋ æ r i s t æ	48
väristä	ʋ æ r i s t æˣ	48
väristää	ʋ æ r i s t æːˣ	0
värisyttää	ʋ æ r i s y tː æːˣ	2
värittyä	ʋ æ r i tː y æˣ	0
värittömästi	ʋ æ r i tː ø m æ s t iˣ	1
värituloste	ʋ æ r i t u l o s t eˣ	1
värivalokuva	ʋ æ r i ʋ ɑ l o k u ʋ ɑ	1
värivaraus	ʋ æ r i ʋ ɑ r ɑ u s	0
värivedos	ʋ æ r i ʋ e d o s	2
värivika	ʋ æ r i ʋ i k ɑ	1
värivoide	ʋ æ r i ʋ o i̯ d eˣ	0
värjyä	ʋ æ r j y æˣ	0
värjäys	ʋ æ r j æ y s	16
värjäyttää	ʋ æ r j æ y tː æːˣ	0
värjäytymä	ʋ æ r j æ y t y m æ	0
värjötellä	ʋ æ r j ø t e lː æˣ	0
värjöttää	ʋ æ r j ø tː æːˣ	0
värkätä	ʋ æ r k æ t æˣ	2
värssy	ʋ æ r sː y	0
värttinä	ʋ æ r tː i n æ	8
värväys	ʋ æ r ʋ æ y s	1
värähdys	ʋ æ r æ h d y s	1
värähdyttää	ʋ æ r æ h d y tː æːˣ	0
värähtelyenergia	ʋ æ r æ h t e l y e n e r ɡ i ɑ	0
värähtelytaajuus	ʋ æ r æ h t e l y t ɑː j uː s	1
värähtää	ʋ æ r æ h t æːˣ	3
väräyttää	ʋ æ r æ y tː æːˣ	0
västäräkki	ʋ æ s t æ r æ kː i	3
väsymisilmiö	ʋ æ s y m i s i l m i ø	0
väsymismurtuma	ʋ æ s y m i s m u r t u m ɑ	1
väsymys	ʋ æ s y m y s	79
väsymättömästi	ʋ æ s y m æ tː ø m æ s t iˣ	2
väsyneesti	ʋ æ s y n eː s t iˣ	0
väsytyshyökkäys	ʋ æ s y t y s h y ø kː æ y s	0
väsyä	ʋ æ s y æ	13
väsyä	ʋ æ s y æˣ	13
vätystellä	ʋ æ t y s t e lː æˣ	0
vävy	ʋ æ ʋ y	15
väylinki	ʋ æ y̯ l i ŋ k i	0
vääjäämättä	ʋ æː j æː m æ tː æ	53
väännyksiin	ʋ æː nː y k s iː n	1
väännyksissä	ʋ æː nː y k s i sː æ	0
vääntiö	ʋ æː n t i ø	0
vääntyillä	ʋ æː n t y i̯ lː æˣ	0
vääntyminen	ʋ æː n t y m i n e n	1
vääntää	ʋ æː n t æːˣ	46
vääntöakseli	ʋ æː n t ø ɑ k s e l i	0
vääntöjousi	ʋ æː n t ø j o u̯ s i	1
vääntömomentti	ʋ æː n t ø m o m e n tː i	17
vääntönuppi	ʋ æː n t ø n u pː i	0
vääpeli	ʋ æː p e l i	13
väärentää	ʋ æː r e n t æːˣ	7
väärin	ʋ æː r i n	439
väärinkäsitys	ʋ æː r i n k æ s i t y s	3
väärinkäyttö	ʋ æː r i n k æ y̯ tː ø	40
väärinkäyttötapaus	ʋ æː r i n k æ y̯ tː ø t ɑ p ɑ u s	0
vääristäminen	ʋ æː r i s t æ m i n e n	0
väärtti	ʋ æː r tː i	7
väärä	ʋ æː r æ	191
väärämielisesti	ʋ æː r æ m i e̯ l i s e s t iˣ	0
vääräuskoinen	ʋ æː r æ u s k o i̯ n e n	2
väärävarsiviikate	ʋ æː r æ ʋ ɑ r s i ʋ iː k ɑ t eˣ	0
väärävärikuvaus	ʋ æː r æ ʋ æ r i k u ʋ ɑ u s	0
vårdö	ʋ oː r d øː	0
võro	ʋ ɤ r o	0
võru	ʋ ɤ r u	0
vörnitseri	ʋ ø r n i t s e r i	0
vöyri	ʋ ø y̯ r i	3
vöyriläinen	ʋ ø y̯ r i l æ i̯ n e n	0
wales	w e i̯ l s	7
wales	w ɑ l e s	7
walesilainen	w ɑ l e s i l ɑ i̯ n e n	0
walesilainen	ʋ e i̯ l s i l æ i̯ n e n	0
waltteri	ʋ ɑ l tː e r i	1
warrantti	w ɑ rː ɑ n tː i	0
warrantti	ʋ ɑ rː ɑ n tː i	0
washington	ʋ o ʃ i ŋ t o n	23
washington	ʋ ɑ ʃ i ŋ t o n	23
watti	w ɑ tː i	1
watti	ʋ ɑ tː i	1
wattitunti	w ɑ tː i t u n t i	0
wattitunti	ʋ ɑ tː i t u n t i	0
wc	ʋ eː s eː	171
weber	w eː b e r	11
weber	ʋ eː b e r	11
webmaster	w e b m ɑː s t e r	25
wightsaari	w ɑ i̯ t s ɑː r i	0
wiki	w i k i	0
wilhelmiina	ʋ i l h e l m iː n ɑ	0
wimp	w i m p	0
windex	ʋ i n d e k s	0
wirtanen	ʋ i r t ɑ n e n	6
wisconsin	ʋ i s k o n s i n	1
wiski	w i s k i	0
wiski	ʋ i s k i	0
wokata	w o k ɑ t ɑˣ	0
wokata	ʋ o k ɑ t ɑˣ	0
wolframiitti	w o l f r ɑ m iː tː i	0
wolframiitti	ʋ o l f r ɑ m iː tː i	0
wrap	r æ p	2
wrap	ʋ r æ p	2
wrappi	r æ pː i	0
wrappi	r ɑ pː i	0
wrappi	w r ɑ pː i	0
wrappi	ʋ r æ pː i	0
wyoming	ʋ ɑ i̯ o m i ŋː	0
wyoming	ʋ ɑ i̯ oː m i ŋː	0
xtc	æ k s t eː s eː	0
yatzy	j ɑ t s i	0
ydin	y d i n	151
ydinase	y d i n ɑ s eˣ	1
ydinaseistus	y d i n ɑ s e i̯ s t u s	0
ydinfissio	y d i n f i sː i o	0
ydinfunktio	y d i n f u ŋ k t i o	0
ydinjäte	y d i n j æ t eˣ	10
ydinosaaminen	y d i n o s ɑː m i n e n	4
ydintyä	y d i n t y æˣ	0
yhdeksikkö	y h d e k s i kː ø	0
yhdeksän	y h d e k s æ n	598
yhdeksänkertaisesti	y h d e k s æ n k e r t ɑ i̯ s e s t iˣ	0
yhdeksänkertaistaa	y h d e k s æ n k e r t ɑ i̯ s t ɑːˣ	0
yhdeksänkertaistua	y h d e k s æ n k e r t ɑ i̯ s t u ɑˣ	0
yhdeksänkymmentä	y h d e k s æ n k y mː e n t æ	9
yhdeksäntoista	y h d e k s æ n t o i̯ s t ɑ	7
yhdeksäs	y h d e k s æ s	32
yhdenmukaistaminen	y h d e n m u k ɑ i̯ s t ɑ m i n e n	14
yhdenmuotoinen	y h d e n m u o̯ t o i̯ n e n	1
yhdenmuotoisuuskuvaus	y h d e n m u o̯ t o i̯ s uː s k u ʋ ɑ u s	0
yhdensuuntaisprojektio	y h d e n s uː n t ɑ i̯ s p r o j e k t i o	1
yhdensuuntaisuusaksiooma	y h d e n s uː n t ɑ i̯ s uː s ɑ k s i oː m ɑ	0
yhdentyminen	y h d e n t y m i n e n	24
yhdentyä	y h d e n t y æˣ	0
yhdenvertaisesti	y h d e n ʋ e r t ɑ i̯ s e s t iˣ	9
yhdesti	y h d e s t iˣ	1
yhdiste	y h d i s t eˣ	11
yhdistelmäauto	y h d i s t e l m æ ɑ u t o	0
yhdistelmämalli	y h d i s t e l m æ m ɑ lː i	0
yhdistelmärahasto	y h d i s t e l m æ r ɑ h ɑ s t o	3
yhdistelmäruutu	y h d i s t e l m æ r uː t u	1
yhdistelmätakki	y h d i s t e l m æ t ɑ kː i	0
yhdistetty	y h d i s t e tː y	235
yhdistyminen	y h d i s t y m i n e n	36
yhdistymisvapaus	y h d i s t y m i s ʋ ɑ p ɑ u s	4
yhdistyä	y h d i s t y æˣ	20
yhdistäminen	y h d i s t æ m i n e n	167
yhdistää	y h d i s t æːˣ	817
yhdyselin	y h d y s e l i n	1
yhdyselämä	y h d y s e l æ m æ	0
yhdyskaari	y h d y s k ɑː r i	0
yhdyskuntajäte	y h d y s k u n t ɑ j æ t eˣ	5
yhdyskuntalintu	y h d y s k u n t ɑ l i n t u	0
yhdyskuntasuunnittelu	y h d y s k u n t ɑ s uː nː i tː e l u	9
yhdyskuntatyö	y h d y s k u n t ɑ y ø	4
yhdysputki	y h d y s p u t k i	0
yhdyssana	y h d y s s ɑ n ɑ	2
yhdystie	y h d y s t i e̯	5
yhdysvaikutus	y h d y s ʋ ɑ i̯ k u t u s	0
yhdysvallat	y h d y s ʋ ɑ lː ɑ t	144
yhdysvaltalaismies	y h d y s ʋ ɑ l t ɑ l ɑ i̯ s m i e̯ s	0
yhdysvaltalaisnainen	y h d y s ʋ ɑ l t ɑ l ɑ i̯ s n ɑ i̯ n e n	0
yhtaikaisesti	y h t ɑ i̯ k ɑ i̯ s e s t iˣ	2
yhteenkuuluvuudentunne	y h t eː ŋ k uː l u ʋ uː d e n t u nː eˣ	0
yhteenlaskija	y h t eː n l ɑ s k i j ɑ	0
yhteenlaskumerkki	y h t eː n l ɑ s k u m e r kː i	0
yhteentörmäys	y h t eː n t ø r m æ y s	6
yhteisarvo	y h t e i̯ s ɑ r ʋ o	15
yhteisasunto	y h t e i̯ s ɑ s u n t o	0
yhteiselin	y h t e i̯ s e l i n	1
yhteiselämä	y h t e i̯ s e l æ m æ	5
yhteishaku	y h t e i̯ s h ɑ k u	8
yhteishauta	y h t e i̯ s h ɑ u̯ t ɑ	0
yhteisjakauma	s j ɑ k ɑ u m ɑ	0
yhteiskunnallisesti	y h t e i̯ s k u nː ɑ lː i s e s t iˣ	78
yhteiskuntaelämä	y h t e i̯ s k u n t ɑ e l æ m æ	1
yhteiskuntafilosofia	y h t e i̯ s k u n t ɑ f i l o s o f i ɑ	8
yhteiskuntateoria	y h t e i̯ s k u n t ɑ t e o r i ɑ	1
yhteisluettelo	y h t e i̯ s l u e tː e l o	5
yhteismarkkinat	y h t e i̯ s m ɑ r kː i n ɑ t	3
yhteisneuvottelu	y h t e i̯ s n e u̯ ʋ o tː e l u	1
yhteisnäyttely	y h t e i̯ s n æ y̯ tː e l y	4
yhteisomistus	y h t e i̯ s o m i s t u s	3
yhteispisteet	y h t e i̯ s p i s t eː t	7
yhteispistetodennäköisyysfunktio	y h t e i̯ s p i s t eˣ t o d e n n æ k ø i̯ s yː s f u ŋ k t i o	0
yhteisrahoitteinen	y h t e i̯ s r ɑ h o i̯ tː e i̯ n e n	1
yhteissuoli	y h t e i̯ s s u o̯ l i	0
yhteistalous	y h t e i̯ s t ɑ l o u s	2
yhteistiheysfunktio	y h t e i̯ s t i h e y s f u ŋ k t i o	0
yhteistila	y h t e i̯ s t i l ɑ	1
yhteistoteutus	y h t e i̯ s t o t e u t u s	1
yhteistuotanto	y h t e i̯ s t u o̯ t ɑ n t o	12
yhteistutkinto	y h t e i̯ s t u t k i n t o	0
yhteistuumin	y h t e i̯ s t uː m i n	16
yhteistyöelin	y h t e i̯ s t y ø̯ e l i n	50
yhteistyöprojekti	y h t e i̯ s t y ø̯ p r o j e k t i	25
yhteistyövaltuuskunta	y h t e i̯ s t y ø̯ ʋ ɑ l t uː s k u n t ɑ	7
yhteisvastuisesti	y h t e i̯ s ʋ ɑ s t u i̯ s e s t iˣ	0
yhteisvoimin	y h t e i̯ s ʋ o i̯ m i n	29
yhteisömerkki	y h t e i̯ s ø m e r kː i	1
yhteisömuoto	y h t e i̯ s ø m u o̯ t o	1
yhteisösijoittaja	y h t e i̯ s ø s i j o i̯ tː ɑ j ɑ	0
yhteisötaide	y h t e i̯ s ø t ɑ i̯ d eˣ	0
yhteisötalous	y h t e i̯ s ø t ɑ l o u s	0
yhtenäisesti	y h t e n æ i̯ s e s t iˣ	21
yhtenäiskoulu	y h t e n æ i̯ s k o u̯ l u	2
yhtenäispatentti	y h t e n æ i̯ s p ɑ t e n tː i	0
yhtenäistäminen	y h t e n æ i̯ s t æ m i n e n	15
yhteysalus	y h t e y s ɑ l u s	3
yhteyshauta	y h t e y s h ɑ u̯ t ɑ	0
yhteyspiste	y h t e y s p i s t eˣ	2
yhteytyä	y h t e y t y æˣ	0
yhtiö	y h t i ø	889
yhtiöittäminen	y h t i ø i̯ tː æ m i n e n	10
yhtiösopimus	y h t i ø s o p i m u s	2
yhtye	y h t y eˣ	284
yhtä	y h t æ	3589
yhtäaikaisesti	y h t æ ɑ i̯ k ɑ i̯ s e s t iˣ	35
yhtäjatkuva	y h t æ j ɑ t k u ʋ ɑ	0
yhtäkkisesti	y h t æ kː i s e s t iˣ	4
yhtäläinen	y h t æ l æ i̯ n e n	29
yhtälöpari	y h t æ l ø p ɑ r i	6
yhtälöryhmä	y h t æ l ø r y h m æ	1
yhtämahtava	y h t æ m ɑ h t ɑ ʋ ɑ	0
yhtämittaisesti	y h t æ m i tː ɑ i̯ s e s t iˣ	4
yhtäpitämätön	y h t æ p i t æ m æ t ø n	0
yhtäpitävyys	y h t æ p i t æ ʋ yː s	1
yhtäpitävästi	y h t æ p i t æ ʋ æ s t iˣ	6
yhtäsuuruus	y h t æ s uː r uː s	2
yhtäänne	y h t æː nː eˣ	0
yhä	y h æ	3038
yk	yː k oː	80
ykkösalkio	y kː ø s ɑ l k i o	1
ykköskanava	y kː ø s k ɑ n ɑ ʋ ɑ	0
ykkösmaito	y kː ø s m ɑ i̯ t o	0
ykkösolut	y kː ø s o l u t	0
yksi	y k s i	8186
yksihuippuinen	y k s i h u i̯ pː u i̯ n e n	0
yksikköalkio	y k s i kː ø ɑ l k i o	0
yksikköaskelfunktio	y k s i kː ø ɑ s k e l f u ŋ k t i o	0
yksikköhinta	y k s i kː ø h i n t ɑ	18
yksikköjuuri	y k s i kː ø j uː r i	0
yksikkökiekko	y k s i kː ø k i e̯ kː o	0
yksikkökustannus	y k s i kː ø k u s t ɑ nː u s	1
yksikkökuutio	y k s i kː ø k uː t i o	0
yksikköneliö	y k s i kː ø n e l i ø	2
yksikkönormaalivektori	y k s i kː ø n o r m ɑː l i ʋ e k t o r i	0
yksikkötangenttivektori	y k s i kː ø t ɑ ŋː e n tː i ʋ e k t o r i	0
yksikkötestaus	y k s i kː ø t e s t ɑ u s	0
yksikköväli	y k s i kː ø ʋ æ l i	0
yksikköympyrä	y k s i kː ø y m p y r æ	0
yksikotiset	y k s i k o t i s e t	0
yksikseen	y k s i k s eː n	10
yksikäsitteisyys	y k s i k æ s i tː e i̯ s yː s	0
yksiköittäin	y k s i k ø i̯ tː æ i̯ n	6
yksilöintitieto	y k s i l ø i̯ n t i t i e̯ t o	0
yksilöittäin	y k s i l ø i̯ tː æ i̯ n	4
yksilöityminen	y k s i l ø i̯ t y m i n e n	3
yksilökohtaisesti	y k s i l ø k o h t ɑ i̯ s e s t iˣ	7
yksilöllistyminen	y k s i l ø lː i s t y m i n e n	6
yksilöllistäminen	y k s i l ø lː i s t æ m i n e n	1
yksin	y k s i n	1360
yksinkertainen	y k s i n k e r t ɑ i̯ n e n	390
yksinomaisesti	y k s i n o m ɑ i̯ s e s t iˣ	2
yksinvaltaisesti	y k s i n ʋ ɑ l t ɑ i̯ s e s t iˣ	4
yksinvaltiaasti	y k s i n ʋ ɑ l t i ɑː s t iˣ	0
yksinvaltias	y k s i n ʋ ɑ l t i ɑ s	2
yksinäin	y k s i n æ i̯ n	0
yksinäisriihi	y k s i n æ i̯ s r iː h i	0
yksinäistalous	y k s i n æ i̯ s t ɑ l o u s	0
yksinäisyys	y k s i n æ i̯ s yː s	32
yksioikoisesti	y k s i o i̯ k o i̯ s e s t iˣ	8
yksipuolisesti	y k s i p u o̯ l i s e s t iˣ	49
yksisarvinen	y k s i s ɑ r ʋ i n e n	1
yksisilmäisesti	y k s i s i l m æ i̯ s e s t iˣ	3
yksitoikkoisesti	y k s i t o i̯ kː o i̯ s e s t iˣ	0
yksitoista	y k s i t o i̯ s t ɑ	53
yksittäinen	y k s i tː æ i̯ n e n	263
yksittäisesti	y k s i tː æ i̯ s e s t iˣ	2
yksittäistyydyttymätön	y k s i tː æ i̯ s t yː d y tː y m æ t ø n	0
yksitupainen	y k s i t u p ɑ i̯ n e n	0
yksituumaisesti	y k s i t uː m ɑ i̯ s e s t iˣ	5
yksityinen	y k s i t y i̯ n e n	309
yksityisalue	y k s i t y i̯ s ɑ l u eˣ	0
yksityisarkisto	y k s i t y i̯ s ɑ r k i s t o	2
yksityisasiakas	y k s i t y i̯ s ɑ s i ɑ k ɑ s	3
yksityisasunto	y k s i t y i̯ s ɑ s u n t o	0
yksityiskirjasto	y k s i t y i̯ s k i r j ɑ s t o	0
yksityiskokoelma	y k s i t y i̯ s k o k o e l m ɑ	1
yksityiskone	y k s i t y i̯ s k o n eˣ	0
yksityiskäyttö	y k s i t y i̯ s k æ y̯ tː ø	0
yksityisolot	y k s i t y i̯ s o l o t	0
yksityisopettaja	y k s i t y i̯ s o p e tː ɑ j ɑ	0
yksityissairaala	y k s i t y i̯ s s ɑ i̯ r ɑː l ɑ	0
yksityistalous	y k s i t y i̯ s t ɑ l o u s	0
yksityistila	y k s i t y i̯ s t i l ɑ	0
yksityistyminen	y k s i t y i̯ s t y m i n e n	0
yksityisyyskäytäntö	y k s i t y i̯ s yː s k æ y̯ t æ n t ø	0
yksivakaisesti	y k s i ʋ ɑ k ɑ i̯ s e s t iˣ	0
yksivartinen	y k s i ʋ ɑ r t i n e n	0
yksiviivaisesti	y k s i ʋ iː ʋ ɑ i̯ s e s t iˣ	1
yksiö	y k s i ø	23
yksöissidos	y k s ø i̯ s s i d o s	0
yksöisvee	y k s ø i̯ s ʋ eː	0
yleisaika	y l e i̯ s ɑ i̯ k ɑ	2
yleisesikunta	y l e i̯ s e s i k u n t ɑ	2
yleisesikuntaeversti	y l e i̯ s e s i k u n t ɑ e ʋ e r s t i	0
yleisestävyys	y l e i̯ s e s t æ ʋ yː s	0
yleiskartta	y l e i̯ s k ɑ r tː ɑ	4
yleiskone	y l e i̯ s k o n eˣ	3
yleiskuvio	y l e i̯ s k u ʋ i o	0
yleisliima	y l e i̯ s l iː m ɑ	1
yleislähetys	y l e i̯ s l æ h e t y s	0
yleislääkäri	y l e i̯ s l æː k æ r i	12
yleismaailmallisesti	y l e i̯ s m ɑː i l m ɑ lː i s e s t iˣ	6
yleismies	y l e i̯ s m i e̯ s	3
yleismittari	y l e i̯ s m i tː ɑ r i	1
yleisnimi	y l e i̯ s n i m i	4
yleisopinnot	y l e i̯ s o p i nː o t	10
yleispätevästi	y l e i̯ s p æ t e ʋ æ s t iˣ	3
yleisradioasema	y l e i̯ s r ɑ d i o ɑ s e m ɑ	0
yleissilmäyskartta	y l e i̯ s s i l m æ y s k ɑ r tː ɑ	0
yleissivistys	y l e i̯ s s i ʋ i s t y s	20
yleistyminen	y l e i̯ s t y m i n e n	73
yleistäminen	y l e i̯ s t æ m i n e n	2
yleisurheilija	y l e i̯ s u r h e i̯ l i j ɑ	0
yleisurheilu	y l e i̯ s u r h e i̯ l u	27
yleisurheilukisa	y l e i̯ s u r h e i̯ l u k i s ɑ	0
yleisökato	y l e i̯ s ø k ɑ t o	0
yleisötila	y l e i̯ s ø t i l ɑ	0
ylellisesti	y l e lː i s e s t iˣ	2
ylemmyydentunne	y l e mː yː d e n t u nː eˣ	1
ylemmä	y l e mː æ	1
ylemmäksi	y l e mː æ k s i	26
ylemmäs	y l e mː æ s	26
ylempää	y l e m p æː	37
ylen	y l e n	101
yleneminen	y l e n e m i n e n	1
ylenkatseellisesti	y l e n k ɑ t s eː lː i s e s t iˣ	0
ylennysmerkki	y l e nː y s m e r kː i	0
ylentää	y l e n t æːˣ	4
ylermi	y l e r m i	2
ylettyville	y l e tː y ʋ i lː eˣ	0
ylettyvillä	y l e tː y ʋ i lː æ	0
ylettyviltä	y l e tː y ʋ i l t æ	0
yletä	y l e t æˣ	2
ylhäisesti	y l h æ i̯ s e s t iˣ	0
yli	y l i	8726
yliagronomi	y l i ɑ ɡ r o n o m i	0
yliajo	y l i ɑ j o	0
yliampua	y l i ɑ m p u ɑˣ	0
yliampuva	y l i ɑ m p u ʋ ɑ	0
yliampuvasti	y l i ɑ m p u ʋ ɑ s t iˣ	1
yliampuvuus	y l i ɑ m p u ʋ uː s	0
yliarkkitehti	y l i ɑ r kː i t e h t i	3
yliarvioida	y l i ɑ r ʋ i o i̯ d ɑˣ	4
yliedustus	y l i e d u s t u s	1
yliherkkyys	y l i h e r kː yː s	7
yliherkkä	y l i h e r kː æ	4
ylijumala	y l i j u m ɑ l ɑ	2
ylikamreeri	y l i k ɑ m r eː r i	0
ylikulkusilta	y l i k u l k u s i l t ɑ	5
ylikyllästeinen	y l i k y lː æ s t e i̯ n e n	0
yliladata	y l i l ɑ d ɑ t ɑˣ	0
yliluokka	y l i l u o̯ kː ɑ	1
yliluonnollisuus	y l i l u o̯ nː o lː i s uː s	0
ylimaallisesti	y l i m ɑː lː i s e s t iˣ	0
ylimalkaan	y l i m ɑ l k ɑː n	28
ylimalkaisesti	y l i m ɑ l k ɑ i̯ s e s t iˣ	7
ylimerkintä	y l i m e r k i n t æ	2
ylimetsänhoitaja	y l i m e t s æ n h o i̯ t ɑ j ɑ	4
ylimmilleen	y l i mː i lː eː n	0
ylimmillään	y l i mː i lː æː n	6
ylimmä	y l i mː æ	0
ylimmäinen	y l i mː æ i̯ n e n	13
ylimmäksi	y l i mː æ k s i	9
ylimmäs	y l i mː æ s	0
ylimpänä	y l i m p æ n æ	37
ylimuistoisesti	y l i m u i̯ s t o i̯ s e s t iˣ	1
ylimyksellisesti	y l i m y k s e lː i s e s t iˣ	0
ylimystö	y l i m y s t ø	1
ylinen	y l i n e n	27
ylinopeus	y l i n o p e u s	3
ylinopeussakko	y l i n o p e u s s ɑ kː o	0
ylinouseva	y l i n o u̯ s e ʋ ɑ	0
yliolkaisesti	y l i o l k ɑ i̯ s e s t iˣ	2
yliopistokoulutus	y l i o p i s t o k o u̯ l u t u s	2
yliopistonopettaja	y l i o p i s t o n o p e tː ɑ j ɑ	1
ylioppilasaine	y l i o pː i l ɑ s ɑ i̯ n eˣ	1
ylioppilasjuhla	y l i o pː i l ɑ s j u h l ɑ	0
ylioppilaskirjoitukset	y l i o pː i l ɑ s k i r j o i̯ t u k s e t	19
ylioppilaskoe	y l i o pː i l ɑ s k o eˣ	7
ylioppilaslyyra	y l i o pː i l ɑ s l yː r ɑ	0
ylipaine	y l i p ɑ i̯ n eˣ	6
ylipainos	y l i p ɑ i̯ n o s	1
ylipitkä	y l i p i t k æ	7
ylipormestari	y l i p o r m e s t ɑ r i	7
ylipuhua	y l i p u h u ɑˣ	2
ylipursimies	y l i p u r s i m i e̯ s	0
ylipäällikkö	y l i p æː lː i kː ø	12
ylipäästösuodatin	y l i p æː s t ø s u o̯ d ɑ t i n	0
ylirakennusmestari	y l i r ɑ k e nː u s m e s t ɑ r i	1
yliravitsemus	y l i r ɑ ʋ i t s e m u s	0
ylisana	y l i s ɑ n ɑ	0
ylisosiaalineuvos	y l i s o s i ɑː l i n e u̯ ʋ o s	0
ylispuu	y l i s p uː	0
ylistys	y l i s t y s	23
ylistää	y l i s t æːˣ	26
ylisummaan	y l i s u mː ɑː n	1
ylitalo	y l i t ɑ l o	41
ylitornio	y l i t o r n i o	6
ylitorniolainen	y l i t o r n i o l ɑ i̯ n e n	0
ylittyä	y l i tː y æˣ	14
ylittäminen	y l i tː æ m i n e n	32
ylittää	y l i tː æːˣ	555
ylituotanto	y l i t u o̯ t ɑ n t o	4
ylitysaika	y l i t y s ɑ i̯ k ɑ	0
ylityskohta	y l i t y s k o h t ɑ	1
ylityskulma	y l i t y s k u l m ɑ	0
ylityö	y l i t y ø̯	8
ylityöntö	y l i t y ø̯ n t ø	0
ylityöpalkka	y l i t y ø̯ p ɑ l kː ɑ	0
ylityötunti	y l i t y ø̯ t u n t i	0
ylivieska	y l i ʋ i e̯ s k ɑ	17
ylivieskalainen	y l i ʋ i e̯ s k ɑ l ɑ i̯ n e n	0
ylivoimamaali	y l i ʋ o i̯ m ɑ m ɑː l i	5
ylivuoto	y l i ʋ u o̯ t o	3
ylle	y lː eˣ	62
ylleen	y lː eː n	16
ylleviivata	y lː eˣ ʋ iː ʋ ɑ t ɑˣ	0
ylleviivaus	y lː eˣ ʋ iː ʋ ɑ u s	0
yllyttäminen	y lː y tː æ m i n e n	0
yllä	y lː æ	909
ylläkkö	y lː æ kː ø	0
ylläpidettävyys	y lː æ p i d e tː æ ʋ yː s	4
ylläpitokustannukset	y lː æ p i t o k u s t ɑ nː u k s e t	20
ylläpitäjä	y lː æ p i t æ j æ	72
ylläpitää	y lː æ p i t æːˣ	583
ylläri	y lː æ r i	2
yllättyä	y lː æ tː y æˣ	7
yllättävästi	y lː æ tː æ ʋ æ s t iˣ	20
yllättää	y lː æ tː æːˣ	72
yllätyksellisesti	y lː æ t y k s e lː i s e s t iˣ	0
yllätys	y lː æ t y s	185
yllätyshaastaja	y lː æ t y s h ɑː s t ɑ j ɑ	0
yllätysvierailu	y lː æ t y s ʋ i e̯ r ɑ i̯ l u	1
ylpeä	y l p e æ	71
yltiöpäisesti	y l t i ø p æ i̯ s e s t iˣ	0
yltyminen	y l t y m i n e n	0
yltyä	y l t y æˣ	1
yltä	y l t æ	7
yltä	y l t æˣ	7
yltäkylläisesti	y l t æ k y lː æ i̯ s e s t iˣ	1
yltää	y l t æːˣ	79
ylväästi	y l ʋ æː s t iˣ	6
ylähuuli	y l æ h uː l i	1
yläikäraja	y l æ i k æ r ɑ j ɑ	4
yläilma	y l æ i l m ɑ	1
yläilmakehä	y l æ i l m ɑ k e h æ	0
yläindeksi	y l æ i n d e k s i	0
yläjyrsin	y l æ j y r s i n	0
yläjärvi	y l æ j æ r ʋ i	2
yläkanava	y l æ k ɑ n ɑ ʋ ɑ	0
yläkansakoulu	y l æ k ɑ n s ɑ k o u̯ l u	2
yläkantissa	y l æ k ɑ n t i sː ɑ	0
yläkanttiin	y l æ k ɑ n tː iː n	9
yläkate	y l æ k ɑ t eˣ	0
yläkolmiomatriisi	y l æ k o l m i o m ɑ t r iː s i	2
yläkoulu	y l æ k o u̯ l u	2
yläkunta	y l æ k u n t ɑ	0
yläkuu	y l æ k uː	0
yläkvartiili	y l æ k ʋ ɑ r t iː l i	2
ylälaita	y l æ	0
yläleukahermo	y l æ l e u̯ k ɑ h e r m o	0
ylälinja	y l æ l i n j ɑ	8
ylämummo	y l æ m u mː o	0
ylämäki	y l æ m æ k i	7
ylänkömaa	y l æ ŋ k ø m ɑː	0
ylänuoli	y l æ n u o̯ l i	0
yläosa	y l æ o s ɑ	31
yläpaarre	y l æ p ɑː rː eˣ	0
yläpaine	y l æ p ɑ i̯ n eˣ	0
yläpaula	y l æ p ɑ u̯ l ɑ	0
yläpidennys	y l æ p i d e nː y s	0
yläpilvi	y l æ p i l ʋ i	0
yläpohja	y l æ p o h j ɑ	3
yläportti	y l æ p o r tː i	0
yläpää	y l æ p æː	3
yläraaja	y l æ r ɑː j ɑ	1
yläreuna	y l æ r e u n ɑ	9
ylärima	y l æ r i m ɑ	1
yläsalama	y l æ s ɑ l ɑ m ɑ	0
yläsiipi	y l æ s iː p i	0
yläsävel	y l æ s æ ʋ e l	0
ylätaso	y l æ t ɑ s o	0
ylätasokone	y l æ t ɑ s o k o n eˣ	0
ylätie	y l æ t i e̯	0
ylätunniste	y l æ t u nː i s t eˣ	2
ylävireinen	y l æ ʋ i r e i̯ n e n	0
ylävirta	y l æ ʋ i r t ɑ	0
ylöjärveläinen	y l ø j æ r ʋ e l æ i̯ n e n	1
ylöjärvi	y l ø j æ r ʋ i	26
ylöspito	y l ø s p i t o	0
ylössuin	y l ø s s u i̯ n	1
ylöstempaus	y l ø s t e m p ɑ u s	0
ylösvetovastus	y l ø s ʋ e t o ʋ ɑ s t u s	0
ymmälle	y mː æ lː eˣ	5
ymmälleen	y mː æ lː eː n	2
ymmällä	y mː æ lː æ	5
ymmällään	y mː æ lː æː n	10
ymmärrys	y mː æ rː y s	77
ymmärtämättömästi	y mː æ r t æ m æ tː ø m æ s t iˣ	0
ymmärtäväisesti	y mː æ r t æ ʋ æ i̯ s e s t iˣ	2
ymmärtävästi	y mː æ r t æ ʋ æ s t iˣ	4
ymmärtää	y mː æ r t æːˣ	1141
ympyrä	y m p y r æ	44
ympyräkartio	y m p y r æ k ɑ r t i o	1
ympyrälieriö	y m p y r æ l i e̯ r i ø	0
ympyrärengas	y m p y r æ r e ŋː ɑ s	0
ympyräsuinen	y m p y r æ s u i̯ n e n	0
ympyröinti	y m p y r ø i̯ n t i	0
ympäri	y m p æ r i	1431
ympärille	y m p æ r i lː eˣ	492
ympärillä	y m p æ r i lː æ	466
ympäriltä	y m p æ r i l t æ	49
ympäripiirretty	y m p æ r i p iː rː e tː y	0
ympäripyöreästi	y m p æ r i p y ø r e æ s t iˣ	0
ympäristö	y m p æ r i s t ø	619
ympäristöaktivisti	y m p æ r i s t ø ɑ k t i ʋ i s t i	0
ympäristöalue	y m p æ r i s t ø ɑ l u eˣ	1
ympäristöhaitta	y m p æ r i s t ø h ɑ i̯ tː ɑ	2
ympäristöhallinto	y m p æ r i s t ø h ɑ lː i n t o	22
ympäristöhanke	y m p æ r i s t ø h ɑ ŋ k eˣ	1
ympäristöherkkyys	y m p æ r i s t ø h e r kː yː s	0
ympäristöhuolto	y m p æ r i s t ø h u o̯ l t o	5
ympäristökanta	y m p æ r i s t ø k ɑ n t ɑ	0
ympäristökasvatus	y m p æ r i s t ø k ɑ s ʋ ɑ t u s	30
ympäristökatastrofi	y m p æ r i s t ø k ɑ t ɑ s t r o f i	2
ympäristökemia	y m p æ r i s t ø k e m i ɑ	4
ympäristöliike	y m p æ r i s t ø l iː k eˣ	9
ympäristölupa	y m p æ r i s t ø l u p ɑ	40
ympäristömelu	y m p æ r i s t ø m e l u	2
ympäristömerkki	y m p æ r i s t ø m e r kː i	6
ympäristömyrkky	y m p æ r i s t ø m y r kː y	0
ympäristöneuvoja	y m p æ r i s t ø n e u̯ ʋ o j ɑ	1
ympäristöneuvos	y m p æ r i s t ø n e u̯ ʋ o s	2
ympäristönhoitaja	y m p æ r i s t ø n h o i̯ t ɑ j ɑ	0
ympäristönhoito	y m p æ r i s t ø n h o i̯ t o	14
ympäristönsuojelu	y m p æ r i s t ø n s u o̯ j e l u	55
ympäristönsuojelulaki	y m p æ r i s t ø n s u o̯ j e l u l ɑ k i	16
ympäristönvaihdos	y m p æ r i s t ø n ʋ ɑ i̯ h d o s	1
ympäristönvalvonta	y m p æ r i s t ø n ʋ ɑ l ʋ o n t ɑ	0
ympäristöohjelma	y m p æ r i s t ø o h j e l m ɑ	33
ympäristöoikeus	y m p æ r i s t ø o i̯ k e u s	4
ympäristöoppi	y m p æ r i s t ø o pː i	2
ympäristöpolitiikka	y m p æ r i s t ø p o l i t iː kː ɑ	25
ympäristöpsykologi	y m p æ r i s t ø p s y k o l o ɡ i	0
ympäristöpsykologia	y m p æ r i s t ø p s y k o l o ɡ i ɑ	0
ympäristörikos	y m p æ r i s t ø r i k o s	0
ympäristösihteeri	y m p æ r i s t ø s i h t eː r i	30
ympäristösodankäynti	y m p æ r i s t ø s o d ɑ n k æ y̯ n t i	0
ympäristösosiologi	y m p æ r i s t ø s o s i o l o ɡ i	0
ympäristösosiologia	y m p æ r i s t ø s o s i o l o ɡ i ɑ	1
ympäristösuojelu	y m p æ r i s t ø s u o̯ j e l u	0
ympäristösuunnittelu	y m p æ r i s t ø s uː nː i tː e l u	4
ympäristötaide	y m p æ r i s t ø t ɑ i̯ d eˣ	4
ympäristötehokkuus	y m p æ r i s t ø t e h o kː uː s	0
ympäristötekijä	y m p æ r i s t ø t e k i j æ	1
ympäristötekniikka	y m p æ r i s t ø t e k n iː kː ɑ	12
ympäristöterveydenhuolto	y m p æ r i s t ø t e r ʋ e y d e n h u o̯ l t o	12
ympäristötuho	y m p æ r i s t ø t u h o	0
ympäristötutkimus	y m p æ r i s t ø t u t k i m u s	7
ympäristövahinko	y m p æ r i s t ø ʋ ɑ h i ŋ k o	0
ympäristövaliokunta	y m p æ r i s t ø ʋ ɑ l i o k u n t ɑ	3
ympäristövalokuvaus	y m p æ r i s t ø ʋ ɑ l o k u ʋ ɑ u s	0
ympäristövero	y m p æ r i s t ø ʋ e r o	3
ympäröidä	y m p æ r ø i̯ d æˣ	3
ympäröiminen	y m p æ r ø i̯ m i n e n	0
yniseminen	y n i s e m i n e n	0
ynnä	y nː æ	105
ynnääminen	y nː æː m i n e n	0
ynähtäminen	y n æ h t æ m i n e n	0
ypsilon	y p s i l o n	3
ypäjä	y p æ j æ	6
ypäjäläinen	y p æ j æ l æ i̯ n e n	1
yrite	y r i t eˣ	0
yritteliäästi	y r i tː e l i æː s t iˣ	5
yrittäjyys	y r i tː æ j yː s	110
yrittäjä	y r i tː æ j æ	236
yrittäjähenkinen	y r i tː æ j æ h e ŋ k i n e n	4
yrittäjäjärjestö	y r i tː æ j æ j æ r j e s t ø	3
yrittäjäneuvos	y r i tː æ j æ n e u̯ ʋ o s	1
yrittäjänpalkka	y r i tː æ j æ n p ɑ l kː ɑ	0
yrittäjäpalkka	y r i tː æ j æ p ɑ l kː ɑ	0
yrittää	y r i tː æːˣ	770
yritys	y r i t y s	1568
yritysasiakas	y r i t y s ɑ s i ɑ k ɑ s	1
yrityskiinnitys	y r i t y s k iː nː i t y s	0
yritysmuoto	y r i t y s m u o̯ t o	6
yritysneuvosto	y r i t y s n e u̯ ʋ o s t o	0
yrityspankki	y r i t y s p ɑ ŋ kː i	4
yrityssaneeraus	y r i t y s s ɑ n eː r ɑ u s	7
yrityssaneerausohjelma	y r i t y s s ɑ n eː r ɑ u s o h j e l m ɑ	0
yritystalous	y r i t y s t ɑ l o u s	4
yrjänä	y r j æ n æ	39
yrjö	y r j ø	308
yrjölä	y r j ø l æ	20
yrjönristi	y r j ø n r i s t i	0
yrjötä	y r j ø t æˣ	0
yrjöäminen	y r j ø æ m i n e n	1
yrmeästi	y r m e æ s t iˣ	0
yrtti	y r tː i	9
yrttisuola	y r tː i s u o̯ l ɑ	0
ysipallo	y s i p ɑ lː o	0
yskä	y s k æ	30
yskös	y s k ø s	4
ystäviäni	y s t æ ʋ i æ n i	12
ystävystyminen	y s t æ ʋ y s t y m i n e n	2
ystävä	y s t æ ʋ æ	158
ystävämme	y s t æ ʋ æ mː e	35
ystäväni	y s t æ ʋ æ n i	93
ystävänne	y s t æ ʋ æ nː e	3
ystävänpäivä	y s t æ ʋ æ n p æ i̯ ʋ æ	2
ystävänpäiväkortti	y s t æ ʋ æ n p æ i̯ ʋ æ k o r tː i	1
ystävänsä	y s t æ ʋ æ n s æ	82
ystäväsi	y s t æ ʋ æ s i	43
ytimekäs	y t i m e k æ s	15
ytterbium	y tː e r b i u m	0
yttrium	y tː r i u m	0
yty	y t y	23
yy	yː	4
yäk	y æ k	4
yö	y ø	206
yöaika	y ø ɑ i̯ k ɑ	3
yöeläin	y ø e l ɑ i̯ n	3
yöhyt	y ø h y t	0
yöilma	y ø i l m ɑ	0
yöjalka	y ø j ɑ l k ɑ	1
yök	y ø k	1
yökausi	y ø k ɑ u̯ s i	0
yökkääminen	y ø kː æː m i n e n	0
yökkönen	y ø kː ø n e n	0
yökylä	y ø k y l æ	0
yököttäminen	y ø k ø tː æ m i n e n	0
yöllinen	y ø lː i n e n	3
yölämpötila	y ø l æ m p ø t i l ɑ	4
yömyssy	y ø m y sː y	1
yöpakkanen	y ø p ɑ kː ɑ n e n	2
yöpala	y ø p ɑ l ɑ	0
yöperhonen	y ø p e r h o n e n	1
yöpetolintu	y ø p e t o l i n t u	0
yöpilvi	y ø p i l ʋ i	0
yöpuku	y ø p u k u	0
yöpukusillaan	y ø p u k u s i lː ɑː n	0
yöpukusilleen	y ø p u k u s i lː eː n	0
yöpuu	y ø p uː	0
yöpyä	y ø p y æˣ	40
yörauha	y ø r ɑ u̯ h ɑ	1
yösydän	y ø s y d æ n	0
yösähkö	y ø s æ h k ø	1
yöt	y ø t	43
yötyö	y ø t y ø̯	4
yövieras	y ø ʋ i e̯ r ɑ s	0
yövoide	y ø ʋ o i̯ d eˣ	4
zeaksantiini	t s e ɑ k s ɑ n t iː n i	0
zeeta	t s eː t ɑ	0
zeetafunktio	t s eː t ɑ f u ŋ k t i o	0
zenerdiodi	t s e n e r d i o d i	0
zeniittisade	t s e n iː tː i s ɑ d eˣ	0
zeppeliini	t s e pː e l iː n i	0
zeta	t s e t ɑ	1
zombi	t s o m b i	0
zoomi	t s uː m i	1
zoonoosi	t s oː n oː s i	0
äes	æ e s	1
äestäminen	æ e s t æ m i n e n	0
äestää	æ e s t æːˣ	0
äf	æ f	0
äffä	æ fː æ	0
äheltäminen	æ h e l t æ m i n e n	0
ähkiä	æ h k i æˣ	1
ähkyminen	æ h k y m i n e n	1
ähkäistä	æ h k æ i̯ s t æˣ	1
ähtäri	æ h t æ r i	15
ähtäriläinen	æ h t æ r i l æ i̯ n e n	1
äidinisä	æ i̯ d i n i s æ	0
äiditön	æ i̯ d i t ø n	1
äijä	æ i̯ jː æ	54
äijäenergia	æ i̯ j æ e n e r ɡ i ɑ	0
äikkä	æ i̯ kː æ	4
äimistyminen	æ i̯ m i s t y m i n e n	0
äimä	æ i̯ m æ	1
äimäsara	æ i̯ m æ s ɑ r ɑ	0
äiree	æ i̯ r eː	0
äitee	æ i̯ t eː	1
äiti	æ i̯ t i	812
äitijumala	æ i̯ t i j u m ɑ l ɑ	1
äitiys	æ i̯ t i y s	21
äityminen	æ i̯ t y m i n e n	0
äityä	æ i̯ t y æˣ	1
äkeä	æ k e æ	1
äkikseltä	æ k i k s e l t æ	0
äkimmin	æ k i mː i n	0
äkimmiten	æ k i mː i t e n	0
äkkiarvaamatta	æ kː i ɑ r ʋ ɑː m ɑ tː ɑ	2
äkkijarrutus	æ kː i j ɑ rː u t u s	0
äkkipäätä	æ kː i p æː t æ	2
äkkirikas	æ kː i r i k ɑ s	0
äkkiseltä	æ kː i s e l t æ	0
äkkiseltään	æ kː i s e l t æː n	15
äkkiä	æ kː i æ	135
äkkääminen	æ kː æː m i n e n	0
äks	æ k s	0
äksyileminen	æ k s y i̯ l e m i n e n	0
äksä	æ k s æ	1
äkämyksissään	æ k æ m y k s i sː æː n	0
äkämystyminen	æ k æ m y s t y m i n e n	0
äkämä	æ k æ m æ	0
äkääntyminen	æ k æː n t y m i n e n	0
äl	æ l	0
älkää	æ l k æː	136
älkäämme	æ l k æː mː e	10
älkääni	æ l k æː n i	0
älköön	æ l k øː n	32
älkööt	æ l k øː t	1
ällillä	æ lː i lː æ	1
ällin	æ lː i n	0
ällistyksissään	æ lː i s t y k s i sː æː n	0
ällistyminen	æ lː i s t y m i n e n	0
ällistyttävä	æ lː i s t y tː æ ʋ æ	7
ällistyttää	æ lː i s t y tː æːˣ	1
ällistyä	æ lː i s t y æˣ	0
ällä	æ lː æ	1
ällös	æ lː ø s	1
ällötti	æ lː ø tː i	0
ällöttäminen	æ lː ø tː æ m i n e n	0
älykello	æ l y k e lː o	0
älykäs	æ l y k æ s	74
älylaite	æ l y l ɑ i̯ t eˣ	0
älyllistyminen	æ l y lː i s t y m i n e n	0
älymittari	æ l y m i tː ɑ r i	0
älyperäisesti	æ l y p e r æ i̯ s e s t iˣ	0
älytelevisio	æ l y t e l e ʋ i s i o	0
älyttäminen	æ l y tː æ m i n e n	0
älytä	æ l y t æˣ	2
älyverkko	æ l y ʋ e r kː o	0
älyäminen	æ l y æ m i n e n	0
älyämpäri	æ l y æ m p æ r i	0
älä	æ l æ	933
älä	æ l æˣ	933
älähtäminen	æ l æ h t æ m i n e n	0
älähtää	æ l æ h t æːˣ	3
älämölö	æ l æ m ø l ø	0
äm	æ m	2
ämmi	æ mː i	0
ämmä	æ mː æ	3
ämmänhillikka	æ mː æ n h i lː i kː ɑ	0
ämmänmarja	æ mː æ n m ɑ r j ɑ	0
än	æ n	7
ängetä	æ ŋː e t æˣ	0
änkeä	æ ŋ k e æˣ	2
änkyttäminen	æ ŋ k y tː æ m i n e n	0
änkyttää	æ ŋ k y tː æːˣ	0
ännä	æ nː æ	0
änäri	æ n æ r i	0
äpüli	æ p y l i	0
är	æ r	15
äreissään	æ r e i̯ sː æː n	0
äreä	æ r e æ	1
äreästi	æ r e æ s t iˣ	0
ärjyminen	æ r j y m i n e n	1
ärjyä	æ r j y æˣ	0
ärjähtäminen	æ r j æ h t æ m i n e n	0
ärryttäne	æ rː y tː æ n eˣ	0
ärrä	æ rː æ	1
ärräpää	æ rː æ p æː	0
ärrävika	æ rː æ ʋ i k ɑ	0
ärsyke	æ r s y k eˣ	12
ärsyttyminen	æ r s y tː y m i n e n	0
ärsyttäminen	æ r s y tː æ m i n e n	0
ärsyttää	æ r s y tː æːˣ	66
ärsyyntyminen	æ r s yː n t y m i n e n	2
ärtyminen	æ r t y m i n e n	4
ärtyä	æ r t y æˣ	2
ärähtäminen	æ r æ h t æ m i n e n	0
äs	æ s	0
äskeinen	æ s k e i̯ n e n	10
ässä	æ sː æ	14
ässänväärä	æ sː æ n ʋ æː r æ	0
ässävian	æ sː æ ʋ i ɑ n	0
ätäkki	æ t æ kː i	0
äveriöityminen	æ ʋ e r i ø i̯ t y m i n e n	0
äyri	æ y r i	1
äyrinmaa	æ y r i n m ɑː	0
äyrämöinen	æ y r æ m ø i̯ n e n	0
äyrämöismurteet	æ y r æ m ø i̯ s m u r t eː t	0
äyskäröidä	æ y s k æ r ø i̯ d æˣ	0
ää	æː	47
ääliö	æː l i ø	1
äänekkyystaso	æː n e kː yː s t ɑ s o	0
äänekoskelainen	æː n e k o s k e l ɑ i̯ n e n	0
äänekoski	æː n e k o s k i	14
ääneneristys	æː n e n e r i s t y s	0
äänenlaatu	æː n e n l ɑː t u	16
äänenmurros	æː n e n m u rː o s	0
äänenpakkaus	æː n e n p ɑ kː ɑ u s	0
äänenpitävä	æː n e n p i t æ ʋ æ	0
äänenpitävästi	æː n e n p i t æ ʋ æ s t iˣ	0
äänentoistolaite	æː n e n t o i̯ s t o l ɑ i̯ t eˣ	0
äänentunnistus	æː n e n t u nː i s t u s	0
äänenvaimentaja	æː n e n ʋ ɑ i̯ m e n t ɑ j ɑ	1
äänestys	æː n e s t y s	68
äänestysalue	æː n e s t y s ɑ l u eˣ	7
äänestysjärjestys	æː n e s t y s j æ r j e s t y s	3
äänestää	æː n e s t æː	131
äänestää	æː n e s t æːˣ	131
äänetön	æː n e t ø n	22
ääni	æː n i	556
äänialue	æː n i ɑ l u eˣ	0
ääniarkisto	æː n i ɑ r k i s t o	0
äänikasetti	æː n i k ɑ s e tː i	0
äänikirja	æː n i k i r j ɑ	1
äänikuningas	æː n i k u n i ŋː ɑ s	2
äänikuningatar	æː n i k u n i ŋː ɑ t ɑ r	1
äänilehti	æː n i l e h t i	1
ääninauhuri	æː n i n ɑ u̯ h u r i	0
ääninen	æː n i n e n	4
äänioikeus	æː n i o i̯ k e u s	35
äänipalkki	æː n i p ɑ l kː i	0
äänipeli	æː n i p e l i	0
äänipuhelu	æː n i p u h e l u	0
äänisuunnittelija	æː n i s uː nː i tː e l i j ɑ	3
ääniteho	æː n i t e h o	0
äänitehoste	æː n i t e h o s t eˣ	0
äänitehotaso	æː n i t e h o t ɑ s o	1
äänitekniikka	æː n i t e k n iː kː ɑ	0
äänitetty	æː n i t e tː y	19
äänitorvi	æː n i t o r ʋ i	5
äänittäminen	æː n i tː æ m i n e n	2
äänittää	æː n i tː æːˣ	17
äänitutka	æː n i t u t k ɑ	0
äänitystekniikka	æː n i t y s t e k n iː kː ɑ	1
äänivalli	æː n i ʋ ɑ lː i	5
äänivarat	æː n i ʋ ɑ r ɑ t	0
ääniviesti	æː n i ʋ i e̯ s t i	0
äänivyöry	æː n i ʋ y ø̯ r y	2
ääniväylä	æː n i ʋ æ y̯ l æ	0
äännekirjoitus	æː nː eˣ k i r j o i̯ t u s	0
äännelaki	æː nː eˣ l ɑ k i	1
äännellä	æː nː e lː æˣ	3
äänneopillinen	æː nː e o p i lː i n e n	0
äännähtäminen	æː nː æ h t æ m i n e n	0
äännös	æː nː ø s	0
äänteenmuutos	æː n t eː n m uː t o s	0
äänteleminen	æː n t e l e m i n e n	0
ääntenlaskija	æː n t e n l ɑ s k i j ɑ	0
ääntiö	æː n t i ø	0
ääntyminen	æː n t y m i n e n	0
ääntyä	æː n t y æˣ	1
ääntämistapa	æː n t æ m i s t ɑ p ɑ	0
ääntää	æː n t æːˣ	6
ääntöasu	æː n t ø ɑ s u	0
ääntöelin	æː n t ø e l i n	0
ääntöpaikka	æː n t ø p ɑ i̯ kː ɑ	0
ääntötapa	æː n t ø t ɑ p ɑ	0
ääreinen	æː r e i̯ n e n	0
ääreisnäkö	æː r e i̯ s n æ k ø	0
äärellisulotteinen	æː r e lː i s u l o tː e i̯ n e n	0
äärettömyyspiste	æː r e tː ø m yː s p i s t eˣ	0
äärettömyyssuora	æː r e tː ø m yː s s u o̯ r ɑ	0
ääretön	æː r e t ø n	33
ääri	æː r i	3
äärialue	æː r i ɑ l u eˣ	0
ääriarvokohta	æː r i ɑ r ʋ o k o h t ɑ	1
ääriarvopiste	æː r i ɑ r ʋ o p i s t eˣ	0
ääriasema	æː r i ɑ s e m ɑ	0
äärimmilleen	æː r i mː i lː eː n	39
äärimmillään	æː r i mː i lː æː n	6
ääriolot	æː r i o l o t	0
ääripiirteet	æː r i p iː r t eː t	0
åke	oː k e	24
åkermaniitti	oː k e r m ɑ n iː tː i	0
ångström	o ŋ s t r ø m	0
ödeema	ø d eː m ɑ	0
öinen	ø i̯ n e n	2
öisin	ø i̯ s i n	88
öky	ø k y	0
öliseminen	ø l i s e m i n e n	0
öljy	ø l j y	125
öljykuljetus	ø l j y k u l j e t u s	0
öljymarkkinat	ø l j y m ɑ r kː i n ɑ t	0
öljynimeytys	ø l j y n i m e y t y s	0
öljynporaus	ø l j y m p o r ɑ u s	2
öljynporauslautta	ø l j y n p o r ɑ u s l ɑ u̯ tː ɑ	0
öljynporaustorni	ø l j y m p o r ɑ u s t o r n i	0
öljyttyminen	ø l j y tː y m i n e n	0
öljytä	ø l j y t æˣ	5
öljyvoima	ø l j y ʋ o i̯ m ɑ	0
öljyyntyminen	ø l j yː n t y m i n e n	0
öljyäminen	ø l j y æ m i n e n	0
öriseminen	ø r i s e m i n e n	0
öristä	ø r i s t æˣ	0
örveltää	ø r ʋ e l t æːˣ	1
örvelö	ø r ʋ e l ø	0
örähtäminen	ø r æ h t æ m i n e n	0
ötökkä	ø t ø kː æ	3
öyhöttää	ø y h ø tː æːˣ	0
öykkäröidä	ø y kː æ r ø i̯ d æˣ	0
öykkäröiminen	ø y kː æ r ø i̯ m i n e n	0
öylätti	ø y l æ tː i	0
öö	øː	1
ööga	øː ɡ ɑ	0
šaahi	ʃ ɑː h i	0
šaali	ʃ ɑː l i	0
šaketti	ʃ ɑ k e tː i	0
šakkaus	ʃ ɑ kː ɑ u s	0
šakki	ʃ ɑ kː i	0
šakkikerho	ʃ ɑ kː i k e r h o	0
šakkimatti	ʃ ɑ kː i m ɑ tː i	0
šakkipeli	ʃ ɑ kː i p e l i	0
šakkiruutuinen	ʃ ɑ kː i r uː t u i̯ n e n	0
šakkitehtävä	ʃ ɑ kː i t e h t æ ʋ æ	0
šakkitermi	ʃ ɑ kː i t e r m i	0
šamaani	ʃ ɑ m ɑː n i	0
šamaanirumpu	ʃ ɑ m ɑː n i r u m p u	0
šamanismi	ʃ ɑ m ɑ n i s m i	0
šarmööri	ʃ ɑ r m øː r i	0
šeikki	ʃ e i̯ kː i	0
šekki	ʃ e kː i	0
šektaus	ʃ e k t ɑ u s	0
šelfi	ʃ e l f i	0
šiia	ʃ iː ɑ	0
šiialaisuus	ʃ iː ɑ l ɑ i̯ s uː s	0
šikaani	ʃ i k ɑː n i	0
šillinki	ʃ i lː i ŋ k i	0
šinto	ʃ i n t o	0
šintolainen	ʃ i n t o l ɑ i̯ n e n	0
širokko	ʃ i r o kː o	0
šuntti	ʃ u n tː i	0
’patafysiikka	p ɑ t ɑ f y s iː kː ɑ	0
